év;elmaradott régió-e;intézmény megyéje;vizsgázó évfolyama;vizsgázó képzési típusa;vizsgázó neme;vizsgázó képzési munkarendje;vizsgatárgy neve;vizsga szintje;vizsga fajtája;vizsgamentesség;vizsga nyelve;érdemjegy;össz százalék;össz pontszám;vizsgázó részvétele;szövegértés;érvelés vagy gyakorlati szövegalkotás;műértelmező szövegalkotás: tartalmi minőség;műértelmező szövegalkotás: nyelvi minőség;helyesírás;íráskép;írásbeli pontszám;tartalmi minőség - irodalom;tartalmi minőség - magyar nyelv;a kifejtés nyelvi minősége;szóbeli pontszám
2020;1;Bács-Kiskun;12;szakgimnázium/szakközépiskola (2016.09.01-től kifutó rendszerben);férfi;nappali;magyar nyelv és irodalom;közép;rendes;Nem;magyar;3;43;43;megjelent;26;5;7;4;0;1;43;-;-;-;-
2020;1;Bács-Kiskun;12;szakgimnázium/szakközépiskola (2016.09.01-től kifutó rendszerben);férfi;nappali;magyar nyelv és irodalom;közép;rendes;Igen;magyar;3;48;45;megjelent;28;4;9;3;0;1;45;-;-;-;-
2020;1;Bács-Kiskun;12;szakgimnázium/szakközépiskola (2016.09.01-től kifutó rendszerben);férfi;nappali;magyar nyelv és irodalom;közép;rendes;Nem;magyar;3;48;48;megjelent;27;5;9;5;0;2;48;-;-;-;-
2020;1;Bács-Kiskun;12;szakgimnázium/szakközépiskola (2016.09.01-től kifutó rendszerben);nő;nappali;magyar nyelv és irodalom;közép;rendes;Nem;magyar;3;53;53;megjelent;33;6;10;4;0;0;53;-;-;-;-
2020;1;Bács-Kiskun;12;szakgimnázium/szakközépiskola (2016.09.01-től kifutó rendszerben);nő;nappali;magyar nyelv és irodalom;közép;rendes;Nem;magyar;2;36;36;megjelent;23;3;6;3;0;1;36;-;-;-;-
2020;1;Bács-Kiskun;12;szakgimnázium/szakközépiskola (2016.09.01-től kifutó rendszerben);nő;nappali;magyar nyelv és irodalom;közép;rendes;Nem;magyar;3;40;40;megjelent;26;3;5;4;0;2;40;-;-;-;-
2020;1;Bács-Kiskun;12;szakgimnázium/szakközépiskola (2016.09.01-től kifutó rendszerben);férfi;nappali;magyar nyelv és irodalom;közép;rendes;Nem;magyar;2;38;38;megjelent;32;2;4;0;0;0;38;-;-;-;-
2020;1;Bács-Kiskun;12;szakgimnázium/szakközépiskola (2016.09.01-től kifutó rendszerben);nő;nappali;magyar nyelv és irodalom;közép;rendes;Nem;magyar;3;51;51;megjelent;30;2;11;6;0;2;51;-;-;-;-
2020;1;Bács-Kiskun;12;szakgimnázium/szakközépiskola (2016.09.01-től kifutó rendszerben);nő;nappali;magyar nyelv és irodalom;közép;rendes;Nem;magyar;3;40;40;megjelent;28;0;5;5;0;2;40;-;-;-;-
2020;1;Bács-Kiskun;12;szakgimnázium/szakközépiskola (2016.09.01-től kifutó rendszerben);nő;nappali;magyar nyelv és irodalom;közép;rendes;Igen;magyar;2;33;31;megjelent;17;3;11;0;0;0;31;-;-;-;-
2020;1;Bács-Kiskun;12;szakgimnázium/szakközépiskola (2016.09.01-től kifutó rendszerben);nő;nappali;magyar nyelv és irodalom;közép;rendes;Nem;magyar;2;25;38;megjelent;11;2;6;0;0;0;19;6;6;7;19
2020;1;Bács-Kiskun;12;szakgimnázium/szakközépiskola (2016.09.01-től kifutó rendszerben);nő;nappali;magyar nyelv és irodalom;közép;rendes;Nem;magyar;2;29;29;megjelent;15;2;7;3;0;2;29;-;-;-;-
2020;1;Bács-Kiskun;12;szakgimnázium/szakközépiskola (2016.09.01-től kifutó rendszerben);nő;nappali;magyar nyelv és irodalom;közép;rendes;Nem;magyar;2;38;38;megjelent;29;1;6;0;0;2;38;-;-;-;-
2020;1;Bács-Kiskun;12;szakgimnázium/szakközépiskola (2016.09.01-től kifutó rendszerben);férfi;nappali;magyar nyelv és irodalom;közép;rendes;Nem;magyar;3;50;50;megjelent;33;3;6;6;0;2;50;-;-;-;-
2020;1;Bács-Kiskun;12;szakgimnázium/szakközépiskola (2016.09.01-től kifutó rendszerben);nő;nappali;magyar nyelv és irodalom;közép;rendes;Nem;magyar;3;44;44;megjelent;28;3;9;4;0;0;44;-;-;-;-
2020;1;Bács-Kiskun;12;szakgimnázium/szakközépiskola (2016.09.01-től kifutó rendszerben);nő;nappali;magyar nyelv és irodalom;közép;rendes;Nem;magyar;2;38;38;megjelent;30;2;4;2;0;0;38;-;-;-;-
2020;1;Bács-Kiskun;12;szakgimnázium/szakközépiskola (2016.09.01-től kifutó rendszerben);férfi;nappali;magyar nyelv és irodalom;közép;rendes;Nem;magyar;5;96;96;megjelent;38;10;23;15;8;2;96;-;-;-;-
2020;1;Bács-Kiskun;12;szakgimnázium/szakközépiskola (2016.09.01-től kifutó rendszerben);nő;nappali;magyar nyelv és irodalom;közép;rendes;Nem;magyar;3;41;41;megjelent;27;0;7;5;0;2;41;-;-;-;-
2020;1;Bács-Kiskun;12;szakgimnázium/szakközépiskola (2016.09.01-től kifutó rendszerben);nő;nappali;magyar nyelv és irodalom;közép;rendes;Igen;magyar;2;25;23;megjelent;10;2;9;1;0;1;23;-;-;-;-
2020;1;Bács-Kiskun;12;szakgimnázium/szakközépiskola (2016.09.01-től kifutó rendszerben);nő;nappali;magyar nyelv és irodalom;közép;előrehozott;Nem;magyar;3;46;46;megjelent;29;5;8;3;0;1;46;-;-;-;-
2020;1;Bács-Kiskun;12;szakgimnázium/szakközépiskola (2016.09.01-től kifutó rendszerben);nő;nappali;magyar nyelv és irodalom;közép;rendes;Nem;magyar;2;39;39;megjelent;30;0;7;1;0;1;39;-;-;-;-
2020;1;Bács-Kiskun;12;szakgimnázium/szakközépiskola (2016.09.01-től kifutó rendszerben);nő;nappali;magyar nyelv és irodalom;közép;rendes;Nem;magyar;3;50;50;megjelent;30;5;10;5;0;0;50;-;-;-;-
2020;1;Bács-Kiskun;12;szakgimnázium/szakközépiskola (2016.09.01-től kifutó rendszerben);férfi;nappali;magyar nyelv és irodalom;közép;rendes;Igen;magyar;2;26;13;megjelent;-;-;-;-;-;-;-;5;4;4;13
2020;1;Bács-Kiskun;12;szakgimnázium/szakközépiskola (2016.09.01-től kifutó rendszerben);nő;nappali;magyar nyelv és irodalom;közép;rendes;Nem;magyar;3;49;49;megjelent;34;0;10;3;0;2;49;-;-;-;-
2020;1;Bács-Kiskun;12;szakgimnázium/szakközépiskola (2016.09.01-től kifutó rendszerben);nő;nappali;magyar nyelv és irodalom;közép;rendes;Nem;magyar;3;57;57;megjelent;35;5;11;4;0;2;57;-;-;-;-
2020;1;Bács-Kiskun;12;szakgimnázium/szakközépiskola (2016.09.01-től kifutó rendszerben);férfi;nappali;magyar nyelv és irodalom;közép;rendes;Nem;magyar;2;32;32;megjelent;26;1;3;0;0;2;32;-;-;-;-
2020;1;Bács-Kiskun;12;szakgimnázium/szakközépiskola (2016.09.01-től kifutó rendszerben);férfi;nappali;magyar nyelv és irodalom;közép;rendes;Nem;magyar;4;64;64;megjelent;30;7;17;9;0;1;64;-;-;-;-
2020;1;Bács-Kiskun;12;szakgimnázium/szakközépiskola (2016.09.01-től kifutó rendszerben);férfi;nappali;magyar nyelv és irodalom;közép;rendes;Igen;magyar;2;30;28;megjelent;15;4;4;3;0;2;28;-;-;-;-
2020;1;Bács-Kiskun;12;gimnázium;nő;nappali;magyar nyelv és irodalom;közép;rendes;Nem;magyar;5;85;85;megjelent;33;10;20;13;7;2;85;-;-;-;-
2020;1;Bács-Kiskun;12;gimnázium;férfi;nappali;magyar nyelv és irodalom;közép;rendes;Nem;magyar;4;60;60;megjelent;29;8;13;9;0;1;60;-;-;-;-
2020;1;Bács-Kiskun;12;szakgimnázium/szakközépiskola (2016.09.01-től kifutó rendszerben);nő;nappali;magyar nyelv és irodalom;közép;rendes;Nem;magyar;4;62;62;megjelent;31;6;15;9;0;1;62;-;-;-;-
2020;1;Bács-Kiskun;12;szakgimnázium/szakközépiskola (2016.09.01-től kifutó rendszerben);nő;nappali;magyar nyelv és irodalom;közép;rendes;Nem;magyar;4;61;61;megjelent;34;3;14;9;0;1;61;-;-;-;-
2020;1;Bács-Kiskun;12;szakgimnázium/szakközépiskola (2016.09.01-től kifutó rendszerben);nő;nappali;magyar nyelv és irodalom;közép;rendes;Nem;magyar;4;60;60;megjelent;27;8;7;8;8;2;60;-;-;-;-
2020;1;Bács-Kiskun;12;szakgimnázium/szakközépiskola (2016.09.01-től kifutó rendszerben);férfi;nappali;magyar nyelv és irodalom;közép;rendes;Nem;magyar;4;61;61;megjelent;34;10;7;9;0;1;61;-;-;-;-
2020;1;Bács-Kiskun;12;szakgimnázium/szakközépiskola (2016.09.01-től kifutó rendszerben);nő;nappali;magyar nyelv és irodalom;közép;rendes;Nem;magyar;4;75;75;megjelent;35;8;16;10;4;2;75;-;-;-;-
2020;1;Bács-Kiskun;12;szakgimnázium/szakközépiskola (2016.09.01-től kifutó rendszerben);nő;nappali;magyar nyelv és irodalom;közép;rendes;Nem;magyar;4;67;67;megjelent;33;6;11;9;7;1;67;-;-;-;-
2020;1;Bács-Kiskun;12;szakgimnázium/szakközépiskola (2016.09.01-től kifutó rendszerben);nő;nappali;magyar nyelv és irodalom;közép;rendes;Nem;magyar;3;57;57;megjelent;27;7;6;8;7;2;57;-;-;-;-
2020;1;Bács-Kiskun;12;szakgimnázium/szakközépiskola (2016.09.01-től kifutó rendszerben);nő;nappali;magyar nyelv és irodalom;közép;rendes;Nem;magyar;2;35;35;megjelent;22;3;3;2;4;1;35;-;-;-;-
2020;1;Bács-Kiskun;12;szakgimnázium/szakközépiskola (2016.09.01-től kifutó rendszerben);nő;nappali;magyar nyelv és irodalom;közép;rendes;Nem;magyar;3;52;52;megjelent;30;7;8;6;0;1;52;-;-;-;-
2020;1;Bács-Kiskun;12;szakgimnázium/szakközépiskola (2016.09.01-től kifutó rendszerben);nő;nappali;magyar nyelv és irodalom;közép;rendes;Igen;magyar;2;38;35;megjelent;24;3;5;2;0;1;35;-;-;-;-
2020;1;Bács-Kiskun;12;szakgimnázium/szakközépiskola (2016.09.01-től kifutó rendszerben);nő;nappali;magyar nyelv és irodalom;közép;rendes;Nem;magyar;3;52;52;megjelent;24;8;10;9;0;1;52;-;-;-;-
2020;1;Bács-Kiskun;12;szakgimnázium/szakközépiskola (2016.09.01-től kifutó rendszerben);nő;nappali;magyar nyelv és irodalom;közép;rendes;Nem;magyar;4;68;68;megjelent;27;8;14;14;3;2;68;-;-;-;-
2020;1;Bács-Kiskun;12;szakgimnázium/szakközépiskola (2016.09.01-től kifutó rendszerben);nő;nappali;magyar nyelv és irodalom;közép;rendes;Nem;magyar;3;52;52;megjelent;29;5;8;6;2;2;52;-;-;-;-
2020;1;Bács-Kiskun;12;szakgimnázium/szakközépiskola (2016.09.01-től kifutó rendszerben);nő;nappali;magyar nyelv és irodalom;közép;rendes;Nem;magyar;3;42;42;megjelent;24;6;8;2;1;1;42;-;-;-;-
2020;1;Bács-Kiskun;12;szakgimnázium/szakközépiskola (2016.09.01-től kifutó rendszerben);nő;nappali;magyar nyelv és irodalom;közép;rendes;Nem;magyar;3;40;40;megjelent;24;7;4;3;0;2;40;-;-;-;-
2020;1;Bács-Kiskun;12;szakgimnázium/szakközépiskola (2016.09.01-től kifutó rendszerben);nő;nappali;magyar nyelv és irodalom;közép;rendes;Nem;magyar;4;73;73;megjelent;27;8;18;11;8;1;73;-;-;-;-
2020;1;Bács-Kiskun;12;szakgimnázium/szakközépiskola (2016.09.01-től kifutó rendszerben);nő;nappali;magyar nyelv és irodalom;közép;rendes;Nem;magyar;2;34;34;megjelent;20;6;4;2;1;1;34;-;-;-;-
2020;1;Bács-Kiskun;12;gimnázium;nő;nappali;magyar nyelv és irodalom;közép;rendes;Nem;magyar;5;80;80;megjelent;30;9;20;13;6;2;80;-;-;-;-
2020;1;Bács-Kiskun;12;gimnázium;nő;nappali;magyar nyelv és irodalom;közép;rendes;Nem;magyar;5;91;91;megjelent;37;10;20;15;7;2;91;-;-;-;-
2020;1;Bács-Kiskun;12;gimnázium;nő;nappali;magyar nyelv és irodalom;közép;rendes;Nem;magyar;5;92;92;megjelent;36;10;23;13;8;2;92;-;-;-;-
2020;1;Bács-Kiskun;12;gimnázium;nő;nappali;magyar nyelv és irodalom;közép;rendes;Nem;magyar;5;82;82;megjelent;32;10;19;12;7;2;82;-;-;-;-
2020;1;Bács-Kiskun;12;gimnázium;nő;nappali;magyar nyelv és irodalom;közép;rendes;Nem;magyar;5;85;85;megjelent;34;10;19;14;6;2;85;-;-;-;-
2020;1;Bács-Kiskun;12;gimnázium;nő;nappali;magyar nyelv és irodalom;közép;rendes;Nem;magyar;5;81;81;megjelent;35;9;17;13;5;2;81;-;-;-;-
2020;1;Bács-Kiskun;12;gimnázium;nő;nappali;magyar nyelv és irodalom;közép;rendes;Nem;magyar;5;96;96;megjelent;40;10;25;15;4;2;96;-;-;-;-
2020;1;Bács-Kiskun;12;gimnázium;férfi;nappali;magyar nyelv és irodalom;közép;rendes;Nem;magyar;4;69;69;megjelent;36;8;10;8;5;2;69;-;-;-;-
2020;1;Bács-Kiskun;12;gimnázium;férfi;nappali;magyar nyelv és irodalom;közép;rendes;Nem;magyar;5;83;83;megjelent;36;10;18;13;4;2;83;-;-;-;-
2020;1;Bács-Kiskun;12;gimnázium;férfi;nappali;magyar nyelv és irodalom;közép;rendes;Nem;magyar;4;74;74;megjelent;32;10;15;12;3;2;74;-;-;-;-
2020;1;Bács-Kiskun;12;gimnázium;nő;nappali;magyar nyelv és irodalom;közép;rendes;Nem;magyar;4;68;68;megjelent;36;10;12;8;0;2;68;-;-;-;-
2020;1;Bács-Kiskun;12;gimnázium;férfi;nappali;magyar nyelv és irodalom;közép;rendes;Nem;magyar;4;70;70;megjelent;34;10;14;8;2;2;70;-;-;-;-
2020;1;Bács-Kiskun;12;gimnázium;nő;nappali;magyar nyelv és irodalom;közép;rendes;Nem;magyar;5;80;80;megjelent;29;10;18;13;8;2;80;-;-;-;-
2020;1;Bács-Kiskun;12;gimnázium;férfi;nappali;magyar nyelv és irodalom;közép;rendes;Nem;magyar;4;66;66;megjelent;31;9;15;9;0;2;66;-;-;-;-
2020;1;Bács-Kiskun;12;gimnázium;férfi;nappali;magyar nyelv és irodalom;közép;rendes;Nem;magyar;4;63;63;megjelent;27;10;16;9;1;0;63;-;-;-;-
2020;1;Bács-Kiskun;12;gimnázium;férfi;nappali;magyar nyelv és irodalom;közép;rendes;Nem;magyar;4;71;71;megjelent;33;10;17;10;0;1;71;-;-;-;-
2020;1;Bács-Kiskun;12;gimnázium;nő;nappali;magyar nyelv és irodalom;közép;rendes;Nem;magyar;4;73;73;megjelent;35;10;14;10;2;2;73;-;-;-;-
2020;1;Bács-Kiskun;12;gimnázium;nő;nappali;magyar nyelv és irodalom;közép;rendes;Nem;magyar;4;71;71;megjelent;31;10;16;12;0;2;71;-;-;-;-
2020;1;Bács-Kiskun;12;gimnázium;nő;nappali;magyar nyelv és irodalom;közép;rendes;Nem;magyar;5;80;80;megjelent;31;10;21;13;3;2;80;-;-;-;-
2020;1;Bács-Kiskun;12;gimnázium;nő;nappali;magyar nyelv és irodalom;közép;rendes;Nem;magyar;5;83;83;megjelent;36;10;18;11;6;2;83;-;-;-;-
2020;1;Bács-Kiskun;12;gimnázium;nő;nappali;magyar nyelv és irodalom;közép;rendes;Nem;magyar;5;83;83;megjelent;38;10;16;11;6;2;83;-;-;-;-
2020;1;Bács-Kiskun;12;gimnázium;nő;nappali;magyar nyelv és irodalom;közép;rendes;Nem;magyar;4;64;64;megjelent;28;9;15;10;0;2;64;-;-;-;-
2020;1;Bács-Kiskun;12;gimnázium;férfi;nappali;magyar nyelv és irodalom;közép;rendes;Nem;magyar;4;70;70;megjelent;35;9;16;9;0;1;70;-;-;-;-
2020;1;Bács-Kiskun;12;gimnázium;nő;nappali;magyar nyelv és irodalom;közép;rendes;Nem;magyar;4;77;77;megjelent;36;9;17;11;2;2;77;-;-;-;-
2020;1;Bács-Kiskun;12;gimnázium;nő;nappali;magyar nyelv és irodalom;közép;rendes;Nem;magyar;5;91;91;megjelent;35;10;24;14;6;2;91;-;-;-;-
2020;1;Bács-Kiskun;12;gimnázium;férfi;nappali;magyar nyelv és irodalom;közép;rendes;Nem;magyar;4;69;69;megjelent;34;7;15;9;3;1;69;-;-;-;-
2020;1;Bács-Kiskun;12;gimnázium;férfi;nappali;magyar nyelv és irodalom;közép;rendes;Nem;magyar;5;95;95;megjelent;37;10;25;14;7;2;95;-;-;-;-
2020;1;Bács-Kiskun;12;gimnázium;nő;nappali;magyar nyelv és irodalom;közép;rendes;Nem;magyar;4;66;66;megjelent;28;10;14;9;4;1;66;-;-;-;-
2020;1;Bács-Kiskun;12;szakgimnázium/szakközépiskola (2016.09.01-től kifutó rendszerben);nő;nappali;magyar nyelv és irodalom;közép;rendes;Nem;magyar;4;76;76;megjelent;35;6;19;10;4;2;76;-;-;-;-
2020;1;Bács-Kiskun;12;szakgimnázium/szakközépiskola (2016.09.01-től kifutó rendszerben);férfi;nappali;magyar nyelv és irodalom;közép;rendes;Nem;magyar;3;48;48;megjelent;17;4;15;11;0;1;48;-;-;-;-
2020;1;Bács-Kiskun;12;szakgimnázium/szakközépiskola (2016.09.01-től kifutó rendszerben);nő;nappali;magyar nyelv és irodalom;közép;rendes;Nem;magyar;4;65;65;megjelent;25;8;21;11;0;0;65;-;-;-;-
2020;1;Bács-Kiskun;12;szakgimnázium/szakközépiskola (2016.09.01-től kifutó rendszerben);férfi;nappali;magyar nyelv és irodalom;közép;rendes;Nem;magyar;3;47;47;megjelent;27;4;9;6;0;1;47;-;-;-;-
2020;1;Bács-Kiskun;12;gimnázium;férfi;nappali;magyar nyelv és irodalom;közép;rendes;Nem;magyar;3;55;55;megjelent;32;8;9;6;0;0;55;-;-;-;-
2020;1;Bács-Kiskun;12;szakgimnázium/szakközépiskola (2016.09.01-től kifutó rendszerben);férfi;nappali;magyar nyelv és irodalom;közép;rendes;Nem;magyar;3;52;52;megjelent;23;3;16;9;0;1;52;-;-;-;-
2020;1;Bács-Kiskun;12;gimnázium;férfi;nappali;magyar nyelv és irodalom;közép;rendes;Nem;magyar;4;60;60;megjelent;28;8;15;8;0;1;60;-;-;-;-
2020;1;Bács-Kiskun;12;gimnázium;férfi;nappali;magyar nyelv és irodalom;közép;rendes;Nem;magyar;4;61;61;megjelent;31;8;14;8;0;0;61;-;-;-;-
2020;1;Bács-Kiskun;12;szakgimnázium/szakközépiskola (2016.09.01-től kifutó rendszerben);nő;nappali;magyar nyelv és irodalom;közép;rendes;Nem;magyar;4;63;63;megjelent;27;10;13;11;0;2;63;-;-;-;-
2020;1;Bács-Kiskun;12;gimnázium;férfi;nappali;magyar nyelv és irodalom;közép;rendes;Nem;magyar;4;76;76;megjelent;35;9;14;12;5;1;76;-;-;-;-
2020;1;Bács-Kiskun;12;szakgimnázium/szakközépiskola (2016.09.01-től kifutó rendszerben);nő;nappali;magyar nyelv és irodalom;közép;rendes;Nem;magyar;3;45;45;megjelent;22;5;12;5;0;1;45;-;-;-;-
2020;1;Bács-Kiskun;12;gimnázium;férfi;nappali;magyar nyelv és irodalom;közép;rendes;Nem;magyar;4;65;65;megjelent;32;8;16;9;0;0;65;-;-;-;-
2020;1;Bács-Kiskun;12;szakgimnázium/szakközépiskola (2016.09.01-től kifutó rendszerben);nő;nappali;magyar nyelv és irodalom;közép;rendes;Nem;magyar;5;84;84;megjelent;30;10;25;14;3;2;84;-;-;-;-
2020;1;Bács-Kiskun;12;szakgimnázium/szakközépiskola (2016.09.01-től kifutó rendszerben);nő;nappali;magyar nyelv és irodalom;közép;rendes;Nem;magyar;3;42;42;megjelent;24;4;3;8;1;2;42;-;-;-;-
2020;1;Bács-Kiskun;12;gimnázium;férfi;nappali;magyar nyelv és irodalom;közép;rendes;Nem;magyar;4;68;68;megjelent;36;8;14;9;0;1;68;-;-;-;-
2020;1;Bács-Kiskun;12;gimnázium;férfi;nappali;magyar nyelv és irodalom;közép;rendes;Nem;magyar;4;66;66;megjelent;32;9;14;10;0;1;66;-;-;-;-
2020;1;Bács-Kiskun;12;gimnázium;nő;nappali;magyar nyelv és irodalom;közép;rendes;Igen;magyar;4;65;60;megjelent;28;9;14;8;0;1;60;-;-;-;-
2020;1;Bács-Kiskun;12;gimnázium;férfi;nappali;magyar nyelv és irodalom;közép;rendes;Igen;magyar;4;60;30;megjelent;-;-;-;-;-;-;-;15;7;8;30
2020;1;Bács-Kiskun;12;szakgimnázium/szakközépiskola (2016.09.01-től kifutó rendszerben);férfi;nappali;magyar nyelv és irodalom;közép;rendes;Igen;magyar;2;38;54;megjelent;14;0;1;0;0;1;16;20;8;10;38
2020;1;Bács-Kiskun;12;gimnázium;férfi;nappali;magyar nyelv és irodalom;közép;rendes;Nem;magyar;4;74;74;megjelent;31;6;21;14;0;2;74;-;-;-;-
2020;1;Bács-Kiskun;12;gimnázium;nő;nappali;magyar nyelv és irodalom;közép;rendes;Nem;magyar;5;86;86;megjelent;37;9;19;11;8;2;86;-;-;-;-
2020;1;Bács-Kiskun;12;gimnázium;nő;nappali;magyar nyelv és irodalom;közép;rendes;Igen;magyar;4;68;63;megjelent;30;9;15;8;0;1;63;-;-;-;-
2020;1;Bács-Kiskun;12;szakgimnázium/szakközépiskola (2016.09.01-től kifutó rendszerben);nő;nappali;magyar nyelv és irodalom;közép;rendes;Nem;magyar;5;81;81;megjelent;33;10;19;12;5;2;81;-;-;-;-
2020;1;Bács-Kiskun;12;szakgimnázium/szakközépiskola (2016.09.01-től kifutó rendszerben);nő;nappali;magyar nyelv és irodalom;közép;rendes;Nem;magyar;3;51;51;megjelent;24;0;18;7;0;2;51;-;-;-;-
2020;1;Bács-Kiskun;12;gimnázium;nő;nappali;magyar nyelv és irodalom;közép;rendes;Nem;magyar;4;66;66;megjelent;32;6;14;9;3;2;66;-;-;-;-
2020;1;Bács-Kiskun;12;gimnázium;férfi;nappali;magyar nyelv és irodalom;közép;rendes;Igen;magyar;4;61;57;megjelent;28;9;10;9;0;1;57;-;-;-;-
2020;1;Bács-Kiskun;12;szakgimnázium/szakközépiskola (2016.09.01-től kifutó rendszerben);nő;nappali;magyar nyelv és irodalom;közép;rendes;Nem;magyar;3;49;49;megjelent;27;3;9;8;0;2;49;-;-;-;-
2020;1;Bács-Kiskun;12;szakgimnázium/szakközépiskola (2016.09.01-től kifutó rendszerben);nő;nappali;magyar nyelv és irodalom;közép;rendes;Nem;magyar;4;60;60;megjelent;26;6;16;10;0;2;60;-;-;-;-
2020;1;Bács-Kiskun;12;gimnázium;férfi;nappali;magyar nyelv és irodalom;közép;rendes;Nem;magyar;5;89;89;megjelent;35;10;24;11;8;1;89;-;-;-;-
2020;1;Bács-Kiskun;12;gimnázium;férfi;nappali;magyar nyelv és irodalom;közép;rendes;Nem;magyar;3;57;57;megjelent;30;4;15;7;0;1;57;-;-;-;-
2020;1;Bács-Kiskun;12;szakgimnázium/szakközépiskola (2016.09.01-től kifutó rendszerben);nő;nappali;magyar nyelv és irodalom;közép;rendes;Nem;magyar;3;55;55;megjelent;31;6;9;8;0;1;55;-;-;-;-
2020;1;Bács-Kiskun;12;gimnázium;férfi;nappali;magyar nyelv és irodalom;közép;rendes;Nem;magyar;5;80;80;megjelent;36;9;15;11;7;2;80;-;-;-;-
2020;1;Bács-Kiskun;12;szakgimnázium/szakközépiskola (2016.09.01-től kifutó rendszerben);nő;nappali;magyar nyelv és irodalom;közép;rendes;Igen;magyar;2;29;29;megjelent;16;4;3;4;0;2;29;-;-;-;-
2020;1;Bács-Kiskun;12;szakgimnázium/szakközépiskola (2016.09.01-től kifutó rendszerben);férfi;nappali;magyar nyelv és irodalom;közép;rendes;Nem;magyar;3;40;40;megjelent;23;4;7;5;0;1;40;-;-;-;-
2020;1;Bács-Kiskun;12;szakgimnázium/szakközépiskola (2016.09.01-től kifutó rendszerben);férfi;nappali;magyar nyelv és irodalom;közép;rendes;Nem;magyar;3;51;51;megjelent;26;7;9;8;0;1;51;-;-;-;-
2020;1;Bács-Kiskun;12;gimnázium;férfi;nappali;magyar nyelv és irodalom;közép;rendes;Igen;magyar;4;69;64;megjelent;33;8;13;9;0;1;64;-;-;-;-
2020;1;Bács-Kiskun;12;szakgimnázium/szakközépiskola (2016.09.01-től kifutó rendszerben);nő;nappali;magyar nyelv és irodalom;közép;rendes;Nem;magyar;4;70;70;megjelent;34;4;17;13;0;2;70;-;-;-;-
2020;1;Bács-Kiskun;12;gimnázium;férfi;nappali;magyar nyelv és irodalom;közép;rendes;Igen;magyar;5;94;47;megjelent;-;-;-;-;-;-;-;25;8;14;47
2020;1;Bács-Kiskun;12;gimnázium;férfi;nappali;magyar nyelv és irodalom;közép;rendes;Nem;magyar;3;55;55;megjelent;30;6;10;8;0;1;55;-;-;-;-
2020;1;Bács-Kiskun;12;szakgimnázium/szakközépiskola (2016.09.01-től kifutó rendszerben);nő;nappali;magyar nyelv és irodalom;közép;rendes;Nem;magyar;5;82;82;megjelent;32;9;22;14;4;1;82;-;-;-;-
2020;1;Bács-Kiskun;12;gimnázium;férfi;nappali;magyar nyelv és irodalom;közép;rendes;Nem;magyar;4;72;72;megjelent;32;8;19;8;4;1;72;-;-;-;-
2020;1;Bács-Kiskun;12;gimnázium;férfi;nappali;magyar nyelv és irodalom;közép;rendes;Igen;magyar;4;78;72;megjelent;34;9;19;9;0;1;72;-;-;-;-
2020;1;Bács-Kiskun;12;szakgimnázium/szakközépiskola (2016.09.01-től kifutó rendszerben);férfi;nappali;magyar nyelv és irodalom;közép;rendes;Nem;magyar;3;57;57;megjelent;26;8;12;9;0;2;57;-;-;-;-
2020;1;Bács-Kiskun;12;gimnázium;nő;nappali;magyar nyelv és irodalom;közép;rendes;Nem;magyar;5;90;90;megjelent;34;9;24;14;8;1;90;-;-;-;-
2020;1;Bács-Kiskun;12;gimnázium;férfi;nappali;magyar nyelv és irodalom;közép;rendes;Nem;magyar;4;63;63;megjelent;28;7;19;8;0;1;63;-;-;-;-
2020;1;Bács-Kiskun;12;szakgimnázium/szakközépiskola (2016.09.01-től kifutó rendszerben);nő;nappali;magyar nyelv és irodalom;közép;rendes;Nem;magyar;4;65;65;megjelent;24;9;17;13;0;2;65;-;-;-;-
2020;1;Bács-Kiskun;12;gimnázium;férfi;nappali;magyar nyelv és irodalom;közép;rendes;Nem;magyar;5;80;80;megjelent;36;9;24;10;0;1;80;-;-;-;-
2020;1;Bács-Kiskun;12;szakgimnázium/szakközépiskola (2016.09.01-től kifutó rendszerben);nő;nappali;magyar nyelv és irodalom;közép;rendes;Nem;magyar;4;64;64;megjelent;26;8;18;10;0;2;64;-;-;-;-
2020;1;Bács-Kiskun;12;szakgimnázium/szakközépiskola (2016.09.01-től kifutó rendszerben);nő;nappali;magyar nyelv és irodalom;közép;rendes;Nem;magyar;3;57;57;megjelent;33;6;8;8;0;2;57;-;-;-;-
2020;1;Bács-Kiskun;12;szakgimnázium/szakközépiskola (2016.09.01-től kifutó rendszerben);nő;nappali;magyar nyelv és irodalom;közép;rendes;Igen;magyar;3;55;51;megjelent;28;4;9;8;0;2;51;-;-;-;-
2020;1;Bács-Kiskun;12;gimnázium;férfi;nappali;magyar nyelv és irodalom;közép;rendes;Nem;magyar;5;81;81;megjelent;30;10;19;15;5;2;81;-;-;-;-
2020;1;Bács-Kiskun;12;szakgimnázium/szakközépiskola (2016.09.01-től kifutó rendszerben);férfi;nappali;magyar nyelv és irodalom;közép;rendes;Nem;magyar;4;62;62;megjelent;32;6;13;11;0;0;62;-;-;-;-
2020;1;Bács-Kiskun;12;szakgimnázium/szakközépiskola (2016.09.01-től kifutó rendszerben);nő;nappali;magyar nyelv és irodalom;közép;rendes;Nem;magyar;3;55;55;megjelent;25;3;15;10;0;2;55;-;-;-;-
2020;1;Bács-Kiskun;12;szakgimnázium/szakközépiskola (2016.09.01-től kifutó rendszerben);nő;nappali;magyar nyelv és irodalom;közép;rendes;Nem;magyar;3;43;43;megjelent;19;7;8;7;0;2;43;-;-;-;-
2020;1;Bács-Kiskun;12;szakgimnázium/szakközépiskola (2016.09.01-től kifutó rendszerben);nő;nappali;magyar nyelv és irodalom;közép;rendes;Nem;magyar;3;47;47;megjelent;26;4;8;7;0;2;47;-;-;-;-
2020;1;Bács-Kiskun;12;szakgimnázium/szakközépiskola (2016.09.01-től kifutó rendszerben);nő;nappali;magyar nyelv és irodalom;közép;rendes;Nem;magyar;3;53;53;megjelent;26;7;8;10;0;2;53;-;-;-;-
2020;1;Bács-Kiskun;12;szakgimnázium/szakközépiskola (2016.09.01-től kifutó rendszerben);nő;nappali;magyar nyelv és irodalom;közép;rendes;Nem;magyar;4;70;70;megjelent;29;5;20;10;4;2;70;-;-;-;-
2020;1;Bács-Kiskun;12;szakgimnázium/szakközépiskola (2016.09.01-től kifutó rendszerben);nő;nappali;magyar nyelv és irodalom;közép;rendes;Nem;magyar;4;63;63;megjelent;24;8;14;10;5;2;63;-;-;-;-
2020;1;Bács-Kiskun;12;szakgimnázium/szakközépiskola (2016.09.01-től kifutó rendszerben);nő;nappali;magyar nyelv és irodalom;közép;rendes;Nem;magyar;3;49;49;megjelent;22;2;15;8;0;2;49;-;-;-;-
2020;1;Bács-Kiskun;12;szakgimnázium/szakközépiskola (2016.09.01-től kifutó rendszerben);nő;nappali;magyar nyelv és irodalom;közép;rendes;Nem;magyar;5;84;84;megjelent;34;9;19;14;6;2;84;-;-;-;-
2020;1;Bács-Kiskun;12;szakgimnázium/szakközépiskola (2016.09.01-től kifutó rendszerben);férfi;nappali;magyar nyelv és irodalom;közép;rendes;Nem;magyar;3;57;57;megjelent;28;5;14;6;2;2;57;-;-;-;-
2020;1;Bács-Kiskun;12;szakgimnázium/szakközépiskola (2016.09.01-től kifutó rendszerben);nő;nappali;magyar nyelv és irodalom;közép;rendes;Nem;magyar;4;62;62;megjelent;25;5;21;9;0;2;62;-;-;-;-
2020;1;Bács-Kiskun;12;szakgimnázium/szakközépiskola (2016.09.01-től kifutó rendszerben);férfi;nappali;magyar nyelv és irodalom;közép;rendes;Nem;magyar;3;55;55;megjelent;29;7;11;7;0;1;55;-;-;-;-
2020;1;Bács-Kiskun;12;szakgimnázium/szakközépiskola (2016.09.01-től kifutó rendszerben);férfi;nappali;magyar nyelv és irodalom;közép;rendes;Nem;magyar;4;73;73;megjelent;32;5;21;11;2;2;73;-;-;-;-
2020;1;Bács-Kiskun;12;szakgimnázium/szakközépiskola (2016.09.01-től kifutó rendszerben);férfi;nappali;magyar nyelv és irodalom;közép;rendes;Nem;magyar;4;72;72;megjelent;31;8;18;11;3;1;72;-;-;-;-
2020;1;Bács-Kiskun;12;szakgimnázium/szakközépiskola (2016.09.01-től kifutó rendszerben);nő;nappali;magyar nyelv és irodalom;közép;rendes;Nem;magyar;4;60;60;megjelent;28;9;14;8;0;1;60;-;-;-;-
2020;1;Bács-Kiskun;12;szakgimnázium/szakközépiskola (2016.09.01-től kifutó rendszerben);férfi;nappali;magyar nyelv és irodalom;közép;rendes;Nem;magyar;3;40;40;megjelent;21;5;8;6;0;0;40;-;-;-;-
2020;1;Bács-Kiskun;12;szakgimnázium/szakközépiskola (2016.09.01-től kifutó rendszerben);nő;nappali;magyar nyelv és irodalom;közép;rendes;Nem;magyar;2;34;34;megjelent;14;4;10;4;0;2;34;-;-;-;-
2020;1;Bács-Kiskun;12;szakgimnázium/szakközépiskola (2016.09.01-től kifutó rendszerben);nő;nappali;magyar nyelv és irodalom;közép;rendes;Nem;magyar;4;70;70;megjelent;27;9;19;13;0;2;70;-;-;-;-
2020;1;Bács-Kiskun;12;szakgimnázium/szakközépiskola (2016.09.01-től kifutó rendszerben);férfi;nappali;magyar nyelv és irodalom;közép;rendes;Nem;magyar;4;61;61;megjelent;30;3;19;8;0;1;61;-;-;-;-
2020;1;Bács-Kiskun;12;szakgimnázium/szakközépiskola (2016.09.01-től kifutó rendszerben);férfi;nappali;magyar nyelv és irodalom;közép;rendes;Igen;magyar;3;42;60;megjelent;12;2;5;2;0;1;22;18;8;12;38
2020;1;Bács-Kiskun;12;szakgimnázium/szakközépiskola (2016.09.01-től kifutó rendszerben);férfi;nappali;magyar nyelv és irodalom;közép;rendes;Nem;magyar;3;43;43;megjelent;23;4;10;6;0;0;43;-;-;-;-
2020;1;Bács-Kiskun;12;szakgimnázium/szakközépiskola (2016.09.01-től kifutó rendszerben);nő;nappali;magyar nyelv és irodalom;közép;rendes;Nem;magyar;2;34;34;megjelent;16;4;7;5;0;2;34;-;-;-;-
2020;1;Bács-Kiskun;12;szakgimnázium/szakközépiskola (2016.09.01-től kifutó rendszerben);nő;nappali;magyar nyelv és irodalom;közép;rendes;Nem;magyar;3;40;40;megjelent;22;5;4;7;0;2;40;-;-;-;-
2020;1;Bács-Kiskun;13;szakközép;nő;nappali;magyar nyelv és irodalom;közép;rendes;Nem;magyar;4;61;61;megjelent;30;3;8;11;7;2;61;-;-;-;-
2020;1;Bács-Kiskun;13;szakközép;férfi;nappali;magyar nyelv és irodalom;közép;rendes;Nem;magyar;3;40;40;megjelent;28;3;2;5;0;2;40;-;-;-;-
2020;1;Bács-Kiskun;13;szakközép;férfi;nappali;magyar nyelv és irodalom;közép;rendes;Nem;magyar;3;40;40;megjelent;25;0;3;7;4;1;40;-;-;-;-
2020;1;Bács-Kiskun;12;gimnázium;férfi;nappali;magyar nyelv és irodalom;közép;rendes;Igen;magyar;4;72;67;megjelent;34;8;15;9;0;1;67;-;-;-;-
2020;1;Bács-Kiskun;12;szakgimnázium/szakközépiskola (2016.09.01-től kifutó rendszerben);nő;nappali;magyar nyelv és irodalom;közép;rendes;Nem;magyar;3;57;57;megjelent;32;4;10;9;0;2;57;-;-;-;-
2020;1;Bács-Kiskun;12;gimnázium;nő;nappali;magyar nyelv és irodalom;közép;rendes;Nem;magyar;5;84;84;megjelent;37;9;21;15;0;2;84;-;-;-;-
2020;1;Bács-Kiskun;13;szakgimnázium/szakközépiskola (2016.09.01-től kifutó rendszerben);nő;nappali;magyar nyelv és irodalom;közép;rendes;Nem;magyar;2;32;32;megjelent;26;4;0;0;0;2;32;-;-;-;-
2020;1;Bács-Kiskun;13;szakközép;nő;nappali;magyar nyelv és irodalom;közép;rendes;Nem;magyar;2;32;32;megjelent;22;8;0;0;0;2;32;-;-;-;-
2020;1;Bács-Kiskun;13;szakgimnázium/szakközépiskola (2016.09.01-től kifutó rendszerben);nő;nappali;magyar nyelv és irodalom;közép;rendes;Nem;magyar;2;31;31;megjelent;25;0;3;2;0;1;31;-;-;-;-
2020;1;Bács-Kiskun;13;szakközép;férfi;nappali;magyar nyelv és irodalom;közép;rendes;Igen;magyar;2;29;27;megjelent;23;0;1;2;0;1;27;-;-;-;-
2020;1;Bács-Kiskun;13;szakközép;nő;nappali;magyar nyelv és irodalom;közép;rendes;Nem;magyar;3;41;41;megjelent;22;4;7;7;0;1;41;-;-;-;-
2020;1;Bács-Kiskun;13;szakközép;nő;nappali;magyar nyelv és irodalom;közép;rendes;Nem;magyar;4;63;63;megjelent;31;7;8;7;8;2;63;-;-;-;-
2020;1;Bács-Kiskun;13;szakközép;férfi;nappali;magyar nyelv és irodalom;közép;rendes;Nem;magyar;2;29;29;megjelent;25;0;0;0;3;1;29;-;-;-;-
2020;1;Bács-Kiskun;13;szakközép;férfi;nappali;magyar nyelv és irodalom;közép;rendes;Igen;magyar;3;40;37;megjelent;27;0;4;4;0;2;37;-;-;-;-
2020;1;Bács-Kiskun;12;szakgimnázium/szakközépiskola (2016.09.01-től kifutó rendszerben);nő;nappali;magyar nyelv és irodalom;közép;rendes;Nem;magyar;3;46;46;megjelent;24;5;7;8;0;2;46;-;-;-;-
2020;1;Bács-Kiskun;12;szakgimnázium/szakközépiskola (2016.09.01-től kifutó rendszerben);nő;nappali;magyar nyelv és irodalom;közép;rendes;Nem;magyar;5;80;80;megjelent;32;10;19;15;2;2;80;-;-;-;-
2020;1;Bács-Kiskun;13;szakközép;nő;nappali;magyar nyelv és irodalom;közép;rendes;Nem;magyar;2;31;31;megjelent;25;4;0;0;0;2;31;-;-;-;-
2020;1;Bács-Kiskun;12;szakgimnázium/szakközépiskola (2016.09.01-től kifutó rendszerben);nő;nappali;magyar nyelv és irodalom;közép;rendes;Nem;magyar;4;66;66;megjelent;30;8;14;10;2;2;66;-;-;-;-
2020;1;Bács-Kiskun;13;szakközép;férfi;nappali;magyar nyelv és irodalom;közép;rendes;Nem;magyar;2;33;33;megjelent;23;0;3;6;0;1;33;-;-;-;-
2020;1;Bács-Kiskun;12;szakgimnázium/szakközépiskola (2016.09.01-től kifutó rendszerben);férfi;nappali;magyar nyelv és irodalom;közép;rendes;Nem;magyar;3;48;48;megjelent;22;5;13;7;0;1;48;-;-;-;-
2020;1;Bács-Kiskun;13;szakközép;nő;nappali;magyar nyelv és irodalom;közép;rendes;Nem;magyar;3;40;40;megjelent;24;0;3;9;2;2;40;-;-;-;-
2020;1;Bács-Kiskun;12;szakgimnázium/szakközépiskola (2016.09.01-től kifutó rendszerben);nő;nappali;magyar nyelv és irodalom;közép;rendes;Nem;magyar;3;57;57;megjelent;22;9;14;10;0;2;57;-;-;-;-
2020;1;Bács-Kiskun;12;szakgimnázium/szakközépiskola (2016.09.01-től kifutó rendszerben);férfi;nappali;magyar nyelv és irodalom;közép;rendes;Nem;magyar;3;50;50;megjelent;25;5;11;8;0;1;50;-;-;-;-
2020;1;Bács-Kiskun;12;szakgimnázium/szakközépiskola (2016.09.01-től kifutó rendszerben);férfi;nappali;magyar nyelv és irodalom;közép;rendes;Nem;magyar;3;48;48;megjelent;24;5;13;6;0;0;48;-;-;-;-
2020;1;Bács-Kiskun;13;szakközép;nő;nappali;magyar nyelv és irodalom;közép;rendes;Igen;magyar;2;36;34;megjelent;22;0;3;7;0;2;34;-;-;-;-
2020;1;Bács-Kiskun;12;szakgimnázium/szakközépiskola (2016.09.01-től kifutó rendszerben);férfi;nappali;magyar nyelv és irodalom;közép;rendes;Nem;magyar;3;55;55;megjelent;26;7;11;9;0;2;55;-;-;-;-
2020;1;Bács-Kiskun;12;szakgimnázium/szakközépiskola (2016.09.01-től kifutó rendszerben);férfi;nappali;magyar nyelv és irodalom;közép;rendes;Nem;magyar;3;53;53;megjelent;29;5;10;8;0;1;53;-;-;-;-
2020;1;Bács-Kiskun;12;szakgimnázium/szakközépiskola (2016.09.01-től kifutó rendszerben);férfi;nappali;magyar nyelv és irodalom;közép;rendes;Nem;magyar;3;52;52;megjelent;24;7;12;8;0;1;52;-;-;-;-
2020;1;Bács-Kiskun;12;szakgimnázium/szakközépiskola (2016.09.01-től kifutó rendszerben);nő;nappali;magyar nyelv és irodalom;közép;rendes;Nem;magyar;4;65;65;megjelent;30;8;12;10;3;2;65;-;-;-;-
2020;1;Bács-Kiskun;12;szakgimnázium/szakközépiskola (2016.09.01-től kifutó rendszerben);nő;nappali;magyar nyelv és irodalom;közép;rendes;Nem;magyar;2;36;36;megjelent;13;8;4;9;0;2;36;-;-;-;-
2020;1;Bács-Kiskun;12;szakgimnázium/szakközépiskola (2016.09.01-től kifutó rendszerben);nő;nappali;magyar nyelv és irodalom;közép;rendes;Nem;magyar;5;84;84;megjelent;34;9;18;13;8;2;84;-;-;-;-
2020;1;Bács-Kiskun;12;szakgimnázium/szakközépiskola (2016.09.01-től kifutó rendszerben);férfi;nappali;magyar nyelv és irodalom;közép;rendes;Nem;magyar;2;38;38;megjelent;18;5;7;7;0;1;38;-;-;-;-
2020;1;Bács-Kiskun;12;szakgimnázium/szakközépiskola (2016.09.01-től kifutó rendszerben);férfi;nappali;magyar nyelv és irodalom;közép;rendes;Nem;magyar;2;38;38;megjelent;24;5;4;5;0;0;38;-;-;-;-
2020;1;Bács-Kiskun;12;szakgimnázium/szakközépiskola (2016.09.01-től kifutó rendszerben);nő;nappali;magyar nyelv és irodalom;közép;rendes;Nem;magyar;2;36;36;megjelent;18;5;5;6;0;2;36;-;-;-;-
2020;1;Bács-Kiskun;12;gimnázium;férfi;nappali;magyar nyelv és irodalom;közép;rendes;Nem;magyar;5;82;82;megjelent;33;9;23;15;0;2;82;-;-;-;-
2020;1;Bács-Kiskun;12;szakgimnázium/szakközépiskola (2016.09.01-től kifutó rendszerben);férfi;nappali;magyar nyelv és irodalom;közép;rendes;Nem;magyar;3;53;53;megjelent;30;7;9;7;0;0;53;-;-;-;-
2020;1;Bács-Kiskun;12;gimnázium;férfi;nappali;magyar nyelv és irodalom;közép;rendes;Nem;magyar;4;62;62;megjelent;30;7;11;7;5;2;62;-;-;-;-
2020;1;Bács-Kiskun;12;gimnázium;nő;nappali;magyar nyelv és irodalom;közép;rendes;Nem;magyar;4;67;67;megjelent;36;6;15;9;0;1;67;-;-;-;-
2020;1;Bács-Kiskun;12;szakgimnázium/szakközépiskola (2016.09.01-től kifutó rendszerben);férfi;nappali;magyar nyelv és irodalom;közép;rendes;Igen;magyar;3;50;45;megjelent;24;6;9;6;0;0;45;-;-;-;-
2020;1;Bács-Kiskun;12;gimnázium;férfi;nappali;magyar nyelv és irodalom;közép;rendes;Nem;magyar;5;80;80;megjelent;33;10;22;13;0;2;80;-;-;-;-
2020;1;Bács-Kiskun;12;gimnázium;férfi;nappali;magyar nyelv és irodalom;közép;rendes;Nem;magyar;5;83;83;megjelent;33;10;23;11;4;2;83;-;-;-;-
2020;1;Bács-Kiskun;12;gimnázium;férfi;nappali;magyar nyelv és irodalom;közép;rendes;Nem;magyar;5;82;82;megjelent;34;10;23;13;0;2;82;-;-;-;-
2020;1;Bács-Kiskun;12;gimnázium;férfi;nappali;magyar nyelv és irodalom;közép;rendes;Nem;magyar;4;72;72;megjelent;33;0;23;12;2;2;72;-;-;-;-
2020;1;Bács-Kiskun;12;gimnázium;nő;nappali;magyar nyelv és irodalom;közép;rendes;Nem;magyar;5;89;89;megjelent;38;10;25;14;0;2;89;-;-;-;-
2020;1;Bács-Kiskun;12;gimnázium;férfi;nappali;magyar nyelv és irodalom;közép;rendes;Igen;magyar;5;84;78;megjelent;35;10;20;11;0;2;78;-;-;-;-
2020;1;Bács-Kiskun;12;gimnázium;férfi;nappali;magyar nyelv és irodalom;közép;rendes;Nem;magyar;4;70;70;megjelent;33;7;18;11;0;1;70;-;-;-;-
2020;1;Bács-Kiskun;12;gimnázium;nő;nappali;magyar nyelv és irodalom;közép;rendes;Nem;magyar;5;82;82;megjelent;27;10;22;15;6;2;82;-;-;-;-
2020;1;Bács-Kiskun;12;gimnázium;nő;nappali;magyar nyelv és irodalom;közép;rendes;Nem;magyar;4;72;72;megjelent;33;8;20;8;1;2;72;-;-;-;-
2020;1;Bács-Kiskun;12;gimnázium;férfi;nappali;magyar nyelv és irodalom;közép;rendes;Nem;magyar;4;70;70;megjelent;33;9;15;9;2;2;70;-;-;-;-
2020;1;Bács-Kiskun;12;gimnázium;nő;nappali;magyar nyelv és irodalom;közép;rendes;Nem;magyar;4;72;72;megjelent;32;9;18;9;2;2;72;-;-;-;-
2020;1;Bács-Kiskun;12;gimnázium;férfi;nappali;magyar nyelv és irodalom;közép;rendes;Nem;magyar;5;87;87;megjelent;37;9;25;14;0;2;87;-;-;-;-
2020;1;Bács-Kiskun;12;gimnázium;férfi;nappali;magyar nyelv és irodalom;közép;rendes;Nem;magyar;3;46;46;megjelent;25;6;8;7;0;0;46;-;-;-;-
2020;1;Bács-Kiskun;12;gimnázium;férfi;nappali;magyar nyelv és irodalom;közép;rendes;Nem;magyar;4;65;65;megjelent;34;7;14;8;0;2;65;-;-;-;-
2020;1;Bács-Kiskun;12;gimnázium;nő;nappali;magyar nyelv és irodalom;közép;rendes;Nem;magyar;5;92;92;megjelent;38;9;25;15;3;2;92;-;-;-;-
2020;1;Bács-Kiskun;12;gimnázium;férfi;nappali;magyar nyelv és irodalom;közép;rendes;Nem;magyar;4;73;73;megjelent;32;10;19;10;0;2;73;-;-;-;-
2020;1;Bács-Kiskun;12;gimnázium;nő;nappali;magyar nyelv és irodalom;közép;rendes;Nem;magyar;5;87;87;megjelent;36;10;19;14;6;2;87;-;-;-;-
2020;1;Bács-Kiskun;12;gimnázium;nő;nappali;magyar nyelv és irodalom;közép;rendes;Nem;magyar;5;96;96;megjelent;37;10;25;15;7;2;96;-;-;-;-
2020;1;Bács-Kiskun;12;gimnázium;nő;nappali;magyar nyelv és irodalom;közép;rendes;Nem;magyar;5;96;96;megjelent;36;10;25;15;8;2;96;-;-;-;-
2020;1;Bács-Kiskun;12;gimnázium;férfi;nappali;magyar nyelv és irodalom;közép;rendes;Igen;magyar;5;81;75;megjelent;30;9;21;14;0;1;75;-;-;-;-
2020;1;Bács-Kiskun;12;gimnázium;férfi;nappali;magyar nyelv és irodalom;közép;rendes;Nem;magyar;4;71;71;megjelent;34;10;16;9;0;2;71;-;-;-;-
2020;1;Bács-Kiskun;12;gimnázium;nő;nappali;magyar nyelv és irodalom;közép;rendes;Nem;magyar;5;93;93;megjelent;38;8;24;15;6;2;93;-;-;-;-
2020;1;Bács-Kiskun;12;szakgimnázium/szakközépiskola (2016.09.01-től kifutó rendszerben);nő;nappali;magyar nyelv és irodalom;közép;rendes;Nem;magyar;5;82;82;megjelent;34;10;18;14;4;2;82;-;-;-;-
2020;1;Bács-Kiskun;12;gimnázium;férfi;nappali;magyar nyelv és irodalom;közép;rendes;Nem;magyar;4;69;69;megjelent;35;10;15;8;0;1;69;-;-;-;-
2020;1;Bács-Kiskun;12;gimnázium;nő;nappali;magyar nyelv és irodalom;közép;rendes;Nem;magyar;5;80;80;megjelent;36;7;23;12;0;2;80;-;-;-;-
2020;1;Bács-Kiskun;12;gimnázium;nő;nappali;magyar nyelv és irodalom;közép;rendes;Nem;magyar;5;87;87;megjelent;33;9;23;14;6;2;87;-;-;-;-
2020;1;Bács-Kiskun;12;gimnázium;nő;nappali;magyar nyelv és irodalom;közép;rendes;Nem;magyar;5;86;86;megjelent;37;9;23;15;0;2;86;-;-;-;-
2020;1;Bács-Kiskun;12;gimnázium;férfi;nappali;magyar nyelv és irodalom;közép;rendes;Nem;magyar;5;94;94;megjelent;39;10;25;15;3;2;94;-;-;-;-
2020;1;Bács-Kiskun;12;gimnázium;nő;nappali;magyar nyelv és irodalom;közép;rendes;Nem;magyar;5;80;80;megjelent;34;9;22;13;0;2;80;-;-;-;-
2020;1;Bács-Kiskun;12;gimnázium;nő;nappali;magyar nyelv és irodalom;közép;rendes;Nem;magyar;5;85;85;megjelent;34;10;24;15;0;2;85;-;-;-;-
2020;1;Bács-Kiskun;12;gimnázium;férfi;nappali;magyar nyelv és irodalom;közép;rendes;Nem;magyar;5;93;93;megjelent;35;10;24;15;7;2;93;-;-;-;-
2020;1;Bács-Kiskun;12;szakgimnázium/szakközépiskola (2016.09.01-től kifutó rendszerben);nő;nappali;magyar nyelv és irodalom;közép;rendes;Nem;magyar;3;48;48;megjelent;21;3;14;8;0;2;48;-;-;-;-
2020;1;Bács-Kiskun;12;szakgimnázium/szakközépiskola (2016.09.01-től kifutó rendszerben);nő;nappali;magyar nyelv és irodalom;közép;rendes;Nem;magyar;3;44;44;megjelent;7;8;10;9;8;2;44;-;-;-;-
2020;1;Bács-Kiskun;12;szakgimnázium/szakközépiskola (2016.09.01-től kifutó rendszerben);nő;nappali;magyar nyelv és irodalom;közép;rendes;Nem;magyar;2;37;37;megjelent;25;4;2;6;0;0;37;-;-;-;-
2020;1;Bács-Kiskun;12;szakgimnázium/szakközépiskola (2016.09.01-től kifutó rendszerben);férfi;nappali;magyar nyelv és irodalom;közép;rendes;Nem;magyar;4;76;76;megjelent;31;8;17;10;8;2;76;-;-;-;-
2020;1;Bács-Kiskun;12;szakgimnázium/szakközépiskola (2016.09.01-től kifutó rendszerben);nő;nappali;magyar nyelv és irodalom;közép;rendes;Nem;magyar;5;80;80;megjelent;33;10;16;13;8;0;80;-;-;-;-
2020;1;Bács-Kiskun;12;szakgimnázium/szakközépiskola (2016.09.01-től kifutó rendszerben);nő;nappali;magyar nyelv és irodalom;közép;rendes;Nem;magyar;3;50;50;megjelent;25;7;9;8;0;1;50;-;-;-;-
2020;1;Bács-Kiskun;12;szakgimnázium/szakközépiskola (2016.09.01-től kifutó rendszerben);nő;nappali;magyar nyelv és irodalom;közép;rendes;Nem;magyar;5;82;82;megjelent;32;10;22;14;4;0;82;-;-;-;-
2020;1;Bács-Kiskun;12;szakgimnázium/szakközépiskola (2016.09.01-től kifutó rendszerben);nő;nappali;magyar nyelv és irodalom;közép;rendes;Nem;magyar;4;62;62;megjelent;35;8;10;7;2;0;62;-;-;-;-
2020;1;Bács-Kiskun;12;gimnázium;nő;nappali;magyar nyelv és irodalom;közép;rendes;Nem;magyar;5;80;80;megjelent;32;9;22;15;0;2;80;-;-;-;-
2020;1;Bács-Kiskun;12;szakgimnázium/szakközépiskola (2016.09.01-től kifutó rendszerben);nő;nappali;magyar nyelv és irodalom;közép;rendes;Nem;magyar;3;49;49;megjelent;23;6;6;9;5;0;49;-;-;-;-
2020;1;Bács-Kiskun;12;szakgimnázium/szakközépiskola (2016.09.01-től kifutó rendszerben);nő;nappali;magyar nyelv és irodalom;közép;rendes;Nem;magyar;5;91;91;megjelent;31;10;25;15;8;2;91;-;-;-;-
2020;1;Bács-Kiskun;12;szakgimnázium/szakközépiskola (2016.09.01-től kifutó rendszerben);nő;nappali;magyar nyelv és irodalom;közép;rendes;Nem;magyar;3;41;41;megjelent;24;5;3;5;4;0;41;-;-;-;-
2020;1;Bács-Kiskun;12;szakgimnázium/szakközépiskola (2016.09.01-től kifutó rendszerben);nő;nappali;magyar nyelv és irodalom;közép;rendes;Nem;magyar;3;52;52;megjelent;30;9;5;7;0;1;52;-;-;-;-
2020;1;Bács-Kiskun;12;szakgimnázium/szakközépiskola (2016.09.01-től kifutó rendszerben);nő;nappali;magyar nyelv és irodalom;közép;rendes;Nem;magyar;3;54;54;megjelent;23;6;15;10;0;0;54;-;-;-;-
2020;1;Bács-Kiskun;12;szakgimnázium/szakközépiskola (2016.09.01-től kifutó rendszerben);férfi;nappali;magyar nyelv és irodalom;közép;rendes;Nem;magyar;3;41;41;megjelent;23;5;4;7;0;2;41;-;-;-;-
2020;1;Bács-Kiskun;12;szakgimnázium/szakközépiskola (2016.09.01-től kifutó rendszerben);nő;nappali;magyar nyelv és irodalom;közép;rendes;Nem;magyar;3;48;48;megjelent;21;5;10;10;0;2;48;-;-;-;-
2020;1;Bács-Kiskun;12;szakgimnázium/szakközépiskola (2016.09.01-től kifutó rendszerben);nő;nappali;magyar nyelv és irodalom;közép;rendes;Nem;magyar;3;47;47;megjelent;21;7;8;9;0;2;47;-;-;-;-
2020;1;Bács-Kiskun;12;szakgimnázium/szakközépiskola (2016.09.01-től kifutó rendszerben);férfi;nappali;magyar nyelv és irodalom;közép;rendes;Nem;magyar;3;51;51;megjelent;29;4;9;8;0;1;51;-;-;-;-
2020;1;Bács-Kiskun;12;szakgimnázium/szakközépiskola (2016.09.01-től kifutó rendszerben);férfi;nappali;magyar nyelv és irodalom;közép;rendes;Nem;magyar;5;83;83;megjelent;31;10;19;15;6;2;83;-;-;-;-
2020;1;Bács-Kiskun;12;szakgimnázium/szakközépiskola (2016.09.01-től kifutó rendszerben);nő;nappali;magyar nyelv és irodalom;közép;rendes;Nem;magyar;4;60;60;megjelent;24;9;12;10;4;1;60;-;-;-;-
2020;1;Bács-Kiskun;12;szakgimnázium/szakközépiskola (2016.09.01-től kifutó rendszerben);nő;nappali;magyar nyelv és irodalom;közép;rendes;Nem;magyar;2;35;35;megjelent;24;4;3;4;0;0;35;-;-;-;-
2020;1;Bács-Kiskun;12;szakgimnázium/szakközépiskola (2016.09.01-től kifutó rendszerben);nő;nappali;magyar nyelv és irodalom;közép;rendes;Nem;magyar;4;63;63;megjelent;31;8;12;8;4;0;63;-;-;-;-
2020;1;Bács-Kiskun;12;szakgimnázium/szakközépiskola (2016.09.01-től kifutó rendszerben);nő;nappali;magyar nyelv és irodalom;közép;rendes;Nem;magyar;3;41;41;megjelent;22;6;3;6;4;0;41;-;-;-;-
2020;1;Bács-Kiskun;12;szakgimnázium/szakközépiskola (2016.09.01-től kifutó rendszerben);nő;nappali;magyar nyelv és irodalom;közép;rendes;Nem;magyar;5;80;80;megjelent;37;9;21;13;0;0;80;-;-;-;-
2020;1;Bács-Kiskun;12;szakgimnázium/szakközépiskola (2016.09.01-től kifutó rendszerben);férfi;nappali;magyar nyelv és irodalom;közép;rendes;Nem;magyar;4;70;70;megjelent;23;9;16;13;7;2;70;-;-;-;-
2020;1;Bács-Kiskun;12;szakgimnázium/szakközépiskola (2016.09.01-től kifutó rendszerben);nő;nappali;magyar nyelv és irodalom;közép;rendes;Nem;magyar;4;67;67;megjelent;26;8;16;11;5;1;67;-;-;-;-
2020;1;Bács-Kiskun;12;szakgimnázium/szakközépiskola (2016.09.01-től kifutó rendszerben);nő;nappali;magyar nyelv és irodalom;közép;rendes;Nem;magyar;3;44;44;megjelent;28;4;5;4;3;0;44;-;-;-;-
2020;1;Bács-Kiskun;12;gimnázium;nő;nappali;magyar nyelv és irodalom;közép;rendes;Nem;magyar;2;36;36;megjelent;22;4;6;4;0;0;36;-;-;-;-
2020;1;Bács-Kiskun;12;szakgimnázium/szakközépiskola (2016.09.01-től kifutó rendszerben);nő;nappali;magyar nyelv és irodalom;közép;rendes;Nem;magyar;3;52;52;megjelent;29;6;8;8;0;1;52;-;-;-;-
2020;1;Bács-Kiskun;12;szakgimnázium/szakközépiskola (2016.09.01-től kifutó rendszerben);nő;nappali;magyar nyelv és irodalom;közép;rendes;Nem;magyar;3;43;43;megjelent;25;6;8;4;0;0;43;-;-;-;-
2020;1;Bács-Kiskun;12;szakgimnázium/szakközépiskola (2016.09.01-től kifutó rendszerben);nő;nappali;magyar nyelv és irodalom;közép;rendes;Nem;magyar;3;44;44;megjelent;23;6;7;8;0;0;44;-;-;-;-
2020;1;Bács-Kiskun;12;szakgimnázium/szakközépiskola (2016.09.01-től kifutó rendszerben);nő;nappali;magyar nyelv és irodalom;közép;rendes;Nem;magyar;3;40;40;megjelent;26;6;4;4;0;0;40;-;-;-;-
2020;1;Bács-Kiskun;12;szakgimnázium/szakközépiskola (2016.09.01-től kifutó rendszerben);nő;nappali;magyar nyelv és irodalom;közép;rendes;Nem;magyar;3;42;42;megjelent;23;8;7;4;0;0;42;-;-;-;-
2020;1;Bács-Kiskun;12;szakgimnázium/szakközépiskola (2016.09.01-től kifutó rendszerben);nő;nappali;magyar nyelv és irodalom;közép;rendes;Nem;magyar;3;44;44;megjelent;26;4;8;6;0;0;44;-;-;-;-
2020;1;Bács-Kiskun;12;szakgimnázium/szakközépiskola (2016.09.01-től kifutó rendszerben);nő;nappali;magyar nyelv és irodalom;közép;rendes;Nem;magyar;3;51;51;megjelent;20;5;16;10;0;0;51;-;-;-;-
2020;1;Bács-Kiskun;12;szakgimnázium/szakközépiskola (2016.09.01-től kifutó rendszerben);nő;nappali;magyar nyelv és irodalom;közép;rendes;Nem;magyar;4;72;72;megjelent;32;8;18;10;4;0;72;-;-;-;-
2020;1;Bács-Kiskun;12;szakgimnázium/szakközépiskola (2016.09.01-től kifutó rendszerben);nő;nappali;magyar nyelv és irodalom;közép;rendes;Nem;magyar;5;82;82;megjelent;34;10;18;15;3;2;82;-;-;-;-
2020;1;Bács-Kiskun;12;szakgimnázium/szakközépiskola (2016.09.01-től kifutó rendszerben);nő;nappali;magyar nyelv és irodalom;közép;rendes;Nem;magyar;3;41;41;megjelent;19;3;10;8;0;1;41;-;-;-;-
2020;1;Bács-Kiskun;12;szakgimnázium/szakközépiskola (2016.09.01-től kifutó rendszerben);nő;nappali;magyar nyelv és irodalom;közép;rendes;Nem;magyar;3;56;56;megjelent;22;6;14;10;2;2;56;-;-;-;-
2020;1;Bács-Kiskun;12;szakgimnázium/szakközépiskola (2016.09.01-től kifutó rendszerben);férfi;nappali;magyar nyelv és irodalom;közép;rendes;Nem;magyar;5;80;80;megjelent;24;10;23;15;7;1;80;-;-;-;-
2020;1;Bács-Kiskun;12;szakgimnázium/szakközépiskola (2016.09.01-től kifutó rendszerben);férfi;nappali;magyar nyelv és irodalom;közép;rendes;Nem;magyar;4;68;68;megjelent;28;9;14;10;5;2;68;-;-;-;-
2020;1;Bács-Kiskun;12;szakgimnázium/szakközépiskola (2016.09.01-től kifutó rendszerben);nő;nappali;magyar nyelv és irodalom;közép;rendes;Nem;magyar;4;73;73;megjelent;25;10;23;13;0;2;73;-;-;-;-
2020;1;Bács-Kiskun;12;szakgimnázium/szakközépiskola (2016.09.01-től kifutó rendszerben);nő;nappali;magyar nyelv és irodalom;közép;rendes;Nem;magyar;5;86;86;megjelent;34;8;20;15;7;2;86;-;-;-;-
2020;1;Bács-Kiskun;12;gimnázium;nő;nappali;magyar nyelv és irodalom;közép;rendes;Nem;magyar;5;80;80;megjelent;30;10;22;15;1;2;80;-;-;-;-
2020;1;Bács-Kiskun;12;szakgimnázium/szakközépiskola (2016.09.01-től kifutó rendszerben);nő;nappali;magyar nyelv és irodalom;közép;rendes;Nem;magyar;5;81;81;megjelent;33;10;23;13;0;2;81;-;-;-;-
2020;1;Bács-Kiskun;12;gimnázium;nő;nappali;magyar nyelv és irodalom;közép;rendes;Nem;magyar;4;72;72;megjelent;31;7;18;14;0;2;72;-;-;-;-
2020;1;Bács-Kiskun;12;gimnázium;nő;nappali;magyar nyelv és irodalom;közép;rendes;Nem;magyar;5;92;92;megjelent;37;10;22;14;7;2;92;-;-;-;-
2020;1;Bács-Kiskun;12;szakgimnázium/szakközépiskola (2016.09.01-től kifutó rendszerben);nő;nappali;magyar nyelv és irodalom;közép;rendes;Nem;magyar;3;40;40;megjelent;20;6;8;6;0;0;40;-;-;-;-
2020;1;Bács-Kiskun;12;szakgimnázium/szakközépiskola (2016.09.01-től kifutó rendszerben);férfi;nappali;magyar nyelv és irodalom;közép;rendes;Nem;magyar;2;25;38;megjelent;21;0;0;0;0;0;21;5;6;6;17
2020;1;Bács-Kiskun;12;szakgimnázium/szakközépiskola (2016.09.01-től kifutó rendszerben);nő;nappali;magyar nyelv és irodalom;közép;rendes;Nem;magyar;3;53;53;megjelent;22;6;16;9;0;0;53;-;-;-;-
2020;1;Bács-Kiskun;12;szakgimnázium/szakközépiskola (2016.09.01-től kifutó rendszerben);nő;nappali;magyar nyelv és irodalom;közép;rendes;Nem;magyar;3;40;40;megjelent;24;2;8;5;0;1;40;-;-;-;-
2020;1;Bács-Kiskun;12;szakgimnázium/szakközépiskola (2016.09.01-től kifutó rendszerben);férfi;nappali;magyar nyelv és irodalom;közép;rendes;Igen;magyar;2;34;32;megjelent;21;6;2;3;0;0;32;-;-;-;-
2020;1;Bács-Kiskun;12;szakgimnázium/szakközépiskola (2016.09.01-től kifutó rendszerben);nő;nappali;magyar nyelv és irodalom;közép;rendes;Nem;magyar;2;31;31;megjelent;20;0;5;5;0;1;31;-;-;-;-
2020;1;Bács-Kiskun;12;szakgimnázium/szakközépiskola (2016.09.01-től kifutó rendszerben);nő;nappali;magyar nyelv és irodalom;közép;rendes;Nem;magyar;3;55;55;megjelent;31;0;13;9;0;2;55;-;-;-;-
2020;1;Bács-Kiskun;12;szakgimnázium/szakközépiskola (2016.09.01-től kifutó rendszerben);férfi;nappali;magyar nyelv és irodalom;közép;rendes;Nem;magyar;3;42;42;megjelent;21;4;10;6;0;1;42;-;-;-;-
2020;1;Bács-Kiskun;12;szakgimnázium/szakközépiskola (2016.09.01-től kifutó rendszerben);nő;nappali;magyar nyelv és irodalom;közép;rendes;Nem;magyar;3;52;52;megjelent;22;6;15;9;0;0;52;-;-;-;-
2020;1;Bács-Kiskun;12;szakgimnázium/szakközépiskola (2016.09.01-től kifutó rendszerben);férfi;nappali;magyar nyelv és irodalom;közép;rendes;Nem;magyar;3;40;40;megjelent;24;0;10;6;0;0;40;-;-;-;-
2020;1;Bács-Kiskun;12;szakgimnázium/szakközépiskola (2016.09.01-től kifutó rendszerben);férfi;nappali;magyar nyelv és irodalom;közép;rendes;Nem;magyar;2;31;31;megjelent;20;0;6;4;0;1;31;-;-;-;-
2020;1;Bács-Kiskun;12;szakgimnázium/szakközépiskola (2016.09.01-től kifutó rendszerben);férfi;nappali;magyar nyelv és irodalom;közép;rendes;Nem;magyar;3;42;42;megjelent;22;6;8;5;0;1;42;-;-;-;-
2020;1;Bács-Kiskun;12;szakgimnázium/szakközépiskola (2016.09.01-től kifutó rendszerben);férfi;nappali;magyar nyelv és irodalom;közép;rendes;Nem;magyar;4;60;60;megjelent;27;7;16;10;0;0;60;-;-;-;-
2020;1;Bács-Kiskun;12;szakgimnázium/szakközépiskola (2016.09.01-től kifutó rendszerben);férfi;nappali;magyar nyelv és irodalom;közép;rendes;Nem;magyar;3;49;49;megjelent;28;6;9;6;0;0;49;-;-;-;-
2020;1;Bács-Kiskun;12;szakgimnázium/szakközépiskola (2016.09.01-től kifutó rendszerben);férfi;nappali;magyar nyelv és irodalom;közép;rendes;Nem;magyar;4;64;64;megjelent;26;9;18;10;0;1;64;-;-;-;-
2020;1;Bács-Kiskun;12;szakgimnázium/szakközépiskola (2016.09.01-től kifutó rendszerben);férfi;nappali;magyar nyelv és irodalom;közép;rendes;Nem;magyar;3;54;54;megjelent;26;5;13;9;0;1;54;-;-;-;-
2020;1;Bács-Kiskun;12;szakgimnázium/szakközépiskola (2016.09.01-től kifutó rendszerben);férfi;nappali;magyar nyelv és irodalom;közép;rendes;Igen;magyar;2;31;29;megjelent;16;4;5;4;0;0;29;-;-;-;-
2020;1;Bács-Kiskun;12;szakgimnázium/szakközépiskola (2016.09.01-től kifutó rendszerben);férfi;nappali;magyar nyelv és irodalom;közép;előrehozott;Nem;magyar;3;42;42;megjelent;20;7;7;6;0;2;42;-;-;-;-
2020;1;Bács-Kiskun;12;szakgimnázium/szakközépiskola (2016.09.01-től kifutó rendszerben);nő;nappali;magyar nyelv és irodalom;közép;rendes;Igen;magyar;2;26;13;megjelent;-;-;-;-;-;-;-;5;3;5;13
2020;1;Bács-Kiskun;12;szakgimnázium/szakközépiskola (2016.09.01-től kifutó rendszerben);nő;nappali;magyar nyelv és irodalom;közép;rendes;Nem;magyar;4;68;68;megjelent;35;9;10;10;2;2;68;-;-;-;-
2020;1;Bács-Kiskun;12;szakgimnázium/szakközépiskola (2016.09.01-től kifutó rendszerben);nő;nappali;magyar nyelv és irodalom;közép;előrehozott;Nem;magyar;3;41;41;megjelent;25;5;3;5;2;1;41;-;-;-;-
2020;1;Bács-Kiskun;12;szakgimnázium/szakközépiskola (2016.09.01-től kifutó rendszerben);férfi;nappali;magyar nyelv és irodalom;közép;rendes;Nem;magyar;4;63;63;megjelent;27;8;15;11;1;1;63;-;-;-;-
2020;1;Bács-Kiskun;12;szakgimnázium/szakközépiskola (2016.09.01-től kifutó rendszerben);férfi;nappali;magyar nyelv és irodalom;közép;rendes;Nem;magyar;3;51;51;megjelent;28;8;7;7;0;1;51;-;-;-;-
2020;1;Bács-Kiskun;12;gimnázium;férfi;nappali;magyar nyelv és irodalom;közép;rendes;Nem;magyar;5;87;87;megjelent;35;10;23;15;2;2;87;-;-;-;-
2020;1;Bács-Kiskun;12;szakgimnázium/szakközépiskola (2016.09.01-től kifutó rendszerben);nő;nappali;magyar nyelv és irodalom;közép;rendes;Nem;magyar;3;50;50;megjelent;25;4;10;9;0;2;50;-;-;-;-
2020;1;Bács-Kiskun;12;szakgimnázium/szakközépiskola (2016.09.01-től kifutó rendszerben);nő;nappali;magyar nyelv és irodalom;közép;rendes;Nem;magyar;5;92;92;megjelent;35;10;25;15;5;2;92;-;-;-;-
2020;1;Bács-Kiskun;12;szakgimnázium/szakközépiskola (2016.09.01-től kifutó rendszerben);férfi;nappali;magyar nyelv és irodalom;közép;rendes;Nem;magyar;3;53;53;megjelent;28;7;9;8;0;1;53;-;-;-;-
2020;1;Bács-Kiskun;12;szakgimnázium/szakközépiskola (2016.09.01-től kifutó rendszerben);férfi;nappali;magyar nyelv és irodalom;közép;rendes;Igen;magyar;3;47;44;megjelent;24;8;5;5;0;2;44;-;-;-;-
2020;1;Bács-Kiskun;12;gimnázium;férfi;nappali;magyar nyelv és irodalom;közép;rendes;Nem;magyar;2;37;37;megjelent;25;3;4;5;0;0;37;-;-;-;-
2020;1;Bács-Kiskun;12;szakgimnázium/szakközépiskola (2016.09.01-től kifutó rendszerben);férfi;nappali;magyar nyelv és irodalom;közép;rendes;Nem;magyar;3;41;41;megjelent;22;7;5;5;0;2;41;-;-;-;-
2020;1;Bács-Kiskun;12;szakgimnázium/szakközépiskola (2016.09.01-től kifutó rendszerben);nő;nappali;magyar nyelv és irodalom;közép;rendes;Nem;magyar;4;75;75;megjelent;33;6;15;14;5;2;75;-;-;-;-
2020;1;Bács-Kiskun;12;szakgimnázium/szakközépiskola (2016.09.01-től kifutó rendszerben);férfi;nappali;magyar nyelv és irodalom;közép;rendes;Nem;magyar;4;62;62;megjelent;30;0;18;11;2;1;62;-;-;-;-
2020;1;Bács-Kiskun;12;szakgimnázium/szakközépiskola (2016.09.01-től kifutó rendszerben);férfi;nappali;magyar nyelv és irodalom;közép;rendes;Nem;magyar;3;55;55;megjelent;30;4;10;10;0;1;55;-;-;-;-
2020;1;Bács-Kiskun;12;szakgimnázium/szakközépiskola (2016.09.01-től kifutó rendszerben);nő;nappali;magyar nyelv és irodalom;közép;rendes;Nem;magyar;3;45;45;megjelent;22;4;9;8;0;2;45;-;-;-;-
2020;1;Bács-Kiskun;12;szakgimnázium/szakközépiskola (2016.09.01-től kifutó rendszerben);nő;nappali;magyar nyelv és irodalom;közép;rendes;Nem;magyar;5;85;85;megjelent;33;10;19;15;6;2;85;-;-;-;-
2020;1;Bács-Kiskun;12;szakgimnázium/szakközépiskola (2016.09.01-től kifutó rendszerben);nő;nappali;magyar nyelv és irodalom;közép;rendes;Nem;magyar;3;57;57;megjelent;25;9;14;7;0;2;57;-;-;-;-
2020;1;Bács-Kiskun;12;szakgimnázium/szakközépiskola (2016.09.01-től kifutó rendszerben);férfi;nappali;magyar nyelv és irodalom;közép;rendes;Nem;magyar;3;49;49;megjelent;23;5;10;7;2;2;49;-;-;-;-
2020;1;Bács-Kiskun;12;szakgimnázium/szakközépiskola (2016.09.01-től kifutó rendszerben);férfi;nappali;magyar nyelv és irodalom;közép;rendes;Nem;magyar;4;69;69;megjelent;31;7;9;12;8;2;69;-;-;-;-
2020;1;Bács-Kiskun;12;szakgimnázium/szakközépiskola (2016.09.01-től kifutó rendszerben);nő;nappali;magyar nyelv és irodalom;közép;rendes;Nem;magyar;5;80;80;megjelent;33;7;18;13;7;2;80;-;-;-;-
2020;1;Bács-Kiskun;12;gimnázium;nő;nappali;magyar nyelv és irodalom;közép;rendes;Nem;magyar;4;72;72;megjelent;29;8;18;15;0;2;72;-;-;-;-
2020;1;Bács-Kiskun;12;szakgimnázium/szakközépiskola (2016.09.01-től kifutó rendszerben);nő;nappali;magyar nyelv és irodalom;közép;rendes;Nem;magyar;3;47;47;megjelent;16;3;16;9;1;2;47;-;-;-;-
2020;1;Bács-Kiskun;12;szakgimnázium/szakközépiskola (2016.09.01-től kifutó rendszerben);nő;nappali;magyar nyelv és irodalom;közép;rendes;Nem;magyar;4;75;75;megjelent;30;10;19;13;1;2;75;-;-;-;-
2020;1;Bács-Kiskun;12;szakgimnázium/szakközépiskola (2016.09.01-től kifutó rendszerben);nő;nappali;magyar nyelv és irodalom;közép;rendes;Nem;magyar;3;56;56;megjelent;29;8;10;7;0;2;56;-;-;-;-
2020;1;Bács-Kiskun;12;szakgimnázium/szakközépiskola (2016.09.01-től kifutó rendszerben);nő;nappali;magyar nyelv és irodalom;közép;rendes;Nem;magyar;3;51;51;megjelent;26;4;13;6;0;2;51;-;-;-;-
2020;1;Bács-Kiskun;12;szakgimnázium/szakközépiskola (2016.09.01-től kifutó rendszerben);nő;nappali;magyar nyelv és irodalom;közép;rendes;Nem;magyar;3;51;51;megjelent;23;7;6;11;2;2;51;-;-;-;-
2020;1;Bács-Kiskun;12;gimnázium;férfi;nappali;magyar nyelv és irodalom;közép;rendes;Nem;magyar;2;35;35;megjelent;22;4;4;5;0;0;35;-;-;-;-
2020;1;Bács-Kiskun;12;gimnázium;nő;nappali;magyar nyelv és irodalom;közép;rendes;Nem;magyar;4;75;75;megjelent;34;9;16;10;4;2;75;-;-;-;-
2020;1;Bács-Kiskun;12;gimnázium;nő;nappali;magyar nyelv és irodalom;közép;rendes;Nem;magyar;5;86;86;megjelent;34;9;25;15;1;2;86;-;-;-;-
2020;1;Bács-Kiskun;12;gimnázium;férfi;nappali;magyar nyelv és irodalom;közép;rendes;Nem;magyar;5;87;87;megjelent;37;9;21;14;4;2;87;-;-;-;-
2020;1;Bács-Kiskun;12;gimnázium;férfi;nappali;magyar nyelv és irodalom;közép;rendes;Nem;magyar;5;81;81;megjelent;32;9;23;15;0;2;81;-;-;-;-
2020;1;Bács-Kiskun;12;gimnázium;nő;nappali;magyar nyelv és irodalom;közép;rendes;Nem;magyar;5;80;80;megjelent;29;10;23;13;3;2;80;-;-;-;-
2020;1;Bács-Kiskun;12;szakgimnázium/szakközépiskola (2016.09.01-től kifutó rendszerben);nő;nappali;magyar nyelv és irodalom;közép;rendes;Nem;magyar;5;83;83;megjelent;30;10;21;14;7;1;83;-;-;-;-
2020;1;Bács-Kiskun;12;gimnázium;nő;nappali;magyar nyelv és irodalom;közép;rendes;Nem;magyar;5;80;80;megjelent;36;9;20;13;0;2;80;-;-;-;-
2020;1;Bács-Kiskun;12;szakgimnázium/szakközépiskola (2016.09.01-től kifutó rendszerben);férfi;nappali;magyar nyelv és irodalom;közép;rendes;Nem;magyar;3;55;55;megjelent;34;7;4;5;3;2;55;-;-;-;-
2020;1;Bács-Kiskun;12;szakgimnázium/szakközépiskola (2016.09.01-től kifutó rendszerben);nő;nappali;magyar nyelv és irodalom;közép;rendes;Nem;magyar;4;62;62;megjelent;30;5;18;9;0;0;62;-;-;-;-
2020;1;Bács-Kiskun;12;szakgimnázium/szakközépiskola (2016.09.01-től kifutó rendszerben);nő;nappali;magyar nyelv és irodalom;közép;rendes;Igen;magyar;4;60;56;megjelent;26;7;15;7;0;1;56;-;-;-;-
2020;1;Bács-Kiskun;12;szakgimnázium/szakközépiskola (2016.09.01-től kifutó rendszerben);férfi;nappali;magyar nyelv és irodalom;közép;rendes;Nem;magyar;3;48;48;megjelent;23;7;11;7;0;0;48;-;-;-;-
2020;1;Bács-Kiskun;12;gimnázium;nő;nappali;magyar nyelv és irodalom;közép;rendes;Nem;magyar;5;88;88;megjelent;37;9;19;14;7;2;88;-;-;-;-
2020;1;Bács-Kiskun;12;szakgimnázium/szakközépiskola (2016.09.01-től kifutó rendszerben);nő;nappali;magyar nyelv és irodalom;közép;rendes;Nem;magyar;3;57;57;megjelent;31;6;11;6;2;1;57;-;-;-;-
2020;1;Bács-Kiskun;12;szakgimnázium/szakközépiskola (2016.09.01-től kifutó rendszerben);nő;nappali;magyar nyelv és irodalom;közép;rendes;Nem;magyar;5;82;82;megjelent;31;10;19;12;8;2;82;-;-;-;-
2020;1;Bács-Kiskun;12;szakgimnázium/szakközépiskola (2016.09.01-től kifutó rendszerben);nő;nappali;magyar nyelv és irodalom;közép;rendes;Nem;magyar;5;80;80;megjelent;33;9;19;14;3;2;80;-;-;-;-
2020;1;Bács-Kiskun;12;szakgimnázium/szakközépiskola (2016.09.01-től kifutó rendszerben);nő;nappali;magyar nyelv és irodalom;közép;rendes;Nem;magyar;4;75;75;megjelent;30;7;17;13;6;2;75;-;-;-;-
2020;1;Bács-Kiskun;12;szakgimnázium/szakközépiskola (2016.09.01-től kifutó rendszerben);nő;nappali;magyar nyelv és irodalom;közép;rendes;Nem;magyar;4;74;74;megjelent;32;8;18;11;3;2;74;-;-;-;-
2020;1;Bács-Kiskun;12;szakgimnázium/szakközépiskola (2016.09.01-től kifutó rendszerben);nő;nappali;magyar nyelv és irodalom;közép;rendes;Nem;magyar;2;26;40;megjelent;16;0;0;0;0;0;16;12;5;7;24
2020;1;Bács-Kiskun;12;gimnázium;nő;nappali;magyar nyelv és irodalom;közép;rendes;Nem;magyar;5;95;95;megjelent;38;10;25;15;6;1;95;-;-;-;-
2020;1;Bács-Kiskun;12;szakgimnázium/szakközépiskola (2016.09.01-től kifutó rendszerben);nő;nappali;magyar nyelv és irodalom;közép;rendes;Igen;magyar;5;80;74;megjelent;31;9;18;14;0;2;74;-;-;-;-
2020;1;Bács-Kiskun;12;szakgimnázium/szakközépiskola (2016.09.01-től kifutó rendszerben);nő;nappali;magyar nyelv és irodalom;közép;rendes;Nem;magyar;5;83;83;megjelent;32;9;19;13;8;2;83;-;-;-;-
2020;1;Bács-Kiskun;12;szakgimnázium/szakközépiskola (2016.09.01-től kifutó rendszerben);nő;nappali;magyar nyelv és irodalom;közép;rendes;Nem;magyar;4;77;77;megjelent;33;5;18;12;7;2;77;-;-;-;-
2020;1;Bács-Kiskun;12;szakgimnázium/szakközépiskola (2016.09.01-től kifutó rendszerben);férfi;nappali;magyar nyelv és irodalom;közép;rendes;Nem;magyar;3;47;47;megjelent;27;6;5;7;0;2;47;-;-;-;-
2020;1;Bács-Kiskun;12;gimnázium;férfi;nappali;magyar nyelv és irodalom;közép;rendes;Nem;magyar;5;88;88;megjelent;36;9;24;12;6;1;88;-;-;-;-
2020;1;Bács-Kiskun;12;szakgimnázium/szakközépiskola (2016.09.01-től kifutó rendszerben);nő;nappali;magyar nyelv és irodalom;közép;rendes;Nem;magyar;4;76;76;megjelent;33;7;16;10;8;2;76;-;-;-;-
2020;1;Bács-Kiskun;12;szakgimnázium/szakközépiskola (2016.09.01-től kifutó rendszerben);nő;nappali;magyar nyelv és irodalom;közép;rendes;Nem;magyar;4;61;61;megjelent;30;10;12;9;0;0;61;-;-;-;-
2020;1;Bács-Kiskun;12;szakgimnázium/szakközépiskola (2016.09.01-től kifutó rendszerben);nő;nappali;magyar nyelv és irodalom;közép;rendes;Nem;magyar;3;50;50;megjelent;30;4;8;6;0;2;50;-;-;-;-
2020;1;Bács-Kiskun;12;szakgimnázium/szakközépiskola (2016.09.01-től kifutó rendszerben);férfi;nappali;magyar nyelv és irodalom;közép;rendes;Nem;magyar;5;90;90;megjelent;35;10;21;14;8;2;90;-;-;-;-
2020;1;Bács-Kiskun;12;szakgimnázium/szakközépiskola (2016.09.01-től kifutó rendszerben);férfi;nappali;magyar nyelv és irodalom;közép;rendes;Nem;magyar;4;75;75;megjelent;35;10;16;12;2;0;75;-;-;-;-
2020;1;Bács-Kiskun;12;szakgimnázium/szakközépiskola (2016.09.01-től kifutó rendszerben);nő;nappali;magyar nyelv és irodalom;közép;rendes;Nem;magyar;5;82;82;megjelent;32;7;21;14;6;2;82;-;-;-;-
2020;1;Bács-Kiskun;12;szakgimnázium/szakközépiskola (2016.09.01-től kifutó rendszerben);nő;nappali;magyar nyelv és irodalom;közép;rendes;Nem;magyar;5;86;86;megjelent;31;10;23;14;6;2;86;-;-;-;-
2020;1;Bács-Kiskun;12;szakgimnázium/szakközépiskola (2016.09.01-től kifutó rendszerben);nő;nappali;magyar nyelv és irodalom;közép;rendes;Nem;magyar;5;81;81;megjelent;36;7;23;13;0;2;81;-;-;-;-
2020;1;Bács-Kiskun;12;szakgimnázium/szakközépiskola (2016.09.01-től kifutó rendszerben);nő;nappali;magyar nyelv és irodalom;közép;rendes;Nem;magyar;5;80;80;megjelent;32;10;20;14;2;2;80;-;-;-;-
2020;1;Bács-Kiskun;12;szakgimnázium/szakközépiskola (2016.09.01-től kifutó rendszerben);nő;nappali;magyar nyelv és irodalom;közép;rendes;Nem;magyar;3;53;53;megjelent;25;4;14;8;0;2;53;-;-;-;-
2020;1;Bács-Kiskun;12;szakgimnázium/szakközépiskola (2016.09.01-től kifutó rendszerben);férfi;nappali;magyar nyelv és irodalom;közép;rendes;Nem;magyar;4;64;64;megjelent;31;10;15;8;0;0;64;-;-;-;-
2020;1;Bács-Kiskun;12;szakgimnázium/szakközépiskola (2016.09.01-től kifutó rendszerben);férfi;nappali;magyar nyelv és irodalom;közép;rendes;Nem;magyar;4;60;60;megjelent;27;10;13;10;0;0;60;-;-;-;-
2020;1;Bács-Kiskun;12;szakgimnázium/szakközépiskola (2016.09.01-től kifutó rendszerben);nő;nappali;magyar nyelv és irodalom;közép;rendes;Nem;magyar;3;42;42;megjelent;22;3;9;7;0;1;42;-;-;-;-
2020;1;Bács-Kiskun;12;szakgimnázium/szakközépiskola (2016.09.01-től kifutó rendszerben);férfi;nappali;magyar nyelv és irodalom;közép;rendes;Nem;magyar;3;57;57;megjelent;33;7;10;7;0;0;57;-;-;-;-
2020;1;Bács-Kiskun;12;szakgimnázium/szakközépiskola (2016.09.01-től kifutó rendszerben);nő;nappali;magyar nyelv és irodalom;közép;rendes;Nem;magyar;3;52;52;megjelent;25;7;11;9;0;0;52;-;-;-;-
2020;1;Bács-Kiskun;12;szakgimnázium/szakközépiskola (2016.09.01-től kifutó rendszerben);férfi;nappali;magyar nyelv és irodalom;közép;rendes;Nem;magyar;3;52;52;megjelent;29;6;9;8;0;0;52;-;-;-;-
2020;1;Bács-Kiskun;12;szakgimnázium/szakközépiskola (2016.09.01-től kifutó rendszerben);nő;nappali;magyar nyelv és irodalom;közép;rendes;Nem;magyar;4;79;79;megjelent;31;9;20;13;4;2;79;-;-;-;-
2020;1;Bács-Kiskun;12;szakgimnázium/szakközépiskola (2016.09.01-től kifutó rendszerben);nő;nappali;magyar nyelv és irodalom;közép;rendes;Nem;magyar;4;64;64;megjelent;24;8;13;12;5;2;64;-;-;-;-
2020;1;Bács-Kiskun;12;szakgimnázium/szakközépiskola (2016.09.01-től kifutó rendszerben);nő;nappali;magyar nyelv és irodalom;közép;rendes;Nem;magyar;3;58;58;megjelent;23;10;12;8;4;1;58;-;-;-;-
2020;1;Bács-Kiskun;12;szakgimnázium/szakközépiskola (2016.09.01-től kifutó rendszerben);nő;nappali;magyar nyelv és irodalom;közép;rendes;Nem;magyar;5;85;85;megjelent;33;10;18;14;8;2;85;-;-;-;-
2020;1;Bács-Kiskun;12;szakgimnázium/szakközépiskola (2016.09.01-től kifutó rendszerben);nő;nappali;magyar nyelv és irodalom;közép;rendes;Nem;magyar;3;55;55;megjelent;25;9;9;7;4;1;55;-;-;-;-
2020;1;Bács-Kiskun;12;szakgimnázium/szakközépiskola (2016.09.01-től kifutó rendszerben);férfi;nappali;magyar nyelv és irodalom;közép;rendes;Nem;magyar;4;73;73;megjelent;32;6;15;13;5;2;73;-;-;-;-
2020;1;Bács-Kiskun;12;szakgimnázium/szakközépiskola (2016.09.01-től kifutó rendszerben);férfi;nappali;magyar nyelv és irodalom;közép;rendes;Nem;magyar;4;70;70;megjelent;37;7;8;11;5;2;70;-;-;-;-
2020;1;Bács-Kiskun;12;gimnázium;férfi;nappali;magyar nyelv és irodalom;közép;rendes;Nem;magyar;4;71;71;megjelent;33;8;19;9;0;2;71;-;-;-;-
2020;1;Bács-Kiskun;12;szakgimnázium/szakközépiskola (2016.09.01-től kifutó rendszerben);férfi;nappali;magyar nyelv és irodalom;közép;rendes;Nem;magyar;5;83;83;megjelent;35;9;19;13;6;1;83;-;-;-;-
2020;1;Bács-Kiskun;12;szakgimnázium/szakközépiskola (2016.09.01-től kifutó rendszerben);nő;nappali;magyar nyelv és irodalom;közép;rendes;Nem;magyar;4;64;64;megjelent;31;8;11;8;4;2;64;-;-;-;-
2020;1;Bács-Kiskun;12;szakgimnázium/szakközépiskola (2016.09.01-től kifutó rendszerben);nő;nappali;magyar nyelv és irodalom;közép;rendes;Nem;magyar;3;54;54;megjelent;25;6;12;9;0;2;54;-;-;-;-
2020;1;Bács-Kiskun;12;szakgimnázium/szakközépiskola (2016.09.01-től kifutó rendszerben);férfi;nappali;magyar nyelv és irodalom;közép;rendes;Nem;magyar;5;84;84;megjelent;36;10;17;15;4;2;84;-;-;-;-
2020;1;Bács-Kiskun;12;szakgimnázium/szakközépiskola (2016.09.01-től kifutó rendszerben);férfi;nappali;magyar nyelv és irodalom;közép;rendes;Nem;magyar;3;45;45;megjelent;26;6;7;4;0;2;45;-;-;-;-
2020;1;Bács-Kiskun;12;szakgimnázium/szakközépiskola (2016.09.01-től kifutó rendszerben);nő;nappali;magyar nyelv és irodalom;közép;rendes;Nem;magyar;3;48;48;megjelent;24;6;8;8;0;2;48;-;-;-;-
2020;1;Bács-Kiskun;12;szakgimnázium/szakközépiskola (2016.09.01-től kifutó rendszerben);férfi;nappali;magyar nyelv és irodalom;közép;rendes;Nem;magyar;3;56;56;megjelent;29;0;14;10;1;2;56;-;-;-;-
2020;1;Bács-Kiskun;12;szakgimnázium/szakközépiskola (2016.09.01-től kifutó rendszerben);nő;nappali;magyar nyelv és irodalom;közép;rendes;Nem;magyar;4;70;70;megjelent;33;9;13;11;3;1;70;-;-;-;-
2020;1;Bács-Kiskun;12;szakgimnázium/szakközépiskola (2016.09.01-től kifutó rendszerben);nő;nappali;magyar nyelv és irodalom;közép;rendes;Nem;magyar;3;58;58;megjelent;30;5;14;8;0;1;58;-;-;-;-
2020;1;Bács-Kiskun;12;szakgimnázium/szakközépiskola (2016.09.01-től kifutó rendszerben);nő;nappali;magyar nyelv és irodalom;közép;rendes;Nem;magyar;3;52;52;megjelent;25;6;8;8;3;2;52;-;-;-;-
2020;1;Bács-Kiskun;12;szakgimnázium/szakközépiskola (2016.09.01-től kifutó rendszerben);nő;nappali;magyar nyelv és irodalom;közép;rendes;Nem;magyar;5;80;80;megjelent;31;8;23;15;1;2;80;-;-;-;-
2020;1;Bács-Kiskun;12;szakgimnázium/szakközépiskola (2016.09.01-től kifutó rendszerben);nő;nappali;magyar nyelv és irodalom;közép;rendes;Nem;magyar;4;64;64;megjelent;26;7;15;10;4;2;64;-;-;-;-
2020;1;Bács-Kiskun;12;szakgimnázium/szakközépiskola (2016.09.01-től kifutó rendszerben);nő;nappali;magyar nyelv és irodalom;közép;rendes;Nem;magyar;5;87;87;megjelent;33;10;23;13;6;2;87;-;-;-;-
2020;1;Bács-Kiskun;12;szakgimnázium/szakközépiskola (2016.09.01-től kifutó rendszerben);férfi;nappali;magyar nyelv és irodalom;közép;rendes;Nem;magyar;3;49;49;megjelent;24;7;9;8;0;1;49;-;-;-;-
2020;1;Bács-Kiskun;12;szakgimnázium/szakközépiskola (2016.09.01-től kifutó rendszerben);férfi;nappali;magyar nyelv és irodalom;közép;rendes;Nem;magyar;4;77;77;megjelent;30;10;19;9;7;2;77;-;-;-;-
2020;1;Bács-Kiskun;12;szakgimnázium/szakközépiskola (2016.09.01-től kifutó rendszerben);nő;nappali;magyar nyelv és irodalom;közép;rendes;Nem;magyar;3;50;50;megjelent;24;7;9;8;0;2;50;-;-;-;-
2020;1;Bács-Kiskun;12;szakgimnázium/szakközépiskola (2016.09.01-től kifutó rendszerben);férfi;nappali;magyar nyelv és irodalom;közép;rendes;Nem;magyar;3;45;45;megjelent;22;7;7;8;0;1;45;-;-;-;-
2020;1;Bács-Kiskun;12;szakgimnázium/szakközépiskola (2016.09.01-től kifutó rendszerben);férfi;nappali;magyar nyelv és irodalom;közép;rendes;Nem;magyar;5;87;87;megjelent;34;9;25;14;3;2;87;-;-;-;-
2020;1;Bács-Kiskun;12;szakgimnázium/szakközépiskola (2016.09.01-től kifutó rendszerben);nő;nappali;magyar nyelv és irodalom;közép;rendes;Nem;magyar;5;83;83;megjelent;30;9;19;15;8;2;83;-;-;-;-
2020;1;Bács-Kiskun;12;szakgimnázium/szakközépiskola (2016.09.01-től kifutó rendszerben);férfi;nappali;magyar nyelv és irodalom;közép;rendes;Nem;magyar;2;37;37;megjelent;28;0;4;4;0;1;37;-;-;-;-
2020;1;Bács-Kiskun;12;szakgimnázium/szakközépiskola (2016.09.01-től kifutó rendszerben);nő;nappali;magyar nyelv és irodalom;közép;rendes;Nem;magyar;5;85;85;megjelent;34;7;25;13;4;2;85;-;-;-;-
2020;1;Bács-Kiskun;12;szakgimnázium/szakközépiskola (2016.09.01-től kifutó rendszerben);nő;nappali;magyar nyelv és irodalom;közép;rendes;Nem;magyar;3;45;45;megjelent;25;4;7;5;2;2;45;-;-;-;-
2020;1;Bács-Kiskun;12;szakgimnázium/szakközépiskola (2016.09.01-től kifutó rendszerben);férfi;nappali;magyar nyelv és irodalom;közép;rendes;Nem;magyar;3;58;58;megjelent;31;7;9;9;0;2;58;-;-;-;-
2020;1;Bács-Kiskun;12;szakgimnázium/szakközépiskola (2016.09.01-től kifutó rendszerben);férfi;nappali;magyar nyelv és irodalom;közép;rendes;Nem;magyar;5;80;80;megjelent;31;10;23;14;0;2;80;-;-;-;-
2020;1;Bács-Kiskun;12;szakgimnázium/szakközépiskola (2016.09.01-től kifutó rendszerben);nő;nappali;magyar nyelv és irodalom;közép;rendes;Nem;magyar;3;46;46;megjelent;18;9;7;10;0;2;46;-;-;-;-
2020;1;Bács-Kiskun;12;szakgimnázium/szakközépiskola (2016.09.01-től kifutó rendszerben);férfi;nappali;magyar nyelv és irodalom;közép;rendes;Nem;magyar;4;60;60;megjelent;30;4;14;9;1;2;60;-;-;-;-
2020;1;Bács-Kiskun;12;szakgimnázium/szakközépiskola (2016.09.01-től kifutó rendszerben);nő;nappali;magyar nyelv és irodalom;közép;rendes;Nem;magyar;4;71;71;megjelent;32;10;12;15;0;2;71;-;-;-;-
2020;1;Bács-Kiskun;12;szakgimnázium/szakközépiskola (2016.09.01-től kifutó rendszerben);férfi;nappali;magyar nyelv és irodalom;közép;rendes;Nem;magyar;3;55;55;megjelent;26;7;9;12;0;1;55;-;-;-;-
2020;1;Bács-Kiskun;12;szakgimnázium/szakközépiskola (2016.09.01-től kifutó rendszerben);férfi;nappali;magyar nyelv és irodalom;közép;rendes;Nem;magyar;4;62;62;megjelent;25;10;13;13;0;1;62;-;-;-;-
2020;1;Bács-Kiskun;12;szakgimnázium/szakközépiskola (2016.09.01-től kifutó rendszerben);nő;nappali;magyar nyelv és irodalom;közép;rendes;Nem;magyar;5;89;89;megjelent;35;10;21;14;8;1;89;-;-;-;-
2020;1;Bács-Kiskun;12;szakgimnázium/szakközépiskola (2016.09.01-től kifutó rendszerben);férfi;nappali;magyar nyelv és irodalom;közép;rendes;Nem;magyar;5;80;80;megjelent;34;10;20;15;0;1;80;-;-;-;-
2020;1;Bács-Kiskun;12;szakgimnázium/szakközépiskola (2016.09.01-től kifutó rendszerben);férfi;nappali;magyar nyelv és irodalom;közép;rendes;Nem;magyar;3;49;49;megjelent;25;9;5;9;0;1;49;-;-;-;-
2020;1;Bács-Kiskun;12;szakgimnázium/szakközépiskola (2016.09.01-től kifutó rendszerben);nő;nappali;magyar nyelv és irodalom;közép;rendes;Nem;magyar;5;80;80;megjelent;30;10;22;15;1;2;80;-;-;-;-
2020;1;Bács-Kiskun;12;szakgimnázium/szakközépiskola (2016.09.01-től kifutó rendszerben);férfi;nappali;magyar nyelv és irodalom;közép;rendes;Nem;magyar;3;50;50;megjelent;24;8;5;11;0;2;50;-;-;-;-
2020;1;Bács-Kiskun;12;szakgimnázium/szakközépiskola (2016.09.01-től kifutó rendszerben);férfi;nappali;magyar nyelv és irodalom;közép;rendes;Nem;magyar;3;51;51;megjelent;29;7;4;9;0;2;51;-;-;-;-
2020;1;Bács-Kiskun;12;szakgimnázium/szakközépiskola (2016.09.01-től kifutó rendszerben);férfi;nappali;magyar nyelv és irodalom;közép;rendes;Nem;magyar;4;64;64;megjelent;28;8;10;14;3;1;64;-;-;-;-
2020;1;Bács-Kiskun;12;szakgimnázium/szakközépiskola (2016.09.01-től kifutó rendszerben);férfi;nappali;magyar nyelv és irodalom;közép;rendes;Igen;magyar;4;77;71;megjelent;32;9;18;12;0;0;71;-;-;-;-
2020;1;Bács-Kiskun;12;szakgimnázium/szakközépiskola (2016.09.01-től kifutó rendszerben);férfi;nappali;magyar nyelv és irodalom;közép;rendes;Nem;magyar;3;45;45;megjelent;18;7;12;7;0;1;45;-;-;-;-
2020;1;Bács-Kiskun;12;szakgimnázium/szakközépiskola (2016.09.01-től kifutó rendszerben);nő;nappali;magyar nyelv és irodalom;közép;rendes;Nem;magyar;3;49;49;megjelent;25;7;7;8;0;2;49;-;-;-;-
2020;1;Bács-Kiskun;12;szakgimnázium/szakközépiskola (2016.09.01-től kifutó rendszerben);férfi;nappali;magyar nyelv és irodalom;közép;rendes;Nem;magyar;2;34;34;megjelent;18;6;4;4;0;2;34;-;-;-;-
2020;1;Bács-Kiskun;12;szakgimnázium/szakközépiskola (2016.09.01-től kifutó rendszerben);férfi;nappali;magyar nyelv és irodalom;közép;rendes;Nem;magyar;4;74;74;megjelent;32;6;19;15;0;2;74;-;-;-;-
2020;1;Bács-Kiskun;12;szakgimnázium/szakközépiskola (2016.09.01-től kifutó rendszerben);férfi;nappali;magyar nyelv és irodalom;közép;rendes;Nem;magyar;4;67;67;megjelent;28;8;18;11;0;2;67;-;-;-;-
2020;1;Bács-Kiskun;12;szakgimnázium/szakközépiskola (2016.09.01-től kifutó rendszerben);nő;nappali;magyar nyelv és irodalom;közép;rendes;Nem;magyar;2;27;27;megjelent;16;6;1;2;0;2;27;-;-;-;-
2020;1;Bács-Kiskun;12;szakgimnázium/szakközépiskola (2016.09.01-től kifutó rendszerben);nő;nappali;magyar nyelv és irodalom;közép;rendes;Nem;magyar;5;84;84;megjelent;30;10;22;15;5;2;84;-;-;-;-
2020;1;Bács-Kiskun;12;szakgimnázium/szakközépiskola (2016.09.01-től kifutó rendszerben);nő;nappali;magyar nyelv és irodalom;közép;rendes;Nem;magyar;3;49;49;megjelent;22;9;3;13;0;2;49;-;-;-;-
2020;1;Bács-Kiskun;12;szakgimnázium/szakközépiskola (2016.09.01-től kifutó rendszerben);nő;nappali;magyar nyelv és irodalom;közép;rendes;Nem;magyar;4;70;70;megjelent;26;7;15;14;6;2;70;-;-;-;-
2020;1;Bács-Kiskun;12;szakgimnázium/szakközépiskola (2016.09.01-től kifutó rendszerben);nő;nappali;magyar nyelv és irodalom;közép;rendes;Nem;magyar;4;64;64;megjelent;28;9;14;11;0;2;64;-;-;-;-
2020;1;Bács-Kiskun;12;szakgimnázium/szakközépiskola (2016.09.01-től kifutó rendszerben);nő;nappali;magyar nyelv és irodalom;közép;rendes;Nem;magyar;4;60;60;megjelent;29;9;7;13;0;2;60;-;-;-;-
2020;1;Bács-Kiskun;12;szakgimnázium/szakközépiskola (2016.09.01-től kifutó rendszerben);férfi;nappali;magyar nyelv és irodalom;közép;rendes;Nem;magyar;5;85;85;megjelent;38;10;20;15;0;2;85;-;-;-;-
2020;1;Bács-Kiskun;12;szakgimnázium/szakközépiskola (2016.09.01-től kifutó rendszerben);nő;nappali;magyar nyelv és irodalom;közép;rendes;Nem;magyar;4;71;71;megjelent;33;9;13;14;0;2;71;-;-;-;-
2020;1;Bács-Kiskun;12;szakgimnázium/szakközépiskola (2016.09.01-től kifutó rendszerben);férfi;nappali;magyar nyelv és irodalom;közép;rendes;Nem;magyar;4;75;75;megjelent;35;7;14;15;2;2;75;-;-;-;-
2020;1;Bács-Kiskun;12;szakgimnázium/szakközépiskola (2016.09.01-től kifutó rendszerben);férfi;nappali;magyar nyelv és irodalom;közép;rendes;Nem;magyar;3;50;50;megjelent;23;9;7;10;0;1;50;-;-;-;-
2020;1;Bács-Kiskun;12;szakgimnázium/szakközépiskola (2016.09.01-től kifutó rendszerben);nő;nappali;magyar nyelv és irodalom;közép;rendes;Nem;magyar;3;53;53;megjelent;27;0;15;10;0;1;53;-;-;-;-
2020;1;Bács-Kiskun;12;szakgimnázium/szakközépiskola (2016.09.01-től kifutó rendszerben);nő;nappali;magyar nyelv és irodalom;közép;rendes;Nem;magyar;4;61;61;megjelent;24;10;10;9;7;1;61;-;-;-;-
2020;1;Bács-Kiskun;12;szakgimnázium/szakközépiskola (2016.09.01-től kifutó rendszerben);férfi;nappali;magyar nyelv és irodalom;közép;rendes;Nem;magyar;2;39;39;megjelent;21;5;8;5;0;0;39;-;-;-;-
2020;1;Bács-Kiskun;12;szakgimnázium/szakközépiskola (2016.09.01-től kifutó rendszerben);nő;nappali;magyar nyelv és irodalom;közép;rendes;Nem;magyar;3;54;54;megjelent;27;7;10;8;1;1;54;-;-;-;-
2020;1;Bács-Kiskun;12;szakgimnázium/szakközépiskola (2016.09.01-től kifutó rendszerben);férfi;nappali;magyar nyelv és irodalom;közép;rendes;Igen;magyar;2;28;26;megjelent;11;4;6;5;0;0;26;-;-;-;-
2020;1;Bács-Kiskun;12;szakgimnázium/szakközépiskola (2016.09.01-től kifutó rendszerben);nő;nappali;magyar nyelv és irodalom;közép;rendes;Nem;magyar;4;61;61;megjelent;26;10;14;10;0;1;61;-;-;-;-
2020;1;Bács-Kiskun;12;szakgimnázium/szakközépiskola (2016.09.01-től kifutó rendszerben);férfi;nappali;magyar nyelv és irodalom;közép;rendes;Nem;magyar;3;50;50;megjelent;23;8;11;8;0;0;50;-;-;-;-
2020;1;Bács-Kiskun;12;szakgimnázium/szakközépiskola (2016.09.01-től kifutó rendszerben);férfi;nappali;magyar nyelv és irodalom;közép;rendes;Nem;magyar;3;55;55;megjelent;30;4;10;11;0;0;55;-;-;-;-
2020;1;Bács-Kiskun;12;szakgimnázium/szakközépiskola (2016.09.01-től kifutó rendszerben);férfi;nappali;magyar nyelv és irodalom;közép;rendes;Nem;magyar;3;53;53;megjelent;23;9;12;9;0;0;53;-;-;-;-
2020;1;Bács-Kiskun;12;szakgimnázium/szakközépiskola (2016.09.01-től kifutó rendszerben);férfi;nappali;magyar nyelv és irodalom;közép;rendes;Nem;magyar;3;44;44;megjelent;28;3;7;6;0;0;44;-;-;-;-
2020;1;Bács-Kiskun;12;szakgimnázium/szakközépiskola (2016.09.01-től kifutó rendszerben);férfi;nappali;magyar nyelv és irodalom;közép;rendes;Nem;magyar;2;38;38;megjelent;28;0;5;4;0;1;38;-;-;-;-
2020;1;Bács-Kiskun;12;szakgimnázium/szakközépiskola (2016.09.01-től kifutó rendszerben);nő;nappali;magyar nyelv és irodalom;közép;rendes;Nem;magyar;3;49;49;megjelent;29;8;4;6;0;2;49;-;-;-;-
2020;1;Bács-Kiskun;12;szakgimnázium/szakközépiskola (2016.09.01-től kifutó rendszerben);férfi;nappali;magyar nyelv és irodalom;közép;rendes;Nem;magyar;4;72;72;megjelent;34;9;16;12;0;1;72;-;-;-;-
2020;1;Bács-Kiskun;12;szakgimnázium/szakközépiskola (2016.09.01-től kifutó rendszerben);nő;nappali;magyar nyelv és irodalom;közép;rendes;Nem;magyar;3;48;48;megjelent;26;7;7;7;0;1;48;-;-;-;-
2020;1;Bács-Kiskun;12;szakgimnázium/szakközépiskola (2016.09.01-től kifutó rendszerben);nő;nappali;magyar nyelv és irodalom;közép;rendes;Nem;magyar;3;53;53;megjelent;28;6;11;7;0;1;53;-;-;-;-
2020;1;Bács-Kiskun;12;szakgimnázium/szakközépiskola (2016.09.01-től kifutó rendszerben);nő;nappali;magyar nyelv és irodalom;közép;rendes;Nem;magyar;4;64;64;megjelent;26;8;15;11;3;1;64;-;-;-;-
2020;1;Bács-Kiskun;12;szakgimnázium/szakközépiskola (2016.09.01-től kifutó rendszerben);férfi;nappali;magyar nyelv és irodalom;közép;rendes;Nem;magyar;4;63;63;megjelent;32;7;13;9;0;2;63;-;-;-;-
2020;1;Bács-Kiskun;12;szakgimnázium/szakközépiskola (2016.09.01-től kifutó rendszerben);férfi;nappali;magyar nyelv és irodalom;közép;rendes;Nem;magyar;4;61;61;megjelent;27;8;12;9;4;1;61;-;-;-;-
2020;1;Bács-Kiskun;12;szakgimnázium/szakközépiskola (2016.09.01-től kifutó rendszerben);férfi;nappali;magyar nyelv és irodalom;közép;rendes;Nem;magyar;3;54;54;megjelent;26;5;13;9;0;1;54;-;-;-;-
2020;1;Bács-Kiskun;12;szakgimnázium/szakközépiskola (2016.09.01-től kifutó rendszerben);férfi;nappali;magyar nyelv és irodalom;közép;rendes;Igen;magyar;3;48;45;megjelent;29;3;6;7;0;0;45;-;-;-;-
2020;1;Bács-Kiskun;12;szakgimnázium/szakközépiskola (2016.09.01-től kifutó rendszerben);nő;nappali;magyar nyelv és irodalom;közép;rendes;Nem;magyar;3;45;45;megjelent;20;8;10;5;0;2;45;-;-;-;-
2020;1;Bács-Kiskun;12;szakgimnázium/szakközépiskola (2016.09.01-től kifutó rendszerben);nő;nappali;magyar nyelv és irodalom;közép;rendes;Nem;magyar;3;51;51;megjelent;25;0;17;8;0;1;51;-;-;-;-
2020;1;Bács-Kiskun;12;szakgimnázium/szakközépiskola (2016.09.01-től kifutó rendszerben);férfi;nappali;magyar nyelv és irodalom;közép;rendes;Nem;magyar;2;36;36;megjelent;23;0;5;5;3;0;36;-;-;-;-
2020;1;Bács-Kiskun;12;szakgimnázium/szakközépiskola (2016.09.01-től kifutó rendszerben);nő;nappali;magyar nyelv és irodalom;közép;rendes;Nem;magyar;4;66;66;megjelent;31;8;15;10;0;2;66;-;-;-;-
2020;1;Bács-Kiskun;12;szakgimnázium/szakközépiskola (2016.09.01-től kifutó rendszerben);férfi;nappali;magyar nyelv és irodalom;közép;rendes;Nem;magyar;3;52;52;megjelent;24;7;13;8;0;0;52;-;-;-;-
2020;1;Bács-Kiskun;12;szakgimnázium/szakközépiskola (2016.09.01-től kifutó rendszerben);nő;nappali;magyar nyelv és irodalom;közép;rendes;Nem;magyar;3;43;43;megjelent;20;4;10;7;0;2;43;-;-;-;-
2020;1;Bács-Kiskun;12;szakgimnázium/szakközépiskola (2016.09.01-től kifutó rendszerben);nő;nappali;magyar nyelv és irodalom;közép;rendes;Nem;magyar;3;48;48;megjelent;26;7;7;7;0;1;48;-;-;-;-
2020;1;Bács-Kiskun;12;szakgimnázium/szakközépiskola (2016.09.01-től kifutó rendszerben);nő;nappali;magyar nyelv és irodalom;közép;rendes;Nem;magyar;4;64;64;megjelent;29;6;18;10;0;1;64;-;-;-;-
2020;1;Bács-Kiskun;12;szakgimnázium/szakközépiskola (2016.09.01-től kifutó rendszerben);nő;nappali;magyar nyelv és irodalom;közép;rendes;Nem;magyar;3;44;44;megjelent;19;6;10;7;0;2;44;-;-;-;-
2020;1;Bács-Kiskun;12;szakgimnázium/szakközépiskola (2016.09.01-től kifutó rendszerben);férfi;nappali;magyar nyelv és irodalom;közép;rendes;Nem;magyar;3;55;55;megjelent;27;6;12;9;0;1;55;-;-;-;-
2020;1;Bács-Kiskun;12;szakgimnázium/szakközépiskola (2016.09.01-től kifutó rendszerben);férfi;nappali;magyar nyelv és irodalom;közép;rendes;Nem;magyar;3;42;42;megjelent;24;0;11;7;0;0;42;-;-;-;-
2020;1;Bács-Kiskun;12;szakgimnázium/szakközépiskola (2016.09.01-től kifutó rendszerben);nő;nappali;magyar nyelv és irodalom;közép;rendes;Nem;magyar;3;41;41;megjelent;16;6;9;8;0;2;41;-;-;-;-
2020;1;Bács-Kiskun;12;szakgimnázium/szakközépiskola (2016.09.01-től kifutó rendszerben);férfi;nappali;magyar nyelv és irodalom;közép;rendes;Nem;magyar;3;48;48;megjelent;25;0;15;8;0;0;48;-;-;-;-
2020;1;Bács-Kiskun;12;szakgimnázium/szakközépiskola (2016.09.01-től kifutó rendszerben);férfi;nappali;magyar nyelv és irodalom;közép;rendes;Nem;magyar;3;46;46;megjelent;21;9;9;7;0;0;46;-;-;-;-
2020;1;Bács-Kiskun;12;szakgimnázium/szakközépiskola (2016.09.01-től kifutó rendszerben);férfi;nappali;magyar nyelv és irodalom;közép;rendes;Nem;magyar;4;67;67;megjelent;31;9;15;11;0;1;67;-;-;-;-
2020;1;Bács-Kiskun;12;szakgimnázium/szakközépiskola (2016.09.01-től kifutó rendszerben);férfi;nappali;magyar nyelv és irodalom;közép;rendes;Nem;magyar;3;46;46;megjelent;30;5;7;4;0;0;46;-;-;-;-
2020;1;Bács-Kiskun;12;szakgimnázium/szakközépiskola (2016.09.01-től kifutó rendszerben);nő;nappali;magyar nyelv és irodalom;közép;rendes;Nem;magyar;3;45;45;megjelent;26;4;6;6;1;2;45;-;-;-;-
2020;1;Bács-Kiskun;12;szakgimnázium/szakközépiskola (2016.09.01-től kifutó rendszerben);férfi;nappali;magyar nyelv és irodalom;közép;rendes;Nem;magyar;3;57;57;megjelent;27;5;17;8;0;0;57;-;-;-;-
2020;1;Bács-Kiskun;12;szakgimnázium/szakközépiskola (2016.09.01-től kifutó rendszerben);férfi;nappali;magyar nyelv és irodalom;közép;rendes;Nem;magyar;3;58;58;megjelent;25;6;17;10;0;0;58;-;-;-;-
2020;1;Bács-Kiskun;12;szakgimnázium/szakközépiskola (2016.09.01-től kifutó rendszerben);nő;nappali;magyar nyelv és irodalom;közép;rendes;Nem;magyar;3;50;50;megjelent;24;7;7;10;0;2;50;-;-;-;-
2020;1;Bács-Kiskun;12;szakgimnázium/szakközépiskola (2016.09.01-től kifutó rendszerben);férfi;nappali;magyar nyelv és irodalom;közép;rendes;Nem;magyar;5;80;80;megjelent;37;7;22;14;0;0;80;-;-;-;-
2020;1;Bács-Kiskun;12;szakgimnázium/szakközépiskola (2016.09.01-től kifutó rendszerben);férfi;nappali;magyar nyelv és irodalom;közép;rendes;Nem;magyar;3;55;55;megjelent;31;7;7;9;0;1;55;-;-;-;-
2020;1;Bács-Kiskun;12;szakgimnázium/szakközépiskola (2016.09.01-től kifutó rendszerben);férfi;nappali;magyar nyelv és irodalom;közép;rendes;Nem;magyar;3;46;46;megjelent;28;8;5;5;0;0;46;-;-;-;-
2020;1;Bács-Kiskun;12;szakgimnázium/szakközépiskola (2016.09.01-től kifutó rendszerben);nő;nappali;magyar nyelv és irodalom;közép;rendes;Nem;magyar;3;43;43;megjelent;23;5;6;8;0;1;43;-;-;-;-
2020;1;Bács-Kiskun;12;szakgimnázium/szakközépiskola (2016.09.01-től kifutó rendszerben);férfi;nappali;magyar nyelv és irodalom;közép;rendes;Nem;magyar;2;30;30;megjelent;18;3;5;4;0;0;30;-;-;-;-
2020;1;Bács-Kiskun;12;szakgimnázium/szakközépiskola (2016.09.01-től kifutó rendszerben);férfi;nappali;magyar nyelv és irodalom;közép;rendes;Nem;magyar;4;60;60;megjelent;28;7;15;9;0;1;60;-;-;-;-
2020;1;Bács-Kiskun;12;szakgimnázium/szakközépiskola (2016.09.01-től kifutó rendszerben);nő;nappali;magyar nyelv és irodalom;közép;rendes;Nem;magyar;3;53;53;megjelent;23;5;13;10;0;2;53;-;-;-;-
2020;1;Bács-Kiskun;12;szakgimnázium/szakközépiskola (2016.09.01-től kifutó rendszerben);férfi;nappali;magyar nyelv és irodalom;közép;rendes;Nem;magyar;4;61;61;megjelent;32;5;16;8;0;0;61;-;-;-;-
2020;1;Bács-Kiskun;12;szakgimnázium/szakközépiskola (2016.09.01-től kifutó rendszerben);nő;nappali;magyar nyelv és irodalom;közép;rendes;Nem;magyar;3;41;41;megjelent;19;6;8;7;0;1;41;-;-;-;-
2020;1;Bács-Kiskun;12;szakgimnázium/szakközépiskola (2016.09.01-től kifutó rendszerben);férfi;nappali;magyar nyelv és irodalom;közép;rendes;Nem;magyar;2;35;35;megjelent;29;0;4;2;0;0;35;-;-;-;-
2020;1;Bács-Kiskun;12;szakgimnázium/szakközépiskola (2016.09.01-től kifutó rendszerben);férfi;nappali;magyar nyelv és irodalom;közép;rendes;Nem;magyar;3;53;53;megjelent;27;8;10;8;0;0;53;-;-;-;-
2020;1;Bács-Kiskun;12;szakgimnázium/szakközépiskola (2016.09.01-től kifutó rendszerben);férfi;nappali;magyar nyelv és irodalom;közép;rendes;Nem;magyar;4;65;65;megjelent;24;10;16;11;2;2;65;-;-;-;-
2020;1;Bács-Kiskun;12;szakgimnázium/szakközépiskola (2016.09.01-től kifutó rendszerben);férfi;nappali;magyar nyelv és irodalom;közép;rendes;Nem;magyar;3;53;53;megjelent;27;8;10;8;0;0;53;-;-;-;-
2020;1;Bács-Kiskun;12;szakgimnázium/szakközépiskola (2016.09.01-től kifutó rendszerben);férfi;nappali;magyar nyelv és irodalom;közép;rendes;Nem;magyar;2;37;37;megjelent;11;3;15;7;0;1;37;-;-;-;-
2020;1;Bács-Kiskun;12;szakgimnázium/szakközépiskola (2016.09.01-től kifutó rendszerben);nő;nappali;magyar nyelv és irodalom;közép;rendes;Nem;magyar;3;41;41;megjelent;18;8;5;6;2;2;41;-;-;-;-
2020;1;Bács-Kiskun;12;szakgimnázium/szakközépiskola (2016.09.01-től kifutó rendszerben);nő;nappali;magyar nyelv és irodalom;közép;rendes;Nem;magyar;4;78;78;megjelent;36;10;13;11;7;1;78;-;-;-;-
2020;1;Bács-Kiskun;12;szakgimnázium/szakközépiskola (2016.09.01-től kifutó rendszerben);férfi;nappali;magyar nyelv és irodalom;közép;rendes;Nem;magyar;2;26;26;megjelent;16;3;4;3;0;0;26;-;-;-;-
2020;1;Bács-Kiskun;12;szakgimnázium/szakközépiskola (2016.09.01-től kifutó rendszerben);nő;nappali;magyar nyelv és irodalom;közép;rendes;Nem;magyar;5;81;81;megjelent;34;9;22;14;0;2;81;-;-;-;-
2020;1;Bács-Kiskun;12;szakgimnázium/szakközépiskola (2016.09.01-től kifutó rendszerben);nő;nappali;magyar nyelv és irodalom;közép;rendes;Nem;magyar;3;46;46;megjelent;18;6;10;9;1;2;46;-;-;-;-
2020;1;Bács-Kiskun;12;szakgimnázium/szakközépiskola (2016.09.01-től kifutó rendszerben);nő;nappali;magyar nyelv és irodalom;közép;rendes;Nem;magyar;3;59;59;megjelent;30;6;7;6;8;2;59;-;-;-;-
2020;1;Bács-Kiskun;12;szakgimnázium/szakközépiskola (2016.09.01-től kifutó rendszerben);nő;nappali;magyar nyelv és irodalom;közép;rendes;Nem;magyar;4;72;72;megjelent;24;7;19;12;8;2;72;-;-;-;-
2020;1;Bács-Kiskun;12;szakgimnázium/szakközépiskola (2016.09.01-től kifutó rendszerben);férfi;nappali;magyar nyelv és irodalom;közép;rendes;Nem;magyar;4;60;60;megjelent;29;8;12;10;0;1;60;-;-;-;-
2020;1;Bács-Kiskun;12;szakgimnázium/szakközépiskola (2016.09.01-től kifutó rendszerben);nő;nappali;magyar nyelv és irodalom;közép;rendes;Nem;magyar;5;81;81;megjelent;30;10;25;14;0;2;81;-;-;-;-
2020;1;Bács-Kiskun;12;szakgimnázium/szakközépiskola (2016.09.01-től kifutó rendszerben);férfi;nappali;magyar nyelv és irodalom;közép;rendes;Nem;magyar;3;58;58;megjelent;25;9;9;11;2;2;58;-;-;-;-
2020;1;Bács-Kiskun;12;gimnázium;férfi;nappali;magyar nyelv és irodalom;közép;rendes;Nem;magyar;4;60;60;megjelent;33;6;9;8;3;1;60;-;-;-;-
2020;1;Bács-Kiskun;12;szakgimnázium/szakközépiskola (2016.09.01-től kifutó rendszerben);nő;nappali;magyar nyelv és irodalom;közép;rendes;Nem;magyar;4;73;73;megjelent;34;10;17;11;0;1;73;-;-;-;-
2020;1;Bács-Kiskun;12;szakgimnázium/szakközépiskola (2016.09.01-től kifutó rendszerben);férfi;nappali;magyar nyelv és irodalom;közép;rendes;Nem;magyar;4;75;75;megjelent;33;9;15;11;6;1;75;-;-;-;-
2020;1;Bács-Kiskun;12;szakgimnázium/szakközépiskola (2016.09.01-től kifutó rendszerben);nő;nappali;magyar nyelv és irodalom;közép;rendes;Nem;magyar;4;61;61;megjelent;27;8;14;10;0;2;61;-;-;-;-
2020;1;Bács-Kiskun;12;gimnázium;nő;nappali;magyar nyelv és irodalom;közép;rendes;Nem;magyar;5;89;89;megjelent;37;9;21;13;7;2;89;-;-;-;-
2020;1;Bács-Kiskun;12;szakgimnázium/szakközépiskola (2016.09.01-től kifutó rendszerben);nő;nappali;magyar nyelv és irodalom;közép;rendes;Nem;magyar;3;46;46;megjelent;29;0;7;6;2;2;46;-;-;-;-
2020;1;Bács-Kiskun;12;gimnázium;nő;nappali;magyar nyelv és irodalom;közép;rendes;Nem;magyar;5;82;82;megjelent;36;8;18;11;7;2;82;-;-;-;-
2020;1;Bács-Kiskun;12;gimnázium;férfi;nappali;magyar nyelv és irodalom;közép;rendes;Nem;magyar;4;78;78;megjelent;34;8;18;13;4;1;78;-;-;-;-
2020;1;Bács-Kiskun;12;gimnázium;nő;nappali;magyar nyelv és irodalom;közép;rendes;Nem;magyar;5;84;84;megjelent;35;10;17;12;8;2;84;-;-;-;-
2020;1;Bács-Kiskun;12;gimnázium;nő;nappali;magyar nyelv és irodalom;közép;rendes;Nem;magyar;5;98;98;megjelent;39;9;25;15;8;2;98;-;-;-;-
2020;1;Bács-Kiskun;12;gimnázium;nő;nappali;magyar nyelv és irodalom;közép;rendes;Nem;magyar;4;75;75;megjelent;34;8;18;13;0;2;75;-;-;-;-
2020;1;Bács-Kiskun;12;gimnázium;nő;nappali;magyar nyelv és irodalom;közép;rendes;Nem;magyar;5;86;86;megjelent;31;7;25;15;6;2;86;-;-;-;-
2020;1;Bács-Kiskun;12;gimnázium;nő;nappali;magyar nyelv és irodalom;közép;rendes;Nem;magyar;5;94;94;megjelent;37;10;24;15;6;2;94;-;-;-;-
2020;1;Bács-Kiskun;12;szakgimnázium/szakközépiskola (2016.09.01-től kifutó rendszerben);nő;nappali;magyar nyelv és irodalom;közép;rendes;Nem;magyar;4;63;63;megjelent;32;9;7;7;6;2;63;-;-;-;-
2020;1;Bács-Kiskun;12;gimnázium;nő;nappali;magyar nyelv és irodalom;közép;rendes;Nem;magyar;4;79;79;megjelent;35;8;18;12;4;2;79;-;-;-;-
2020;1;Bács-Kiskun;12;gimnázium;férfi;nappali;magyar nyelv és irodalom;közép;rendes;Nem;magyar;5;95;95;megjelent;38;10;25;14;6;2;95;-;-;-;-
2020;1;Bács-Kiskun;12;gimnázium;nő;nappali;magyar nyelv és irodalom;közép;rendes;Nem;magyar;5;81;81;megjelent;35;10;22;11;1;2;81;-;-;-;-
2020;1;Bács-Kiskun;12;gimnázium;nő;nappali;magyar nyelv és irodalom;közép;rendes;Nem;magyar;5;84;84;megjelent;36;9;23;11;3;2;84;-;-;-;-
2020;1;Bács-Kiskun;12;gimnázium;nő;nappali;magyar nyelv és irodalom;közép;rendes;Nem;magyar;5;80;80;megjelent;36;8;23;11;0;2;80;-;-;-;-
2020;1;Bács-Kiskun;12;gimnázium;nő;nappali;magyar nyelv és irodalom;közép;rendes;Nem;magyar;5;88;88;megjelent;36;10;19;15;7;1;88;-;-;-;-
2020;1;Bács-Kiskun;12;gimnázium;nő;nappali;magyar nyelv és irodalom;közép;rendes;Nem;magyar;5;90;90;megjelent;37;10;24;12;5;2;90;-;-;-;-
2020;1;Bács-Kiskun;12;gimnázium;férfi;nappali;magyar nyelv és irodalom;közép;rendes;Nem;magyar;4;73;73;megjelent;33;9;18;10;1;2;73;-;-;-;-
2020;1;Bács-Kiskun;12;gimnázium;nő;nappali;magyar nyelv és irodalom;közép;rendes;Nem;magyar;5;97;97;megjelent;38;10;25;15;7;2;97;-;-;-;-
2020;1;Bács-Kiskun;12;gimnázium;nő;nappali;magyar nyelv és irodalom;közép;rendes;Nem;magyar;5;90;90;megjelent;37;9;25;14;3;2;90;-;-;-;-
2020;1;Bács-Kiskun;12;gimnázium;férfi;nappali;magyar nyelv és irodalom;közép;rendes;Nem;magyar;4;78;78;megjelent;36;7;18;9;6;2;78;-;-;-;-
2020;1;Bács-Kiskun;12;gimnázium;nő;nappali;magyar nyelv és irodalom;közép;rendes;Nem;magyar;5;89;89;megjelent;36;9;25;13;4;2;89;-;-;-;-
2020;1;Bács-Kiskun;12;gimnázium;férfi;nappali;magyar nyelv és irodalom;közép;rendes;Nem;magyar;5;96;96;megjelent;39;10;23;14;8;2;96;-;-;-;-
2020;1;Bács-Kiskun;12;gimnázium;férfi;nappali;magyar nyelv és irodalom;közép;rendes;Nem;magyar;5;81;81;megjelent;33;7;24;12;4;1;81;-;-;-;-
2020;1;Bács-Kiskun;12;gimnázium;nő;nappali;magyar nyelv és irodalom;közép;rendes;Nem;magyar;5;93;93;megjelent;37;10;24;14;6;2;93;-;-;-;-
2020;1;Bács-Kiskun;12;gimnázium;nő;nappali;magyar nyelv és irodalom;közép;rendes;Nem;magyar;5;85;85;megjelent;32;9;24;14;4;2;85;-;-;-;-
2020;1;Bács-Kiskun;12;gimnázium;nő;nappali;magyar nyelv és irodalom;közép;rendes;Nem;magyar;4;72;72;megjelent;27;9;15;12;8;1;72;-;-;-;-
2020;1;Bács-Kiskun;12;gimnázium;nő;nappali;magyar nyelv és irodalom;közép;rendes;Nem;magyar;3;58;58;megjelent;27;8;9;7;5;2;58;-;-;-;-
2020;1;Bács-Kiskun;12;gimnázium;nő;nappali;magyar nyelv és irodalom;közép;rendes;Nem;magyar;4;76;76;megjelent;34;8;17;11;4;2;76;-;-;-;-
2020;1;Bács-Kiskun;12;szakgimnázium/szakközépiskola (2016.09.01-től kifutó rendszerben);nő;nappali;magyar nyelv és irodalom;közép;rendes;Nem;magyar;4;60;60;megjelent;30;9;11;9;0;1;60;-;-;-;-
2020;1;Bács-Kiskun;12;gimnázium;nő;nappali;magyar nyelv és irodalom;közép;rendes;Nem;magyar;5;80;80;megjelent;35;8;19;13;3;2;80;-;-;-;-
2020;1;Bács-Kiskun;12;gimnázium;nő;nappali;magyar nyelv és irodalom;közép;rendes;Nem;magyar;5;80;80;megjelent;35;9;16;10;8;2;80;-;-;-;-
2020;1;Bács-Kiskun;12;gimnázium;nő;nappali;magyar nyelv és irodalom;közép;rendes;Nem;magyar;5;97;97;megjelent;39;9;24;15;8;2;97;-;-;-;-
2020;1;Bács-Kiskun;12;gimnázium;nő;nappali;magyar nyelv és irodalom;közép;rendes;Nem;magyar;5;94;94;megjelent;37;9;25;15;6;2;94;-;-;-;-
2020;1;Bács-Kiskun;12;gimnázium;férfi;nappali;magyar nyelv és irodalom;közép;rendes;Nem;magyar;5;81;81;megjelent;38;9;20;11;1;2;81;-;-;-;-
2020;1;Bács-Kiskun;12;gimnázium;nő;nappali;magyar nyelv és irodalom;közép;rendes;Nem;magyar;4;78;78;megjelent;35;7;18;11;5;2;78;-;-;-;-
2020;1;Bács-Kiskun;12;gimnázium;férfi;nappali;magyar nyelv és irodalom;közép;rendes;Nem;magyar;5;98;98;megjelent;39;10;25;15;8;1;98;-;-;-;-
2020;1;Bács-Kiskun;12;gimnázium;nő;nappali;magyar nyelv és irodalom;közép;rendes;Nem;magyar;3;56;56;megjelent;28;7;10;7;2;2;56;-;-;-;-
2020;1;Bács-Kiskun;12;gimnázium;nő;nappali;magyar nyelv és irodalom;közép;rendes;Nem;magyar;3;59;59;megjelent;36;0;10;8;5;0;59;-;-;-;-
2020;1;Bács-Kiskun;12;gimnázium;férfi;nappali;magyar nyelv és irodalom;közép;rendes;Nem;magyar;5;87;87;megjelent;39;9;23;12;3;1;87;-;-;-;-
2020;1;Bács-Kiskun;12;gimnázium;férfi;nappali;magyar nyelv és irodalom;közép;rendes;Nem;magyar;5;81;81;megjelent;39;8;21;12;0;1;81;-;-;-;-
2020;1;Bács-Kiskun;12;gimnázium;nő;nappali;magyar nyelv és irodalom;közép;rendes;Nem;magyar;4;64;64;megjelent;32;8;12;9;2;1;64;-;-;-;-
2020;1;Bács-Kiskun;12;gimnázium;férfi;nappali;magyar nyelv és irodalom;közép;rendes;Nem;magyar;5;86;86;megjelent;33;10;20;14;7;2;86;-;-;-;-
2020;1;Bács-Kiskun;12;gimnázium;férfi;nappali;magyar nyelv és irodalom;közép;rendes;Nem;magyar;4;78;78;megjelent;34;9;17;10;7;1;78;-;-;-;-
2020;1;Bács-Kiskun;12;gimnázium;férfi;nappali;magyar nyelv és irodalom;közép;rendes;Nem;magyar;4;70;70;megjelent;37;7;16;9;0;1;70;-;-;-;-
2020;1;Bács-Kiskun;12;gimnázium;nő;nappali;magyar nyelv és irodalom;közép;rendes;Nem;magyar;5;94;94;megjelent;38;9;24;15;6;2;94;-;-;-;-
2020;1;Bács-Kiskun;12;gimnázium;nő;nappali;magyar nyelv és irodalom;közép;rendes;Nem;magyar;5;94;94;megjelent;37;10;24;14;7;2;94;-;-;-;-
2020;1;Bács-Kiskun;12;gimnázium;férfi;nappali;magyar nyelv és irodalom;közép;rendes;Nem;magyar;5;87;87;megjelent;34;8;23;15;6;1;87;-;-;-;-
2020;1;Bács-Kiskun;12;szakgimnázium/szakközépiskola (2016.09.01-től kifutó rendszerben);nő;nappali;magyar nyelv és irodalom;közép;rendes;Nem;magyar;4;73;73;megjelent;33;10;16;12;0;2;73;-;-;-;-
2020;1;Bács-Kiskun;12;gimnázium;férfi;nappali;magyar nyelv és irodalom;közép;rendes;Nem;magyar;4;63;63;megjelent;34;7;9;8;3;2;63;-;-;-;-
2020;1;Bács-Kiskun;12;gimnázium;férfi;nappali;magyar nyelv és irodalom;közép;rendes;Nem;magyar;3;53;53;megjelent;28;8;10;6;0;1;53;-;-;-;-
2020;1;Bács-Kiskun;12;szakgimnázium/szakközépiskola (2016.09.01-től kifutó rendszerben);férfi;nappali;magyar nyelv és irodalom;közép;rendes;Igen;magyar;4;69;64;megjelent;35;9;10;9;0;1;64;-;-;-;-
2020;1;Bács-Kiskun;12;szakgimnázium/szakközépiskola (2016.09.01-től kifutó rendszerben);nő;nappali;magyar nyelv és irodalom;közép;rendes;Nem;magyar;5;82;82;megjelent;35;10;19;12;4;2;82;-;-;-;-
2020;1;Bács-Kiskun;12;szakgimnázium/szakközépiskola (2016.09.01-től kifutó rendszerben);férfi;nappali;magyar nyelv és irodalom;közép;rendes;Nem;magyar;4;61;61;megjelent;34;9;10;7;0;1;61;-;-;-;-
2020;1;Bács-Kiskun;12;szakgimnázium/szakközépiskola (2016.09.01-től kifutó rendszerben);nő;nappali;magyar nyelv és irodalom;közép;rendes;Nem;magyar;4;75;75;megjelent;34;8;17;9;5;2;75;-;-;-;-
2020;1;Bács-Kiskun;12;szakgimnázium/szakközépiskola (2016.09.01-től kifutó rendszerben);férfi;nappali;magyar nyelv és irodalom;közép;rendes;Nem;magyar;3;57;57;megjelent;27;8;10;7;5;0;57;-;-;-;-
2020;1;Bács-Kiskun;12;szakgimnázium/szakközépiskola (2016.09.01-től kifutó rendszerben);nő;nappali;magyar nyelv és irodalom;közép;rendes;Nem;magyar;4;75;75;megjelent;35;9;17;11;1;2;75;-;-;-;-
2020;1;Bács-Kiskun;12;szakgimnázium/szakközépiskola (2016.09.01-től kifutó rendszerben);nő;nappali;magyar nyelv és irodalom;közép;rendes;Nem;magyar;4;67;67;megjelent;35;6;10;8;7;1;67;-;-;-;-
2020;1;Bács-Kiskun;12;szakgimnázium/szakközépiskola (2016.09.01-től kifutó rendszerben);férfi;nappali;magyar nyelv és irodalom;közép;rendes;Nem;magyar;3;57;57;megjelent;32;6;10;8;0;1;57;-;-;-;-
2020;1;Bács-Kiskun;12;szakgimnázium/szakközépiskola (2016.09.01-től kifutó rendszerben);nő;nappali;magyar nyelv és irodalom;közép;rendes;Nem;magyar;5;80;80;megjelent;32;9;19;12;6;2;80;-;-;-;-
2020;1;Bács-Kiskun;12;szakgimnázium/szakközépiskola (2016.09.01-től kifutó rendszerben);nő;nappali;magyar nyelv és irodalom;közép;rendes;Nem;magyar;4;73;73;megjelent;32;9;15;11;4;2;73;-;-;-;-
2020;1;Bács-Kiskun;12;szakgimnázium/szakközépiskola (2016.09.01-től kifutó rendszerben);nő;nappali;magyar nyelv és irodalom;közép;rendes;Nem;magyar;4;78;78;megjelent;30;10;19;15;2;2;78;-;-;-;-
2020;1;Bács-Kiskun;12;szakgimnázium/szakközépiskola (2016.09.01-től kifutó rendszerben);férfi;nappali;magyar nyelv és irodalom;közép;rendes;Nem;magyar;4;64;64;megjelent;36;9;10;8;0;1;64;-;-;-;-
2020;1;Bács-Kiskun;12;szakgimnázium/szakközépiskola (2016.09.01-től kifutó rendszerben);férfi;nappali;magyar nyelv és irodalom;közép;rendes;Nem;magyar;4;63;63;megjelent;32;10;10;9;0;2;63;-;-;-;-
2020;1;Bács-Kiskun;12;szakgimnázium/szakközépiskola (2016.09.01-től kifutó rendszerben);férfi;nappali;magyar nyelv és irodalom;közép;rendes;Nem;magyar;3;58;58;megjelent;33;7;10;7;0;1;58;-;-;-;-
2020;1;Bács-Kiskun;12;szakgimnázium/szakközépiskola (2016.09.01-től kifutó rendszerben);nő;nappali;magyar nyelv és irodalom;közép;rendes;Nem;magyar;4;70;70;megjelent;26;10;17;11;4;2;70;-;-;-;-
2020;1;Bács-Kiskun;12;szakgimnázium/szakközépiskola (2016.09.01-től kifutó rendszerben);nő;nappali;magyar nyelv és irodalom;közép;rendes;Nem;magyar;5;81;81;megjelent;30;10;21;14;4;2;81;-;-;-;-
2020;1;Bács-Kiskun;12;szakgimnázium/szakközépiskola (2016.09.01-től kifutó rendszerben);férfi;nappali;magyar nyelv és irodalom;közép;rendes;Nem;magyar;3;59;59;megjelent;33;8;10;7;0;1;59;-;-;-;-
2020;1;Bács-Kiskun;12;szakgimnázium/szakközépiskola (2016.09.01-től kifutó rendszerben);nő;nappali;magyar nyelv és irodalom;közép;rendes;Nem;magyar;4;71;71;megjelent;32;9;15;9;6;0;71;-;-;-;-
2020;1;Bács-Kiskun;12;szakgimnázium/szakközépiskola (2016.09.01-től kifutó rendszerben);nő;nappali;magyar nyelv és irodalom;közép;rendes;Nem;magyar;5;85;85;megjelent;32;10;23;14;4;2;85;-;-;-;-
2020;1;Bács-Kiskun;12;szakgimnázium/szakközépiskola (2016.09.01-től kifutó rendszerben);férfi;nappali;magyar nyelv és irodalom;közép;rendes;Nem;magyar;3;54;54;megjelent;31;5;10;7;0;1;54;-;-;-;-
2020;1;Bács-Kiskun;12;szakgimnázium/szakközépiskola (2016.09.01-től kifutó rendszerben);nő;nappali;magyar nyelv és irodalom;közép;rendes;Nem;magyar;5;83;83;megjelent;33;10;17;13;8;2;83;-;-;-;-
2020;1;Bács-Kiskun;12;szakgimnázium/szakközépiskola (2016.09.01-től kifutó rendszerben);nő;nappali;magyar nyelv és irodalom;közép;rendes;Nem;magyar;5;80;80;megjelent;33;10;20;15;0;2;80;-;-;-;-
2020;1;Bács-Kiskun;12;szakgimnázium/szakközépiskola (2016.09.01-től kifutó rendszerben);nő;nappali;magyar nyelv és irodalom;közép;rendes;Nem;magyar;4;74;74;megjelent;32;10;19;11;0;2;74;-;-;-;-
2020;1;Bács-Kiskun;12;gimnázium;férfi;nappali;magyar nyelv és irodalom;közép;rendes;Nem;magyar;4;73;73;megjelent;34;7;20;10;0;2;73;-;-;-;-
2020;1;Bács-Kiskun;12;gimnázium;nő;nappali;magyar nyelv és irodalom;közép;rendes;Nem;magyar;5;80;80;megjelent;33;9;21;12;3;2;80;-;-;-;-
2020;1;Bács-Kiskun;12;szakgimnázium/szakközépiskola (2016.09.01-től kifutó rendszerben);férfi;nappali;magyar nyelv és irodalom;közép;rendes;Nem;magyar;2;38;38;megjelent;17;9;6;5;0;1;38;-;-;-;-
2020;1;Bács-Kiskun;12;gimnázium;nő;nappali;magyar nyelv és irodalom;közép;rendes;Nem;magyar;4;61;61;megjelent;28;4;14;10;3;2;61;-;-;-;-
2020;1;Bács-Kiskun;12;gimnázium;férfi;nappali;magyar nyelv és irodalom;közép;rendes;Nem;magyar;4;61;61;megjelent;32;9;10;8;0;2;61;-;-;-;-
2020;1;Bács-Kiskun;12;szakgimnázium/szakközépiskola (2016.09.01-től kifutó rendszerben);nő;nappali;magyar nyelv és irodalom;közép;rendes;Nem;magyar;5;83;83;megjelent;35;10;19;12;5;2;83;-;-;-;-
2020;1;Bács-Kiskun;12;gimnázium;nő;nappali;magyar nyelv és irodalom;közép;rendes;Nem;magyar;4;73;73;megjelent;33;7;19;12;0;2;73;-;-;-;-
2020;1;Bács-Kiskun;12;szakgimnázium/szakközépiskola (2016.09.01-től kifutó rendszerben);férfi;nappali;magyar nyelv és irodalom;közép;rendes;Nem;magyar;5;80;80;megjelent;30;10;25;13;0;2;80;-;-;-;-
2020;1;Bács-Kiskun;12;gimnázium;férfi;nappali;magyar nyelv és irodalom;közép;rendes;Nem;magyar;4;73;73;megjelent;31;8;21;11;0;2;73;-;-;-;-
2020;1;Bács-Kiskun;12;gimnázium;férfi;nappali;magyar nyelv és irodalom;közép;rendes;Nem;magyar;4;71;71;megjelent;31;8;17;13;0;2;71;-;-;-;-
2020;1;Bács-Kiskun;12;gimnázium;nő;nappali;magyar nyelv és irodalom;közép;rendes;Nem;magyar;5;88;88;megjelent;35;10;23;12;6;2;88;-;-;-;-
2020;1;Bács-Kiskun;12;gimnázium;nő;nappali;magyar nyelv és irodalom;közép;rendes;Nem;magyar;4;65;65;megjelent;28;5;15;9;6;2;65;-;-;-;-
2020;1;Bács-Kiskun;12;szakgimnázium/szakközépiskola (2016.09.01-től kifutó rendszerben);nő;nappali;magyar nyelv és irodalom;közép;rendes;Nem;magyar;3;50;50;megjelent;19;7;9;9;4;2;50;-;-;-;-
2020;1;Bács-Kiskun;12;gimnázium;férfi;nappali;magyar nyelv és irodalom;közép;rendes;Nem;magyar;4;65;65;megjelent;33;7;16;7;0;2;65;-;-;-;-
2020;1;Bács-Kiskun;12;gimnázium;nő;nappali;magyar nyelv és irodalom;közép;rendes;Nem;magyar;5;91;91;megjelent;36;10;23;13;7;2;91;-;-;-;-
2020;1;Bács-Kiskun;12;gimnázium;férfi;nappali;magyar nyelv és irodalom;közép;rendes;Nem;magyar;3;57;57;megjelent;33;8;6;7;1;2;57;-;-;-;-
2020;1;Bács-Kiskun;12;szakgimnázium/szakközépiskola (2016.09.01-től kifutó rendszerben);férfi;nappali;magyar nyelv és irodalom;közép;rendes;Nem;magyar;3;43;43;megjelent;19;6;9;8;0;1;43;-;-;-;-
2020;1;Bács-Kiskun;12;szakgimnázium/szakközépiskola (2016.09.01-től kifutó rendszerben);férfi;nappali;magyar nyelv és irodalom;közép;rendes;Igen;magyar;4;71;64;megjelent;32;8;14;10;0;0;64;-;-;-;-
2020;1;Bács-Kiskun;12;szakgimnázium/szakközépiskola (2016.09.01-től kifutó rendszerben);férfi;nappali;magyar nyelv és irodalom;közép;rendes;Nem;magyar;4;61;61;megjelent;27;8;15;10;0;1;61;-;-;-;-
2020;1;Bács-Kiskun;12;szakgimnázium/szakközépiskola (2016.09.01-től kifutó rendszerben);nő;nappali;magyar nyelv és irodalom;közép;rendes;Nem;magyar;3;53;53;megjelent;20;6;10;9;6;2;53;-;-;-;-
2020;1;Bács-Kiskun;12;szakgimnázium/szakközépiskola (2016.09.01-től kifutó rendszerben);férfi;nappali;magyar nyelv és irodalom;közép;rendes;Nem;magyar;4;60;60;megjelent;27;6;14;11;0;2;60;-;-;-;-
2020;1;Bács-Kiskun;12;szakgimnázium/szakközépiskola (2016.09.01-től kifutó rendszerben);nő;nappali;magyar nyelv és irodalom;közép;rendes;Nem;magyar;2;34;34;megjelent;10;8;4;10;0;2;34;-;-;-;-
2020;1;Bács-Kiskun;12;szakgimnázium/szakközépiskola (2016.09.01-től kifutó rendszerben);nő;nappali;magyar nyelv és irodalom;közép;rendes;Nem;magyar;3;51;51;megjelent;23;6;4;15;1;2;51;-;-;-;-
2020;1;Bács-Kiskun;12;szakgimnázium/szakközépiskola (2016.09.01-től kifutó rendszerben);nő;nappali;magyar nyelv és irodalom;közép;rendes;Nem;magyar;3;51;51;megjelent;19;6;13;11;0;2;51;-;-;-;-
2020;1;Bács-Kiskun;12;szakgimnázium/szakközépiskola (2016.09.01-től kifutó rendszerben);nő;nappali;magyar nyelv és irodalom;közép;rendes;Nem;magyar;4;73;73;megjelent;30;8;16;15;2;2;73;-;-;-;-
2020;1;Bács-Kiskun;12;szakgimnázium/szakközépiskola (2016.09.01-től kifutó rendszerben);nő;nappali;magyar nyelv és irodalom;közép;rendes;Nem;magyar;3;56;56;megjelent;22;7;13;12;0;2;56;-;-;-;-
2020;1;Bács-Kiskun;12;szakgimnázium/szakközépiskola (2016.09.01-től kifutó rendszerben);nő;nappali;magyar nyelv és irodalom;közép;rendes;Nem;magyar;4;60;60;megjelent;21;7;14;14;2;2;60;-;-;-;-
2020;1;Bács-Kiskun;12;szakgimnázium/szakközépiskola (2016.09.01-től kifutó rendszerben);férfi;nappali;magyar nyelv és irodalom;közép;rendes;Nem;magyar;2;38;38;megjelent;25;5;4;4;0;0;38;-;-;-;-
2020;1;Bács-Kiskun;12;szakgimnázium/szakközépiskola (2016.09.01-től kifutó rendszerben);nő;nappali;magyar nyelv és irodalom;közép;rendes;Nem;magyar;4;70;70;megjelent;33;6;15;14;0;2;70;-;-;-;-
2020;1;Bács-Kiskun;12;szakgimnázium/szakközépiskola (2016.09.01-től kifutó rendszerben);férfi;nappali;magyar nyelv és irodalom;közép;rendes;Igen;magyar;4;62;56;megjelent;26;6;14;10;0;0;56;-;-;-;-
2020;1;Bács-Kiskun;12;szakgimnázium/szakközépiskola (2016.09.01-től kifutó rendszerben);nő;nappali;magyar nyelv és irodalom;közép;rendes;Nem;magyar;4;73;73;megjelent;30;9;17;15;0;2;73;-;-;-;-
2020;1;Bács-Kiskun;12;gimnázium;nő;nappali;magyar nyelv és irodalom;közép;rendes;Nem;magyar;5;80;80;megjelent;34;9;22;15;0;0;80;-;-;-;-
2020;1;Bács-Kiskun;12;szakgimnázium/szakközépiskola (2016.09.01-től kifutó rendszerben);nő;nappali;magyar nyelv és irodalom;közép;rendes;Nem;magyar;3;47;47;megjelent;20;9;8;8;0;2;47;-;-;-;-
2020;1;Bács-Kiskun;12;szakgimnázium/szakközépiskola (2016.09.01-től kifutó rendszerben);nő;nappali;magyar nyelv és irodalom;közép;rendes;Nem;magyar;4;72;72;megjelent;24;10;17;15;4;2;72;-;-;-;-
2020;1;Bács-Kiskun;12;gimnázium;nő;nappali;magyar nyelv és irodalom;közép;rendes;Nem;magyar;5;86;86;megjelent;29;10;24;14;7;2;86;-;-;-;-
2020;1;Bács-Kiskun;12;szakgimnázium/szakközépiskola (2016.09.01-től kifutó rendszerben);nő;nappali;magyar nyelv és irodalom;közép;rendes;Nem;magyar;5;81;81;megjelent;33;9;17;15;5;2;81;-;-;-;-
2020;1;Bács-Kiskun;12;gimnázium;nő;nappali;magyar nyelv és irodalom;közép;rendes;Nem;magyar;5;82;82;megjelent;36;9;20;11;4;2;82;-;-;-;-
2020;1;Bács-Kiskun;12;gimnázium;nő;nappali;magyar nyelv és irodalom;közép;rendes;Nem;magyar;5;86;86;megjelent;34;8;25;14;3;2;86;-;-;-;-
2020;1;Bács-Kiskun;12;gimnázium;nő;nappali;magyar nyelv és irodalom;közép;rendes;Nem;magyar;2;38;38;megjelent;16;7;4;9;0;2;38;-;-;-;-
2020;1;Bács-Kiskun;12;szakgimnázium/szakközépiskola (2016.09.01-től kifutó rendszerben);nő;nappali;magyar nyelv és irodalom;közép;rendes;Nem;magyar;4;71;71;megjelent;32;8;13;10;6;2;71;-;-;-;-
2020;1;Bács-Kiskun;12;gimnázium;nő;nappali;magyar nyelv és irodalom;közép;rendes;Nem;magyar;4;78;78;megjelent;32;8;17;13;6;2;78;-;-;-;-
2020;1;Bács-Kiskun;12;szakgimnázium/szakközépiskola (2016.09.01-től kifutó rendszerben);nő;nappali;magyar nyelv és irodalom;közép;rendes;Nem;magyar;4;63;63;megjelent;27;7;10;12;5;2;63;-;-;-;-
2020;1;Bács-Kiskun;12;gimnázium;férfi;nappali;magyar nyelv és irodalom;közép;rendes;Igen;magyar;3;56;52;megjelent;27;4;10;9;0;2;52;-;-;-;-
2020;1;Bács-Kiskun;12;gimnázium;nő;nappali;magyar nyelv és irodalom;közép;rendes;Nem;magyar;5;80;80;megjelent;32;8;20;13;6;1;80;-;-;-;-
2020;1;Bács-Kiskun;12;szakgimnázium/szakközépiskola (2016.09.01-től kifutó rendszerben);nő;nappali;magyar nyelv és irodalom;közép;rendes;Nem;magyar;4;68;68;megjelent;31;6;16;12;1;2;68;-;-;-;-
2020;1;Bács-Kiskun;12;gimnázium;nő;nappali;magyar nyelv és irodalom;közép;rendes;Nem;magyar;5;80;80;megjelent;34;8;21;12;3;2;80;-;-;-;-
2020;1;Bács-Kiskun;12;gimnázium;nő;nappali;magyar nyelv és irodalom;közép;rendes;Nem;magyar;4;70;70;megjelent;30;9;18;11;0;2;70;-;-;-;-
2020;1;Bács-Kiskun;12;szakgimnázium/szakközépiskola (2016.09.01-től kifutó rendszerben);nő;nappali;magyar nyelv és irodalom;közép;rendes;Nem;magyar;2;34;34;megjelent;15;4;9;4;0;2;34;-;-;-;-
2020;1;Bács-Kiskun;12;gimnázium;férfi;nappali;magyar nyelv és irodalom;közép;rendes;Nem;magyar;4;75;75;megjelent;34;8;20;10;2;1;75;-;-;-;-
2020;1;Bács-Kiskun;12;gimnázium;nő;nappali;magyar nyelv és irodalom;közép;rendes;Nem;magyar;5;82;82;megjelent;28;10;22;14;6;2;82;-;-;-;-
2020;1;Bács-Kiskun;12;gimnázium;férfi;nappali;magyar nyelv és irodalom;közép;rendes;Nem;magyar;4;74;74;megjelent;34;10;16;10;2;2;74;-;-;-;-
2020;1;Bács-Kiskun;12;szakgimnázium/szakközépiskola (2016.09.01-től kifutó rendszerben);nő;nappali;magyar nyelv és irodalom;közép;rendes;Nem;magyar;3;43;43;megjelent;27;5;4;5;0;2;43;-;-;-;-
2020;1;Bács-Kiskun;12;gimnázium;nő;nappali;magyar nyelv és irodalom;közép;rendes;Nem;magyar;5;94;94;megjelent;39;9;25;15;4;2;94;-;-;-;-
2020;1;Bács-Kiskun;12;gimnázium;nő;nappali;magyar nyelv és irodalom;közép;rendes;Nem;magyar;4;62;62;megjelent;28;8;14;10;0;2;62;-;-;-;-
2020;1;Bács-Kiskun;12;szakgimnázium/szakközépiskola (2016.09.01-től kifutó rendszerben);férfi;nappali;magyar nyelv és irodalom;közép;rendes;Nem;magyar;3;51;51;megjelent;32;6;4;5;3;1;51;-;-;-;-
2020;1;Bács-Kiskun;12;gimnázium;nő;nappali;magyar nyelv és irodalom;közép;rendes;Nem;magyar;4;78;78;megjelent;34;8;18;15;1;2;78;-;-;-;-
2020;1;Bács-Kiskun;12;gimnázium;férfi;nappali;magyar nyelv és irodalom;közép;rendes;Nem;magyar;4;67;67;megjelent;36;8;12;10;0;1;67;-;-;-;-
2020;1;Bács-Kiskun;12;gimnázium;férfi;nappali;magyar nyelv és irodalom;közép;rendes;Nem;magyar;4;79;79;megjelent;33;9;17;11;7;2;79;-;-;-;-
2020;1;Bács-Kiskun;12;gimnázium;férfi;nappali;magyar nyelv és irodalom;közép;rendes;Nem;magyar;5;82;82;megjelent;38;10;20;12;0;2;82;-;-;-;-
2020;1;Bács-Kiskun;12;szakgimnázium/szakközépiskola (2016.09.01-től kifutó rendszerben);nő;nappali;magyar nyelv és irodalom;közép;rendes;Igen;magyar;3;54;50;megjelent;27;6;7;8;0;2;50;-;-;-;-
2020;1;Bács-Kiskun;12;szakgimnázium/szakközépiskola (2016.09.01-től kifutó rendszerben);nő;nappali;magyar nyelv és irodalom;közép;rendes;Nem;magyar;5;84;84;megjelent;31;10;19;15;7;2;84;-;-;-;-
2020;1;Bács-Kiskun;12;szakgimnázium/szakközépiskola (2016.09.01-től kifutó rendszerben);nő;nappali;magyar nyelv és irodalom;közép;rendes;Nem;magyar;3;52;52;megjelent;26;9;5;7;3;2;52;-;-;-;-
2020;1;Bács-Kiskun;12;szakgimnázium/szakközépiskola (2016.09.01-től kifutó rendszerben);férfi;nappali;magyar nyelv és irodalom;közép;rendes;Nem;magyar;4;60;60;megjelent;25;6;19;9;0;1;60;-;-;-;-
2020;1;Bács-Kiskun;12;szakgimnázium/szakközépiskola (2016.09.01-től kifutó rendszerben);férfi;nappali;magyar nyelv és irodalom;közép;rendes;Nem;magyar;4;63;63;megjelent;31;8;16;7;0;1;63;-;-;-;-
2020;1;Bács-Kiskun;12;szakgimnázium/szakközépiskola (2016.09.01-től kifutó rendszerben);férfi;nappali;magyar nyelv és irodalom;közép;rendes;Nem;magyar;4;62;62;megjelent;32;9;12;8;1;0;62;-;-;-;-
2020;1;Bács-Kiskun;12;szakgimnázium/szakközépiskola (2016.09.01-től kifutó rendszerben);férfi;nappali;magyar nyelv és irodalom;közép;rendes;Igen;magyar;4;61;57;megjelent;29;4;15;7;0;2;57;-;-;-;-
2020;1;Bács-Kiskun;12;gimnázium;nő;nappali;magyar nyelv és irodalom;közép;rendes;Nem;magyar;5;85;85;megjelent;36;10;18;13;6;2;85;-;-;-;-
2020;1;Bács-Kiskun;12;szakgimnázium/szakközépiskola (2016.09.01-től kifutó rendszerben);nő;nappali;magyar nyelv és irodalom;közép;rendes;Nem;magyar;4;66;66;megjelent;29;10;17;8;0;2;66;-;-;-;-
2020;1;Bács-Kiskun;12;szakgimnázium/szakközépiskola (2016.09.01-től kifutó rendszerben);nő;nappali;magyar nyelv és irodalom;közép;rendes;Nem;magyar;4;77;77;megjelent;29;9;18;13;6;2;77;-;-;-;-
2020;1;Bács-Kiskun;12;szakgimnázium/szakközépiskola (2016.09.01-től kifutó rendszerben);nő;nappali;magyar nyelv és irodalom;közép;rendes;Nem;magyar;5;81;81;megjelent;36;9;19;13;3;1;81;-;-;-;-
2020;1;Bács-Kiskun;12;szakgimnázium/szakközépiskola (2016.09.01-től kifutó rendszerben);nő;nappali;magyar nyelv és irodalom;közép;rendes;Nem;magyar;4;68;68;megjelent;25;10;15;10;6;2;68;-;-;-;-
2020;1;Bács-Kiskun;12;szakgimnázium/szakközépiskola (2016.09.01-től kifutó rendszerben);nő;nappali;magyar nyelv és irodalom;közép;rendes;Nem;magyar;4;66;66;megjelent;29;9;18;9;0;1;66;-;-;-;-
2020;1;Bács-Kiskun;12;szakgimnázium/szakközépiskola (2016.09.01-től kifutó rendszerben);nő;nappali;magyar nyelv és irodalom;közép;rendes;Nem;magyar;4;77;77;megjelent;29;10;19;12;5;2;77;-;-;-;-
2020;1;Bács-Kiskun;12;szakgimnázium/szakközépiskola (2016.09.01-től kifutó rendszerben);férfi;nappali;magyar nyelv és irodalom;közép;rendes;Nem;magyar;4;74;74;megjelent;33;9;19;11;0;2;74;-;-;-;-
2020;1;Bács-Kiskun;12;szakgimnázium/szakközépiskola (2016.09.01-től kifutó rendszerben);nő;nappali;magyar nyelv és irodalom;közép;rendes;Nem;magyar;5;80;80;megjelent;28;8;25;14;3;2;80;-;-;-;-
2020;1;Bács-Kiskun;12;szakgimnázium/szakközépiskola (2016.09.01-től kifutó rendszerben);nő;nappali;magyar nyelv és irodalom;közép;rendes;Nem;magyar;4;75;75;megjelent;30;10;19;11;4;1;75;-;-;-;-
2020;1;Bács-Kiskun;12;szakgimnázium/szakközépiskola (2016.09.01-től kifutó rendszerben);férfi;nappali;magyar nyelv és irodalom;közép;rendes;Nem;magyar;4;66;66;megjelent;28;9;16;10;3;0;66;-;-;-;-
2020;1;Bács-Kiskun;12;szakgimnázium/szakközépiskola (2016.09.01-től kifutó rendszerben);nő;nappali;magyar nyelv és irodalom;közép;rendes;Nem;magyar;5;81;81;megjelent;33;9;19;11;7;2;81;-;-;-;-
2020;1;Bács-Kiskun;12;szakgimnázium/szakközépiskola (2016.09.01-től kifutó rendszerben);nő;nappali;magyar nyelv és irodalom;közép;rendes;Nem;magyar;5;84;84;megjelent;32;10;20;12;8;2;84;-;-;-;-
2020;1;Bács-Kiskun;12;szakgimnázium/szakközépiskola (2016.09.01-től kifutó rendszerben);férfi;nappali;magyar nyelv és irodalom;közép;rendes;Nem;magyar;3;58;58;megjelent;35;9;4;8;0;2;58;-;-;-;-
2020;1;Bács-Kiskun;12;szakgimnázium/szakközépiskola (2016.09.01-től kifutó rendszerben);nő;nappali;magyar nyelv és irodalom;közép;rendes;Nem;magyar;4;73;73;megjelent;34;10;12;9;6;2;73;-;-;-;-
2020;1;Bács-Kiskun;12;szakgimnázium/szakközépiskola (2016.09.01-től kifutó rendszerben);nő;nappali;magyar nyelv és irodalom;közép;rendes;Nem;magyar;3;49;49;megjelent;29;6;5;5;2;2;49;-;-;-;-
2020;1;Bács-Kiskun;12;szakgimnázium/szakközépiskola (2016.09.01-től kifutó rendszerben);nő;nappali;magyar nyelv és irodalom;közép;rendes;Nem;magyar;3;55;55;megjelent;30;0;12;8;3;2;55;-;-;-;-
2020;1;Bács-Kiskun;12;szakgimnázium/szakközépiskola (2016.09.01-től kifutó rendszerben);férfi;nappali;magyar nyelv és irodalom;közép;rendes;Nem;magyar;4;61;61;megjelent;28;9;15;9;0;0;61;-;-;-;-
2020;1;Bács-Kiskun;12;szakgimnázium/szakközépiskola (2016.09.01-től kifutó rendszerben);nő;nappali;magyar nyelv és irodalom;közép;rendes;Nem;magyar;3;58;58;megjelent;26;6;8;9;7;2;58;-;-;-;-
2020;1;Bács-Kiskun;12;szakgimnázium/szakközépiskola (2016.09.01-től kifutó rendszerben);férfi;nappali;magyar nyelv és irodalom;közép;rendes;Nem;magyar;3;52;52;megjelent;24;6;10;10;0;2;52;-;-;-;-
2020;1;Bács-Kiskun;12;szakgimnázium/szakközépiskola (2016.09.01-től kifutó rendszerben);nő;nappali;magyar nyelv és irodalom;közép;rendes;Nem;magyar;4;70;70;megjelent;28;7;17;10;6;2;70;-;-;-;-
2020;1;Bács-Kiskun;12;szakgimnázium/szakközépiskola (2016.09.01-től kifutó rendszerben);nő;nappali;magyar nyelv és irodalom;közép;rendes;Nem;magyar;2;38;38;megjelent;20;4;3;3;6;2;38;-;-;-;-
2020;1;Bács-Kiskun;12;szakgimnázium/szakközépiskola (2016.09.01-től kifutó rendszerben);nő;nappali;magyar nyelv és irodalom;közép;rendes;Nem;magyar;3;58;58;megjelent;37;7;5;6;1;2;58;-;-;-;-
2020;1;Bács-Kiskun;12;szakgimnázium/szakközépiskola (2016.09.01-től kifutó rendszerben);férfi;nappali;magyar nyelv és irodalom;közép;rendes;Nem;magyar;2;38;38;megjelent;22;4;5;5;0;2;38;-;-;-;-
2020;1;Bács-Kiskun;12;szakgimnázium/szakközépiskola (2016.09.01-től kifutó rendszerben);férfi;nappali;magyar nyelv és irodalom;közép;rendes;Nem;magyar;5;90;90;megjelent;38;10;21;12;7;2;90;-;-;-;-
2020;1;Bács-Kiskun;12;szakgimnázium/szakközépiskola (2016.09.01-től kifutó rendszerben);nő;nappali;magyar nyelv és irodalom;közép;rendes;Nem;magyar;3;57;57;megjelent;27;8;8;7;5;2;57;-;-;-;-
2020;1;Bács-Kiskun;12;szakgimnázium/szakközépiskola (2016.09.01-től kifutó rendszerben);nő;nappali;magyar nyelv és irodalom;közép;rendes;Nem;magyar;2;35;35;megjelent;19;5;5;4;0;2;35;-;-;-;-
2020;1;Bács-Kiskun;12;szakgimnázium/szakközépiskola (2016.09.01-től kifutó rendszerben);férfi;nappali;magyar nyelv és irodalom;közép;rendes;Nem;magyar;4;71;71;megjelent;28;10;14;13;4;2;71;-;-;-;-
2020;1;Bács-Kiskun;12;szakgimnázium/szakközépiskola (2016.09.01-től kifutó rendszerben);férfi;nappali;magyar nyelv és irodalom;közép;rendes;Nem;magyar;5;82;82;megjelent;32;9;18;14;8;1;82;-;-;-;-
2020;1;Bács-Kiskun;12;szakgimnázium/szakközépiskola (2016.09.01-től kifutó rendszerben);nő;nappali;magyar nyelv és irodalom;közép;rendes;Nem;magyar;3;54;54;megjelent;29;0;7;8;8;2;54;-;-;-;-
2020;1;Bács-Kiskun;12;szakgimnázium/szakközépiskola (2016.09.01-től kifutó rendszerben);nő;nappali;magyar nyelv és irodalom;közép;rendes;Nem;magyar;3;57;57;megjelent;24;9;10;12;0;2;57;-;-;-;-
2020;1;Bács-Kiskun;12;szakgimnázium/szakközépiskola (2016.09.01-től kifutó rendszerben);férfi;nappali;magyar nyelv és irodalom;közép;rendes;Nem;magyar;4;70;70;megjelent;30;9;10;11;8;2;70;-;-;-;-
2020;1;Bács-Kiskun;12;szakgimnázium/szakközépiskola (2016.09.01-től kifutó rendszerben);nő;nappali;magyar nyelv és irodalom;közép;rendes;Nem;magyar;3;51;51;megjelent;22;10;5;4;8;2;51;-;-;-;-
2020;1;Bács-Kiskun;12;szakgimnázium/szakközépiskola (2016.09.01-től kifutó rendszerben);férfi;nappali;magyar nyelv és irodalom;közép;rendes;Nem;magyar;5;89;89;megjelent;35;9;22;14;8;1;89;-;-;-;-
2020;1;Bács-Kiskun;12;szakgimnázium/szakközépiskola (2016.09.01-től kifutó rendszerben);nő;nappali;magyar nyelv és irodalom;közép;rendes;Nem;magyar;3;42;42;megjelent;26;6;4;5;0;1;42;-;-;-;-
2020;1;Bács-Kiskun;12;szakgimnázium/szakközépiskola (2016.09.01-től kifutó rendszerben);nő;nappali;magyar nyelv és irodalom;közép;rendes;Nem;magyar;3;58;58;megjelent;25;8;7;8;8;2;58;-;-;-;-
2020;1;Bács-Kiskun;12;szakgimnázium/szakközépiskola (2016.09.01-től kifutó rendszerben);férfi;nappali;magyar nyelv és irodalom;közép;rendes;Nem;magyar;4;76;76;megjelent;34;8;15;12;6;1;76;-;-;-;-
2020;1;Bács-Kiskun;12;szakgimnázium/szakközépiskola (2016.09.01-től kifutó rendszerben);férfi;nappali;magyar nyelv és irodalom;közép;rendes;Nem;magyar;2;35;35;megjelent;18;7;3;4;3;0;35;-;-;-;-
2020;1;Bács-Kiskun;12;szakgimnázium/szakközépiskola (2016.09.01-től kifutó rendszerben);férfi;nappali;magyar nyelv és irodalom;közép;rendes;Nem;magyar;2;39;39;megjelent;28;4;2;3;0;2;39;-;-;-;-
2020;1;Bács-Kiskun;12;szakgimnázium/szakközépiskola (2016.09.01-től kifutó rendszerben);nő;nappali;magyar nyelv és irodalom;közép;rendes;Nem;magyar;4;61;61;megjelent;26;9;10;11;3;2;61;-;-;-;-
2020;1;Bács-Kiskun;12;szakgimnázium/szakközépiskola (2016.09.01-től kifutó rendszerben);férfi;nappali;magyar nyelv és irodalom;közép;rendes;Nem;magyar;3;45;45;megjelent;27;8;5;5;0;0;45;-;-;-;-
2020;1;Bács-Kiskun;12;szakgimnázium/szakközépiskola (2016.09.01-től kifutó rendszerben);nő;nappali;magyar nyelv és irodalom;közép;rendes;Nem;magyar;3;57;57;megjelent;23;6;10;12;4;2;57;-;-;-;-
2020;1;Bács-Kiskun;12;szakgimnázium/szakközépiskola (2016.09.01-től kifutó rendszerben);férfi;nappali;magyar nyelv és irodalom;közép;rendes;Nem;magyar;3;58;58;megjelent;31;8;12;5;0;2;58;-;-;-;-
2020;1;Bács-Kiskun;12;szakgimnázium/szakközépiskola (2016.09.01-től kifutó rendszerben);nő;nappali;magyar nyelv és irodalom;közép;rendes;Nem;magyar;4;70;70;megjelent;32;7;16;9;4;2;70;-;-;-;-
2020;1;Bács-Kiskun;12;szakgimnázium/szakközépiskola (2016.09.01-től kifutó rendszerben);férfi;nappali;magyar nyelv és irodalom;közép;rendes;Nem;magyar;3;55;55;megjelent;32;6;9;8;0;0;55;-;-;-;-
2020;1;Bács-Kiskun;12;szakgimnázium/szakközépiskola (2016.09.01-től kifutó rendszerben);nő;nappali;magyar nyelv és irodalom;közép;rendes;Nem;magyar;3;56;56;megjelent;27;7;12;8;0;2;56;-;-;-;-
2020;1;Bács-Kiskun;12;szakgimnázium/szakközépiskola (2016.09.01-től kifutó rendszerben);nő;nappali;magyar nyelv és irodalom;közép;rendes;Nem;magyar;3;58;58;megjelent;32;6;10;8;1;1;58;-;-;-;-
2020;1;Bács-Kiskun;12;szakgimnázium/szakközépiskola (2016.09.01-től kifutó rendszerben);férfi;nappali;magyar nyelv és irodalom;közép;rendes;Nem;magyar;4;76;76;megjelent;33;10;13;10;8;2;76;-;-;-;-
2020;1;Bács-Kiskun;12;szakgimnázium/szakközépiskola (2016.09.01-től kifutó rendszerben);férfi;nappali;magyar nyelv és irodalom;közép;rendes;Nem;magyar;4;64;64;megjelent;26;7;15;9;6;1;64;-;-;-;-
2020;1;Bács-Kiskun;12;szakgimnázium/szakközépiskola (2016.09.01-től kifutó rendszerben);férfi;nappali;magyar nyelv és irodalom;közép;rendes;Nem;magyar;4;62;62;megjelent;32;9;5;6;8;2;62;-;-;-;-
2020;1;Bács-Kiskun;12;szakgimnázium/szakközépiskola (2016.09.01-től kifutó rendszerben);nő;nappali;magyar nyelv és irodalom;közép;rendes;Nem;magyar;2;39;39;megjelent;20;0;6;5;6;2;39;-;-;-;-
2020;1;Bács-Kiskun;12;szakgimnázium/szakközépiskola (2016.09.01-től kifutó rendszerben);nő;nappali;magyar nyelv és irodalom;közép;rendes;Nem;magyar;2;27;27;megjelent;16;4;2;4;0;1;27;-;-;-;-
2020;1;Bács-Kiskun;12;szakgimnázium/szakközépiskola (2016.09.01-től kifutó rendszerben);nő;nappali;magyar nyelv és irodalom;közép;rendes;Nem;magyar;4;62;62;megjelent;34;7;5;9;6;1;62;-;-;-;-
2020;1;Bács-Kiskun;12;szakgimnázium/szakközépiskola (2016.09.01-től kifutó rendszerben);nő;nappali;magyar nyelv és irodalom;közép;rendes;Nem;magyar;3;47;47;megjelent;23;8;8;6;0;2;47;-;-;-;-
2020;1;Bács-Kiskun;12;szakgimnázium/szakközépiskola (2016.09.01-től kifutó rendszerben);nő;nappali;magyar nyelv és irodalom;közép;rendes;Nem;magyar;3;41;41;megjelent;26;7;2;5;0;1;41;-;-;-;-
2020;1;Bács-Kiskun;12;szakgimnázium/szakközépiskola (2016.09.01-től kifutó rendszerben);nő;nappali;magyar nyelv és irodalom;közép;rendes;Nem;magyar;2;27;27;megjelent;15;3;3;5;0;1;27;-;-;-;-
2020;1;Bács-Kiskun;12;gimnázium;nő;nappali;magyar nyelv és irodalom;közép;rendes;Nem;magyar;4;63;63;megjelent;37;5;8;7;4;2;63;-;-;-;-
2020;1;Bács-Kiskun;12;gimnázium;nő;nappali;magyar nyelv és irodalom;közép;rendes;Nem;magyar;5;86;86;megjelent;32;6;24;15;7;2;86;-;-;-;-
2020;1;Bács-Kiskun;12;gimnázium;nő;nappali;magyar nyelv és irodalom;közép;rendes;Nem;magyar;3;46;46;megjelent;18;4;14;8;0;2;46;-;-;-;-
2020;1;Bács-Kiskun;12;gimnázium;férfi;nappali;magyar nyelv és irodalom;közép;rendes;Nem;magyar;5;86;86;megjelent;36;10;23;15;0;2;86;-;-;-;-
2020;1;Bács-Kiskun;12;gimnázium;férfi;nappali;magyar nyelv és irodalom;közép;rendes;Nem;magyar;4;60;60;megjelent;35;7;7;9;0;2;60;-;-;-;-
2020;1;Bács-Kiskun;12;gimnázium;nő;nappali;magyar nyelv és irodalom;közép;rendes;Nem;magyar;3;58;58;megjelent;28;7;11;9;1;2;58;-;-;-;-
2020;1;Bács-Kiskun;12;szakgimnázium/szakközépiskola (2016.09.01-től kifutó rendszerben);férfi;nappali;magyar nyelv és irodalom;közép;rendes;Nem;magyar;4;67;67;megjelent;30;8;14;12;1;2;67;-;-;-;-
2020;1;Bács-Kiskun;12;gimnázium;nő;nappali;magyar nyelv és irodalom;közép;rendes;Nem;magyar;4;68;68;megjelent;29;10;13;11;3;2;68;-;-;-;-
2020;1;Bács-Kiskun;12;szakgimnázium/szakközépiskola (2016.09.01-től kifutó rendszerben);férfi;nappali;magyar nyelv és irodalom;közép;rendes;Nem;magyar;4;77;77;megjelent;36;9;15;12;4;1;77;-;-;-;-
2020;1;Bács-Kiskun;12;szakgimnázium/szakközépiskola (2016.09.01-től kifutó rendszerben);nő;nappali;magyar nyelv és irodalom;közép;rendes;Nem;magyar;4;70;70;megjelent;32;9;16;12;0;1;70;-;-;-;-
2020;1;Bács-Kiskun;12;gimnázium;férfi;nappali;magyar nyelv és irodalom;közép;rendes;Nem;magyar;4;73;73;megjelent;33;8;17;9;4;2;73;-;-;-;-
2020;1;Bács-Kiskun;12;gimnázium;férfi;nappali;magyar nyelv és irodalom;közép;rendes;Nem;magyar;5;97;97;megjelent;39;10;23;15;8;2;97;-;-;-;-
2020;1;Bács-Kiskun;12;gimnázium;férfi;nappali;magyar nyelv és irodalom;közép;rendes;Nem;magyar;4;71;71;megjelent;34;9;17;9;0;2;71;-;-;-;-
2020;1;Bács-Kiskun;12;gimnázium;férfi;nappali;magyar nyelv és irodalom;közép;rendes;Nem;magyar;4;72;72;megjelent;38;7;14;11;0;2;72;-;-;-;-
2020;1;Bács-Kiskun;12;szakgimnázium/szakközépiskola (2016.09.01-től kifutó rendszerben);férfi;nappali;magyar nyelv és irodalom;közép;rendes;Nem;magyar;3;58;58;megjelent;29;6;12;10;0;1;58;-;-;-;-
2020;1;Bács-Kiskun;12;gimnázium;férfi;nappali;magyar nyelv és irodalom;közép;rendes;Nem;magyar;5;97;97;megjelent;40;10;25;15;5;2;97;-;-;-;-
2020;1;Bács-Kiskun;12;szakgimnázium/szakközépiskola (2016.09.01-től kifutó rendszerben);férfi;nappali;magyar nyelv és irodalom;közép;rendes;Nem;magyar;4;63;63;megjelent;28;6;12;11;5;1;63;-;-;-;-
2020;1;Bács-Kiskun;12;szakgimnázium/szakközépiskola (2016.09.01-től kifutó rendszerben);férfi;nappali;magyar nyelv és irodalom;közép;rendes;Nem;magyar;4;66;66;megjelent;33;0;12;11;8;2;66;-;-;-;-
2020;1;Bács-Kiskun;12;gimnázium;férfi;nappali;magyar nyelv és irodalom;közép;rendes;Nem;magyar;5;94;94;megjelent;39;10;21;14;8;2;94;-;-;-;-
2020;1;Bács-Kiskun;12;szakgimnázium/szakközépiskola (2016.09.01-től kifutó rendszerben);férfi;nappali;magyar nyelv és irodalom;közép;rendes;Nem;magyar;4;62;62;megjelent;34;8;11;9;0;0;62;-;-;-;-
2020;1;Bács-Kiskun;12;szakgimnázium/szakközépiskola (2016.09.01-től kifutó rendszerben);férfi;nappali;magyar nyelv és irodalom;közép;rendes;Nem;magyar;5;90;90;megjelent;38;10;19;14;7;2;90;-;-;-;-
2020;1;Bács-Kiskun;12;szakgimnázium/szakközépiskola (2016.09.01-től kifutó rendszerben);férfi;nappali;magyar nyelv és irodalom;közép;rendes;Nem;magyar;4;74;74;megjelent;32;9;14;12;6;1;74;-;-;-;-
2020;1;Bács-Kiskun;12;szakgimnázium/szakközépiskola (2016.09.01-től kifutó rendszerben);férfi;nappali;magyar nyelv és irodalom;közép;rendes;Nem;magyar;5;81;81;megjelent;36;9;19;12;5;0;81;-;-;-;-
2020;1;Bács-Kiskun;12;szakgimnázium/szakközépiskola (2016.09.01-től kifutó rendszerben);férfi;nappali;magyar nyelv és irodalom;közép;rendes;Nem;magyar;4;75;75;megjelent;34;9;14;12;5;1;75;-;-;-;-
2020;1;Bács-Kiskun;12;szakgimnázium/szakközépiskola (2016.09.01-től kifutó rendszerben);férfi;nappali;magyar nyelv és irodalom;közép;rendes;Nem;magyar;4;66;66;megjelent;32;7;10;9;7;1;66;-;-;-;-
2020;1;Bács-Kiskun;12;szakgimnázium/szakközépiskola (2016.09.01-től kifutó rendszerben);férfi;nappali;magyar nyelv és irodalom;közép;rendes;Nem;magyar;4;61;61;megjelent;36;4;12;9;0;0;61;-;-;-;-
2020;1;Bács-Kiskun;12;szakgimnázium/szakközépiskola (2016.09.01-től kifutó rendszerben);nő;nappali;magyar nyelv és irodalom;közép;rendes;Nem;magyar;5;80;80;megjelent;35;10;20;14;0;1;80;-;-;-;-
2020;1;Bács-Kiskun;12;gimnázium;férfi;nappali;magyar nyelv és irodalom;közép;rendes;Nem;magyar;5;80;80;megjelent;36;9;20;13;0;2;80;-;-;-;-
2020;1;Bács-Kiskun;12;szakgimnázium/szakközépiskola (2016.09.01-től kifutó rendszerben);nő;nappali;magyar nyelv és irodalom;közép;rendes;Nem;magyar;5;95;95;megjelent;37;9;25;15;7;2;95;-;-;-;-
2020;1;Bács-Kiskun;12;gimnázium;férfi;nappali;magyar nyelv és irodalom;közép;rendes;Nem;magyar;4;76;76;megjelent;36;9;18;11;0;2;76;-;-;-;-
2020;1;Bács-Kiskun;12;gimnázium;nő;nappali;magyar nyelv és irodalom;közép;rendes;Nem;magyar;5;91;91;megjelent;39;10;22;13;5;2;91;-;-;-;-
2020;1;Bács-Kiskun;12;szakgimnázium/szakközépiskola (2016.09.01-től kifutó rendszerben);férfi;nappali;magyar nyelv és irodalom;közép;rendes;Nem;magyar;4;69;69;megjelent;32;8;11;11;7;0;69;-;-;-;-
2020;1;Bács-Kiskun;12;gimnázium;nő;nappali;magyar nyelv és irodalom;közép;rendes;Nem;magyar;4;74;74;megjelent;33;8;20;11;0;2;74;-;-;-;-
2020;1;Bács-Kiskun;12;gimnázium;férfi;nappali;magyar nyelv és irodalom;közép;rendes;Igen;magyar;5;83;77;megjelent;38;7;22;8;0;2;77;-;-;-;-
2020;1;Bács-Kiskun;12;szakgimnázium/szakközépiskola (2016.09.01-től kifutó rendszerben);férfi;nappali;magyar nyelv és irodalom;közép;rendes;Nem;magyar;4;63;63;megjelent;32;6;12;9;3;1;63;-;-;-;-
2020;1;Bács-Kiskun;12;szakgimnázium/szakközépiskola (2016.09.01-től kifutó rendszerben);nő;nappali;magyar nyelv és irodalom;közép;rendes;Nem;magyar;5;83;83;megjelent;35;10;19;12;5;2;83;-;-;-;-
2020;1;Bács-Kiskun;12;szakgimnázium/szakközépiskola (2016.09.01-től kifutó rendszerben);férfi;nappali;magyar nyelv és irodalom;közép;rendes;Nem;magyar;4;74;74;megjelent;32;7;15;12;6;2;74;-;-;-;-
2020;1;Bács-Kiskun;12;szakgimnázium/szakközépiskola (2016.09.01-től kifutó rendszerben);nő;nappali;magyar nyelv és irodalom;közép;rendes;Nem;magyar;4;64;64;megjelent;32;8;9;10;3;2;64;-;-;-;-
2020;1;Bács-Kiskun;12;szakgimnázium/szakközépiskola (2016.09.01-től kifutó rendszerben);férfi;nappali;magyar nyelv és irodalom;közép;rendes;Nem;magyar;3;49;49;megjelent;28;5;5;8;3;0;49;-;-;-;-
2020;1;Bács-Kiskun;12;szakgimnázium/szakközépiskola (2016.09.01-től kifutó rendszerben);nő;nappali;magyar nyelv és irodalom;közép;rendes;Nem;magyar;4;60;60;megjelent;33;7;10;8;0;2;60;-;-;-;-
2020;1;Bács-Kiskun;12;szakgimnázium/szakközépiskola (2016.09.01-től kifutó rendszerben);nő;nappali;magyar nyelv és irodalom;közép;rendes;Nem;magyar;3;56;56;megjelent;33;7;7;9;0;0;56;-;-;-;-
2020;1;Bács-Kiskun;12;szakgimnázium/szakközépiskola (2016.09.01-től kifutó rendszerben);nő;nappali;magyar nyelv és irodalom;közép;rendes;Nem;magyar;4;71;71;megjelent;30;9;18;12;1;1;71;-;-;-;-
2020;1;Bács-Kiskun;12;szakgimnázium/szakközépiskola (2016.09.01-től kifutó rendszerben);férfi;nappali;magyar nyelv és irodalom;közép;rendes;Nem;magyar;4;64;64;megjelent;30;8;14;10;1;1;64;-;-;-;-
2020;1;Bács-Kiskun;12;szakgimnázium/szakközépiskola (2016.09.01-től kifutó rendszerben);férfi;nappali;magyar nyelv és irodalom;közép;rendes;Nem;magyar;4;73;73;megjelent;34;9;10;12;6;2;73;-;-;-;-
2020;1;Bács-Kiskun;12;szakgimnázium/szakközépiskola (2016.09.01-től kifutó rendszerben);nő;nappali;magyar nyelv és irodalom;közép;rendes;Nem;magyar;3;57;57;megjelent;26;7;10;8;4;2;57;-;-;-;-
2020;1;Bács-Kiskun;12;szakgimnázium/szakközépiskola (2016.09.01-től kifutó rendszerben);nő;nappali;magyar nyelv és irodalom;közép;rendes;Nem;magyar;5;93;93;megjelent;37;9;24;15;6;2;93;-;-;-;-
2020;1;Bács-Kiskun;12;szakgimnázium/szakközépiskola (2016.09.01-től kifutó rendszerben);nő;nappali;magyar nyelv és irodalom;közép;rendes;Nem;magyar;4;62;62;megjelent;34;7;5;9;5;2;62;-;-;-;-
2020;1;Bács-Kiskun;12;szakgimnázium/szakközépiskola (2016.09.01-től kifutó rendszerben);férfi;nappali;magyar nyelv és irodalom;közép;rendes;Nem;magyar;4;60;60;megjelent;32;7;10;9;1;1;60;-;-;-;-
2020;1;Bács-Kiskun;12;szakgimnázium/szakközépiskola (2016.09.01-től kifutó rendszerben);nő;nappali;magyar nyelv és irodalom;közép;rendes;Nem;magyar;4;62;62;megjelent;28;9;15;9;0;1;62;-;-;-;-
2020;1;Bács-Kiskun;12;szakgimnázium/szakközépiskola (2016.09.01-től kifutó rendszerben);nő;nappali;magyar nyelv és irodalom;közép;rendes;Nem;magyar;4;71;71;megjelent;33;8;15;12;3;0;71;-;-;-;-
2020;1;Bács-Kiskun;12;szakgimnázium/szakközépiskola (2016.09.01-től kifutó rendszerben);nő;nappali;magyar nyelv és irodalom;közép;rendes;Nem;magyar;4;73;73;megjelent;28;9;17;11;6;2;73;-;-;-;-
2020;1;Bács-Kiskun;12;szakgimnázium/szakközépiskola (2016.09.01-től kifutó rendszerben);férfi;nappali;magyar nyelv és irodalom;közép;rendes;Nem;magyar;5;80;80;megjelent;36;10;20;12;0;2;80;-;-;-;-
2020;1;Bács-Kiskun;12;szakgimnázium/szakközépiskola (2016.09.01-től kifutó rendszerben);férfi;nappali;magyar nyelv és irodalom;közép;rendes;Nem;magyar;4;71;71;megjelent;35;7;12;12;3;2;71;-;-;-;-
2020;1;Bács-Kiskun;12;szakgimnázium/szakközépiskola (2016.09.01-től kifutó rendszerben);nő;nappali;magyar nyelv és irodalom;közép;rendes;Nem;magyar;4;77;77;megjelent;33;10;19;13;0;2;77;-;-;-;-
2020;1;Bács-Kiskun;12;szakgimnázium/szakközépiskola (2016.09.01-től kifutó rendszerben);férfi;nappali;magyar nyelv és irodalom;közép;rendes;Nem;magyar;4;72;72;megjelent;34;8;14;12;2;2;72;-;-;-;-
2020;1;Bács-Kiskun;12;szakgimnázium/szakközépiskola (2016.09.01-től kifutó rendszerben);férfi;nappali;magyar nyelv és irodalom;közép;rendes;Nem;magyar;4;65;65;megjelent;34;8;13;9;0;1;65;-;-;-;-
2020;1;Bács-Kiskun;12;szakgimnázium/szakközépiskola (2016.09.01-től kifutó rendszerben);nő;nappali;magyar nyelv és irodalom;közép;rendes;Nem;magyar;5;85;85;megjelent;37;9;18;13;6;2;85;-;-;-;-
2020;1;Bács-Kiskun;12;szakgimnázium/szakközépiskola (2016.09.01-től kifutó rendszerben);nő;nappali;magyar nyelv és irodalom;közép;rendes;Igen;magyar;2;39;36;megjelent;24;5;3;4;0;0;36;-;-;-;-
2020;1;Bács-Kiskun;12;szakgimnázium/szakközépiskola (2016.09.01-től kifutó rendszerben);nő;nappali;magyar nyelv és irodalom;közép;rendes;Nem;magyar;3;44;44;megjelent;22;6;8;7;0;1;44;-;-;-;-
2020;1;Bács-Kiskun;12;szakgimnázium/szakközépiskola (2016.09.01-től kifutó rendszerben);nő;nappali;magyar nyelv és irodalom;közép;rendes;Nem;magyar;5;80;80;megjelent;32;10;20;12;4;2;80;-;-;-;-
2020;1;Bács-Kiskun;12;szakgimnázium/szakközépiskola (2016.09.01-től kifutó rendszerben);nő;nappali;magyar nyelv és irodalom;közép;rendes;Nem;magyar;4;75;75;megjelent;35;10;17;12;0;1;75;-;-;-;-
2020;1;Bács-Kiskun;12;szakgimnázium/szakközépiskola (2016.09.01-től kifutó rendszerben);férfi;nappali;magyar nyelv és irodalom;közép;rendes;Igen;magyar;4;76;38;megjelent;-;-;-;-;-;-;-;17;8;13;38
2020;1;Bács-Kiskun;12;szakgimnázium/szakközépiskola (2016.09.01-től kifutó rendszerben);nő;nappali;magyar nyelv és irodalom;közép;rendes;Nem;magyar;4;73;73;megjelent;39;9;15;9;0;1;73;-;-;-;-
2020;1;Bács-Kiskun;12;szakgimnázium/szakközépiskola (2016.09.01-től kifutó rendszerben);nő;nappali;magyar nyelv és irodalom;közép;rendes;Nem;magyar;4;65;65;megjelent;33;7;15;9;0;1;65;-;-;-;-
2020;1;Bács-Kiskun;12;gimnázium;férfi;nappali;magyar nyelv és irodalom;közép;rendes;Nem;magyar;5;87;87;megjelent;38;10;20;12;5;2;87;-;-;-;-
2020;1;Bács-Kiskun;12;gimnázium;nő;nappali;magyar nyelv és irodalom;közép;rendes;Nem;magyar;5;88;88;megjelent;38;10;19;13;7;1;88;-;-;-;-
2020;1;Bács-Kiskun;12;gimnázium;férfi;nappali;magyar nyelv és irodalom;közép;rendes;Nem;magyar;4;76;76;megjelent;36;8;19;9;3;1;76;-;-;-;-
2020;1;Bács-Kiskun;12;gimnázium;férfi;nappali;magyar nyelv és irodalom;közép;rendes;Nem;magyar;5;100;100;megjelent;40;10;25;15;8;2;100;-;-;-;-
2020;1;Bács-Kiskun;12;gimnázium;nő;nappali;magyar nyelv és irodalom;közép;rendes;Nem;magyar;4;73;73;megjelent;32;9;18;12;0;2;73;-;-;-;-
2020;1;Bács-Kiskun;12;szakgimnázium/szakközépiskola (2016.09.01-től kifutó rendszerben);nő;nappali;magyar nyelv és irodalom;közép;rendes;Nem;magyar;5;80;80;megjelent;36;10;15;11;6;2;80;-;-;-;-
2020;1;Bács-Kiskun;12;gimnázium;férfi;nappali;magyar nyelv és irodalom;közép;rendes;Nem;magyar;5;80;80;megjelent;34;10;19;10;5;2;80;-;-;-;-
2020;1;Bács-Kiskun;12;szakgimnázium/szakközépiskola (2016.09.01-től kifutó rendszerben);férfi;nappali;magyar nyelv és irodalom;közép;rendes;Nem;magyar;3;58;58;megjelent;29;6;13;9;0;1;58;-;-;-;-
2020;1;Bács-Kiskun;12;szakgimnázium/szakközépiskola (2016.09.01-től kifutó rendszerben);nő;nappali;magyar nyelv és irodalom;közép;rendes;Nem;magyar;5;80;80;megjelent;35;10;19;10;4;2;80;-;-;-;-
2020;1;Bács-Kiskun;12;gimnázium;nő;nappali;magyar nyelv és irodalom;közép;rendes;Nem;magyar;5;85;85;megjelent;36;9;18;14;6;2;85;-;-;-;-
2020;1;Bács-Kiskun;12;szakgimnázium/szakközépiskola (2016.09.01-től kifutó rendszerben);nő;nappali;magyar nyelv és irodalom;közép;rendes;Nem;magyar;4;71;71;megjelent;28;9;20;10;2;2;71;-;-;-;-
2020;1;Bács-Kiskun;12;gimnázium;férfi;nappali;magyar nyelv és irodalom;közép;rendes;Nem;magyar;5;96;96;megjelent;38;10;25;15;6;2;96;-;-;-;-
2020;1;Bács-Kiskun;12;gimnázium;férfi;nappali;magyar nyelv és irodalom;közép;rendes;Nem;magyar;5;81;81;megjelent;36;10;17;10;7;1;81;-;-;-;-
2020;1;Bács-Kiskun;12;gimnázium;férfi;nappali;magyar nyelv és irodalom;közép;rendes;Nem;magyar;5;83;83;megjelent;38;10;19;12;2;2;83;-;-;-;-
2020;1;Bács-Kiskun;12;gimnázium;nő;nappali;magyar nyelv és irodalom;közép;rendes;Nem;magyar;5;87;87;megjelent;34;9;20;15;7;2;87;-;-;-;-
2020;1;Bács-Kiskun;12;gimnázium;nő;nappali;magyar nyelv és irodalom;közép;rendes;Nem;magyar;5;89;89;megjelent;35;10;24;15;3;2;89;-;-;-;-
2020;1;Bács-Kiskun;12;gimnázium;férfi;nappali;magyar nyelv és irodalom;közép;rendes;Nem;magyar;5;84;84;megjelent;34;10;19;15;4;2;84;-;-;-;-
2020;1;Bács-Kiskun;12;szakgimnázium/szakközépiskola (2016.09.01-től kifutó rendszerben);nő;nappali;magyar nyelv és irodalom;közép;rendes;Nem;magyar;4;75;75;megjelent;31;8;16;11;7;2;75;-;-;-;-
2020;1;Bács-Kiskun;12;gimnázium;férfi;nappali;magyar nyelv és irodalom;közép;rendes;Nem;magyar;4;78;78;megjelent;33;8;17;12;7;1;78;-;-;-;-
2020;1;Bács-Kiskun;12;szakgimnázium/szakközépiskola (2016.09.01-től kifutó rendszerben);nő;nappali;magyar nyelv és irodalom;közép;rendes;Nem;magyar;4;67;67;megjelent;30;8;16;10;1;2;67;-;-;-;-
2020;1;Bács-Kiskun;12;szakgimnázium/szakközépiskola (2016.09.01-től kifutó rendszerben);nő;nappali;magyar nyelv és irodalom;közép;rendes;Nem;magyar;4;77;77;megjelent;35;9;16;12;3;2;77;-;-;-;-
2020;1;Bács-Kiskun;12;szakgimnázium/szakközépiskola (2016.09.01-től kifutó rendszerben);nő;nappali;magyar nyelv és irodalom;közép;rendes;Nem;magyar;5;81;81;megjelent;37;10;19;12;1;2;81;-;-;-;-
2020;1;Bács-Kiskun;12;gimnázium;férfi;nappali;magyar nyelv és irodalom;közép;rendes;Nem;magyar;4;74;74;megjelent;38;8;14;12;0;2;74;-;-;-;-
2020;1;Bács-Kiskun;12;gimnázium;nő;nappali;magyar nyelv és irodalom;közép;rendes;Nem;magyar;5;80;80;megjelent;38;10;14;11;5;2;80;-;-;-;-
2020;1;Bács-Kiskun;12;gimnázium;nő;nappali;magyar nyelv és irodalom;közép;rendes;Nem;magyar;4;78;78;megjelent;31;7;21;14;3;2;78;-;-;-;-
2020;1;Bács-Kiskun;12;gimnázium;férfi;nappali;magyar nyelv és irodalom;közép;rendes;Nem;magyar;4;76;76;megjelent;36;9;14;11;4;2;76;-;-;-;-
2020;1;Bács-Kiskun;12;gimnázium;férfi;nappali;magyar nyelv és irodalom;közép;rendes;Nem;magyar;4;77;77;megjelent;33;9;21;10;2;2;77;-;-;-;-
2020;1;Bács-Kiskun;12;gimnázium;nő;nappali;magyar nyelv és irodalom;közép;rendes;Nem;magyar;5;80;80;megjelent;36;8;20;11;4;1;80;-;-;-;-
2020;1;Bács-Kiskun;12;gimnázium;férfi;nappali;magyar nyelv és irodalom;közép;rendes;Nem;magyar;4;66;66;megjelent;30;9;15;10;0;2;66;-;-;-;-
2020;1;Bács-Kiskun;12;gimnázium;nő;nappali;magyar nyelv és irodalom;közép;rendes;Nem;magyar;5;82;82;megjelent;31;10;21;15;3;2;82;-;-;-;-
2020;1;Bács-Kiskun;12;szakgimnázium/szakközépiskola (2016.09.01-től kifutó rendszerben);nő;nappali;magyar nyelv és irodalom;közép;rendes;Nem;magyar;3;55;55;megjelent;35;6;7;6;0;1;55;-;-;-;-
2020;1;Bács-Kiskun;12;szakgimnázium/szakközépiskola (2016.09.01-től kifutó rendszerben);férfi;nappali;magyar nyelv és irodalom;közép;rendes;Nem;magyar;3;46;46;megjelent;25;6;9;6;0;0;46;-;-;-;-
2020;1;Bács-Kiskun;12;szakgimnázium/szakközépiskola (2016.09.01-től kifutó rendszerben);férfi;nappali;magyar nyelv és irodalom;közép;rendes;Nem;magyar;3;48;48;megjelent;28;8;9;3;0;0;48;-;-;-;-
2020;1;Bács-Kiskun;12;szakgimnázium/szakközépiskola (2016.09.01-től kifutó rendszerben);férfi;nappali;magyar nyelv és irodalom;közép;rendes;Nem;magyar;4;62;62;megjelent;30;7;13;11;0;1;62;-;-;-;-
2020;1;Bács-Kiskun;12;szakgimnázium/szakközépiskola (2016.09.01-től kifutó rendszerben);férfi;nappali;magyar nyelv és irodalom;közép;rendes;Nem;magyar;3;49;49;megjelent;27;6;8;7;0;1;49;-;-;-;-
2020;1;Bács-Kiskun;12;szakgimnázium/szakközépiskola (2016.09.01-től kifutó rendszerben);férfi;nappali;magyar nyelv és irodalom;közép;rendes;Nem;magyar;3;42;42;megjelent;21;8;7;6;0;0;42;-;-;-;-
2020;1;Bács-Kiskun;12;szakgimnázium/szakközépiskola (2016.09.01-től kifutó rendszerben);férfi;nappali;magyar nyelv és irodalom;közép;rendes;Nem;magyar;4;61;61;megjelent;29;8;11;12;0;1;61;-;-;-;-
2020;1;Bács-Kiskun;12;szakgimnázium/szakközépiskola (2016.09.01-től kifutó rendszerben);nő;nappali;magyar nyelv és irodalom;közép;rendes;Nem;magyar;2;34;34;megjelent;15;3;4;5;6;1;34;-;-;-;-
2020;1;Bács-Kiskun;12;gimnázium;férfi;nappali;magyar nyelv és irodalom;közép;rendes;Nem;magyar;4;75;75;megjelent;35;9;19;10;0;2;75;-;-;-;-
2020;1;Bács-Kiskun;12;gimnázium;nő;nappali;magyar nyelv és irodalom;közép;rendes;Nem;magyar;5;87;87;megjelent;34;10;21;14;6;2;87;-;-;-;-
2020;1;Bács-Kiskun;12;gimnázium;nő;nappali;magyar nyelv és irodalom;közép;rendes;Nem;magyar;5;80;80;megjelent;33;9;23;13;0;2;80;-;-;-;-
2020;1;Bács-Kiskun;12;gimnázium;férfi;nappali;magyar nyelv és irodalom;közép;rendes;Nem;magyar;4;72;72;megjelent;28;10;19;13;0;2;72;-;-;-;-
2020;1;Bács-Kiskun;12;gimnázium;férfi;nappali;magyar nyelv és irodalom;közép;rendes;Nem;magyar;4;74;74;megjelent;32;8;22;11;0;1;74;-;-;-;-
2020;1;Bács-Kiskun;12;gimnázium;férfi;nappali;magyar nyelv és irodalom;közép;rendes;Nem;magyar;4;76;76;megjelent;33;8;15;13;5;2;76;-;-;-;-
2020;1;Bács-Kiskun;12;gimnázium;nő;nappali;magyar nyelv és irodalom;közép;rendes;Nem;magyar;5;88;88;megjelent;34;9;23;14;6;2;88;-;-;-;-
2020;1;Bács-Kiskun;12;gimnázium;nő;nappali;magyar nyelv és irodalom;közép;rendes;Nem;magyar;3;48;48;megjelent;28;9;5;5;1;0;48;-;-;-;-
2020;1;Bács-Kiskun;12;gimnázium;nő;nappali;magyar nyelv és irodalom;közép;rendes;Nem;magyar;3;51;51;megjelent;27;7;6;8;1;2;51;-;-;-;-
2020;1;Bács-Kiskun;12;gimnázium;férfi;nappali;magyar nyelv és irodalom;közép;rendes;Nem;magyar;4;60;60;megjelent;29;0;15;11;5;0;60;-;-;-;-
2020;1;Bács-Kiskun;12;gimnázium;nő;nappali;magyar nyelv és irodalom;közép;rendes;Nem;magyar;3;41;41;megjelent;24;7;4;5;1;0;41;-;-;-;-
2020;1;Bács-Kiskun;12;gimnázium;nő;nappali;magyar nyelv és irodalom;közép;rendes;Nem;magyar;5;83;83;megjelent;32;10;23;13;3;2;83;-;-;-;-
2020;1;Bács-Kiskun;12;gimnázium;férfi;nappali;magyar nyelv és irodalom;közép;rendes;Nem;magyar;4;76;76;megjelent;31;9;19;12;3;2;76;-;-;-;-
2020;1;Bács-Kiskun;12;gimnázium;férfi;nappali;magyar nyelv és irodalom;közép;rendes;Nem;magyar;5;91;91;megjelent;34;9;24;14;8;2;91;-;-;-;-
2020;1;Bács-Kiskun;12;gimnázium;nő;nappali;magyar nyelv és irodalom;közép;rendes;Nem;magyar;4;70;70;megjelent;34;7;18;11;0;0;70;-;-;-;-
2020;1;Bács-Kiskun;12;gimnázium;nő;nappali;magyar nyelv és irodalom;közép;rendes;Nem;magyar;5;85;85;megjelent;38;9;19;9;8;2;85;-;-;-;-
2020;1;Bács-Kiskun;12;gimnázium;férfi;nappali;magyar nyelv és irodalom;közép;rendes;Nem;magyar;5;80;80;megjelent;34;9;18;11;6;2;80;-;-;-;-
2020;1;Bács-Kiskun;12;szakközép;férfi;nappali;magyar nyelv és irodalom;közép;rendes;Nem;magyar;3;53;53;megjelent;32;4;8;7;0;2;53;-;-;-;-
2020;1;Bács-Kiskun;12;gimnázium;férfi;nappali;magyar nyelv és irodalom;közép;rendes;Nem;magyar;4;62;62;megjelent;34;5;14;8;0;1;62;-;-;-;-
2020;1;Bács-Kiskun;12;gimnázium;nő;nappali;magyar nyelv és irodalom;közép;rendes;Nem;magyar;3;47;47;megjelent;19;8;10;7;2;1;47;-;-;-;-
2020;1;Bács-Kiskun;12;gimnázium;nő;nappali;magyar nyelv és irodalom;közép;rendes;Nem;magyar;5;86;86;megjelent;34;10;20;13;7;2;86;-;-;-;-
2020;1;Bács-Kiskun;12;gimnázium;nő;nappali;magyar nyelv és irodalom;közép;rendes;Nem;magyar;5;80;80;megjelent;32;9;18;12;8;1;80;-;-;-;-
2020;1;Bács-Kiskun;12;gimnázium;nő;nappali;magyar nyelv és irodalom;közép;rendes;Nem;magyar;3;55;55;megjelent;31;7;10;7;0;0;55;-;-;-;-
2020;1;Bács-Kiskun;12;gimnázium;férfi;nappali;magyar nyelv és irodalom;közép;rendes;Nem;magyar;5;90;90;megjelent;35;10;22;14;7;2;90;-;-;-;-
2020;1;Bács-Kiskun;12;gimnázium;nő;nappali;magyar nyelv és irodalom;közép;rendes;Nem;magyar;5;82;82;megjelent;36;9;17;10;8;2;82;-;-;-;-
2020;1;Bács-Kiskun;12;szakgimnázium/szakközépiskola (2016.09.01-től kifutó rendszerben);férfi;nappali;magyar nyelv és irodalom;közép;rendes;Igen;magyar;3;44;41;megjelent;29;6;3;3;0;0;41;-;-;-;-
2020;1;Bács-Kiskun;12;gimnázium;nő;nappali;magyar nyelv és irodalom;közép;rendes;Nem;magyar;4;75;75;megjelent;33;10;20;10;0;2;75;-;-;-;-
2020;1;Bács-Kiskun;12;gimnázium;nő;nappali;magyar nyelv és irodalom;közép;rendes;Igen;magyar;4;72;67;megjelent;26;9;18;12;0;2;67;-;-;-;-
2020;1;Bács-Kiskun;12;gimnázium;nő;nappali;magyar nyelv és irodalom;közép;rendes;Nem;magyar;4;69;69;megjelent;33;8;15;9;3;1;69;-;-;-;-
2020;1;Bács-Kiskun;12;gimnázium;férfi;nappali;magyar nyelv és irodalom;közép;rendes;Nem;magyar;5;80;80;megjelent;36;9;18;11;4;2;80;-;-;-;-
2020;1;Bács-Kiskun;12;szakgimnázium/szakközépiskola (2016.09.01-től kifutó rendszerben);férfi;nappali;magyar nyelv és irodalom;közép;rendes;Nem;magyar;4;74;74;megjelent;36;6;19;11;0;2;74;-;-;-;-
2020;1;Bács-Kiskun;12;gimnázium;nő;nappali;magyar nyelv és irodalom;közép;rendes;Nem;magyar;4;75;75;megjelent;33;8;18;11;4;1;75;-;-;-;-
2020;1;Bács-Kiskun;12;gimnázium;nő;nappali;magyar nyelv és irodalom;közép;rendes;Nem;magyar;5;90;90;megjelent;34;10;22;14;8;2;90;-;-;-;-
2020;1;Bács-Kiskun;12;gimnázium;férfi;nappali;magyar nyelv és irodalom;közép;rendes;Nem;magyar;2;32;32;megjelent;17;7;4;4;0;0;32;-;-;-;-
2020;1;Bács-Kiskun;12;szakgimnázium/szakközépiskola (2016.09.01-től kifutó rendszerben);nő;nappali;magyar nyelv és irodalom;közép;rendes;Nem;magyar;3;56;56;megjelent;29;6;4;8;7;2;56;-;-;-;-
2020;1;Bács-Kiskun;12;gimnázium;férfi;nappali;magyar nyelv és irodalom;közép;rendes;Nem;magyar;4;71;71;megjelent;32;9;16;10;2;2;71;-;-;-;-
2020;1;Bács-Kiskun;12;szakgimnázium/szakközépiskola (2016.09.01-től kifutó rendszerben);nő;nappali;magyar nyelv és irodalom;közép;rendes;Igen;magyar;2;29;27;megjelent;18;3;2;4;0;0;27;-;-;-;-
2020;1;Bács-Kiskun;12;szakgimnázium/szakközépiskola (2016.09.01-től kifutó rendszerben);nő;nappali;magyar nyelv és irodalom;közép;rendes;Nem;magyar;2;36;36;megjelent;24;3;4;5;0;0;36;-;-;-;-
2020;1;Bács-Kiskun;12;szakgimnázium/szakközépiskola (2016.09.01-től kifutó rendszerben);férfi;nappali;magyar nyelv és irodalom;közép;rendes;Igen;magyar;5;82;76;megjelent;35;8;19;12;0;2;76;-;-;-;-
2020;1;Bács-Kiskun;12;szakgimnázium/szakközépiskola (2016.09.01-től kifutó rendszerben);férfi;nappali;magyar nyelv és irodalom;közép;rendes;Igen;magyar;3;45;42;megjelent;19;6;7;9;0;1;42;-;-;-;-
2020;1;Bács-Kiskun;12;szakgimnázium/szakközépiskola (2016.09.01-től kifutó rendszerben);férfi;nappali;magyar nyelv és irodalom;közép;rendes;Nem;magyar;4;68;68;megjelent;24;10;20;12;0;2;68;-;-;-;-
2020;1;Bács-Kiskun;12;szakgimnázium/szakközépiskola (2016.09.01-től kifutó rendszerben);férfi;nappali;magyar nyelv és irodalom;közép;rendes;Nem;magyar;2;35;35;megjelent;13;5;3;8;4;2;35;-;-;-;-
2020;1;Bács-Kiskun;12;szakgimnázium/szakközépiskola (2016.09.01-től kifutó rendszerben);nő;nappali;magyar nyelv és irodalom;közép;rendes;Nem;magyar;3;48;48;megjelent;22;3;12;9;0;2;48;-;-;-;-
2020;1;Bács-Kiskun;12;szakgimnázium/szakközépiskola (2016.09.01-től kifutó rendszerben);nő;nappali;magyar nyelv és irodalom;közép;rendes;Nem;magyar;4;77;77;megjelent;28;9;20;15;3;2;77;-;-;-;-
2020;1;Bács-Kiskun;12;szakgimnázium/szakközépiskola (2016.09.01-től kifutó rendszerben);férfi;nappali;magyar nyelv és irodalom;közép;rendes;Nem;magyar;4;60;60;megjelent;28;10;7;10;3;2;60;-;-;-;-
2020;1;Bács-Kiskun;12;szakgimnázium/szakközépiskola (2016.09.01-től kifutó rendszerben);nő;nappali;magyar nyelv és irodalom;közép;rendes;Nem;magyar;5;86;86;megjelent;32;10;20;14;8;2;86;-;-;-;-
2020;1;Bács-Kiskun;12;szakgimnázium/szakközépiskola (2016.09.01-től kifutó rendszerben);férfi;nappali;magyar nyelv és irodalom;közép;rendes;Nem;magyar;2;30;30;megjelent;15;7;2;4;0;2;30;-;-;-;-
2020;1;Bács-Kiskun;12;gimnázium;nő;nappali;magyar nyelv és irodalom;közép;rendes;Nem;magyar;5;91;91;megjelent;32;10;25;15;7;2;91;-;-;-;-
2020;1;Bács-Kiskun;12;szakgimnázium/szakközépiskola (2016.09.01-től kifutó rendszerben);férfi;nappali;magyar nyelv és irodalom;közép;rendes;Nem;magyar;4;67;67;megjelent;35;10;12;9;0;1;67;-;-;-;-
2020;1;Bács-Kiskun;12;szakgimnázium/szakközépiskola (2016.09.01-től kifutó rendszerben);férfi;nappali;magyar nyelv és irodalom;közép;rendes;Nem;magyar;3;45;45;megjelent;25;5;6;8;0;1;45;-;-;-;-
2020;1;Bács-Kiskun;12;szakgimnázium/szakközépiskola (2016.09.01-től kifutó rendszerben);férfi;nappali;magyar nyelv és irodalom;közép;rendes;Igen;magyar;2;25;23;megjelent;13;0;4;5;0;1;23;-;-;-;-
2020;1;Bács-Kiskun;12;szakgimnázium/szakközépiskola (2016.09.01-től kifutó rendszerben);férfi;nappali;magyar nyelv és irodalom;közép;rendes;Nem;magyar;4;61;61;megjelent;25;7;16;11;0;2;61;-;-;-;-
2020;1;Bács-Kiskun;12;szakgimnázium/szakközépiskola (2016.09.01-től kifutó rendszerben);férfi;nappali;magyar nyelv és irodalom;közép;rendes;Nem;magyar;3;44;44;megjelent;25;4;8;6;0;1;44;-;-;-;-
2020;1;Bács-Kiskun;12;szakgimnázium/szakközépiskola (2016.09.01-től kifutó rendszerben);férfi;nappali;magyar nyelv és irodalom;közép;rendes;Nem;magyar;5;80;80;megjelent;33;8;20;15;2;2;80;-;-;-;-
2020;1;Bács-Kiskun;12;szakgimnázium/szakközépiskola (2016.09.01-től kifutó rendszerben);férfi;nappali;magyar nyelv és irodalom;közép;rendes;Nem;magyar;2;33;33;megjelent;16;3;7;6;0;1;33;-;-;-;-
2020;1;Bács-Kiskun;12;szakgimnázium/szakközépiskola (2016.09.01-től kifutó rendszerben);férfi;nappali;magyar nyelv és irodalom;közép;rendes;Nem;magyar;3;46;46;megjelent;25;9;5;5;0;2;46;-;-;-;-
2020;1;Bács-Kiskun;12;szakgimnázium/szakközépiskola (2016.09.01-től kifutó rendszerben);nő;nappali;magyar nyelv és irodalom;közép;rendes;Nem;magyar;3;48;48;megjelent;26;6;8;7;0;1;48;-;-;-;-
2020;1;Bács-Kiskun;12;szakgimnázium/szakközépiskola (2016.09.01-től kifutó rendszerben);férfi;nappali;magyar nyelv és irodalom;közép;rendes;Nem;magyar;4;74;74;megjelent;36;5;19;13;0;1;74;-;-;-;-
2020;1;Bács-Kiskun;12;szakgimnázium/szakközépiskola (2016.09.01-től kifutó rendszerben);férfi;nappali;magyar nyelv és irodalom;közép;rendes;Nem;magyar;3;46;46;megjelent;22;6;9;8;0;1;46;-;-;-;-
2020;1;Bács-Kiskun;12;szakgimnázium/szakközépiskola (2016.09.01-től kifutó rendszerben);férfi;nappali;magyar nyelv és irodalom;közép;rendes;Nem;magyar;3;41;41;megjelent;19;9;6;6;0;1;41;-;-;-;-
2020;1;Bács-Kiskun;12;szakgimnázium/szakközépiskola (2016.09.01-től kifutó rendszerben);férfi;nappali;magyar nyelv és irodalom;közép;rendes;Nem;magyar;3;43;43;megjelent;24;6;6;6;0;1;43;-;-;-;-
2020;1;Bács-Kiskun;12;szakgimnázium/szakközépiskola (2016.09.01-től kifutó rendszerben);férfi;nappali;magyar nyelv és irodalom;közép;rendes;Nem;magyar;2;38;38;megjelent;25;3;5;5;0;0;38;-;-;-;-
2020;1;Bács-Kiskun;12;szakgimnázium/szakközépiskola (2016.09.01-től kifutó rendszerben);férfi;nappali;magyar nyelv és irodalom;közép;rendes;Nem;magyar;4;63;63;megjelent;30;9;13;9;1;1;63;-;-;-;-
2020;1;Bács-Kiskun;12;szakgimnázium/szakközépiskola (2016.09.01-től kifutó rendszerben);férfi;nappali;magyar nyelv és irodalom;közép;rendes;Nem;magyar;3;52;52;megjelent;33;0;9;8;0;2;52;-;-;-;-
2020;1;Bács-Kiskun;12;szakgimnázium/szakközépiskola (2016.09.01-től kifutó rendszerben);férfi;nappali;magyar nyelv és irodalom;közép;rendes;Nem;magyar;3;44;44;megjelent;26;5;6;6;0;1;44;-;-;-;-
2020;1;Bács-Kiskun;12;szakgimnázium/szakközépiskola (2016.09.01-től kifutó rendszerben);férfi;nappali;magyar nyelv és irodalom;közép;rendes;Nem;magyar;3;50;50;megjelent;25;6;9;9;0;1;50;-;-;-;-
2020;1;Bács-Kiskun;12;szakgimnázium/szakközépiskola (2016.09.01-től kifutó rendszerben);férfi;nappali;magyar nyelv és irodalom;közép;rendes;Nem;magyar;3;53;53;megjelent;33;3;5;4;6;2;53;-;-;-;-
2020;1;Bács-Kiskun;12;szakgimnázium/szakközépiskola (2016.09.01-től kifutó rendszerben);férfi;nappali;magyar nyelv és irodalom;közép;rendes;Nem;magyar;4;60;60;megjelent;30;9;6;5;8;2;60;-;-;-;-
2020;1;Bács-Kiskun;12;szakgimnázium/szakközépiskola (2016.09.01-től kifutó rendszerben);férfi;nappali;magyar nyelv és irodalom;közép;rendes;Nem;magyar;3;42;42;megjelent;22;4;8;7;0;1;42;-;-;-;-
2020;1;Bács-Kiskun;12;szakgimnázium/szakközépiskola (2016.09.01-től kifutó rendszerben);férfi;nappali;magyar nyelv és irodalom;közép;rendes;Nem;magyar;2;29;29;megjelent;20;6;1;1;0;1;29;-;-;-;-
2020;1;Bács-Kiskun;12;szakgimnázium/szakközépiskola (2016.09.01-től kifutó rendszerben);nő;nappali;magyar nyelv és irodalom;közép;rendes;Nem;magyar;4;65;65;megjelent;24;9;16;14;0;2;65;-;-;-;-
2020;1;Bács-Kiskun;12;szakgimnázium/szakközépiskola (2016.09.01-től kifutó rendszerben);nő;nappali;magyar nyelv és irodalom;közép;rendes;Nem;magyar;3;52;52;megjelent;27;4;10;7;2;2;52;-;-;-;-
2020;1;Bács-Kiskun;12;szakgimnázium/szakközépiskola (2016.09.01-től kifutó rendszerben);nő;nappali;magyar nyelv és irodalom;közép;rendes;Nem;magyar;3;49;49;megjelent;27;9;5;7;0;1;49;-;-;-;-
2020;1;Bács-Kiskun;12;szakgimnázium/szakközépiskola (2016.09.01-től kifutó rendszerben);férfi;nappali;magyar nyelv és irodalom;közép;rendes;Nem;magyar;4;67;67;megjelent;31;5;14;11;4;2;67;-;-;-;-
2020;1;Bács-Kiskun;12;szakgimnázium/szakközépiskola (2016.09.01-től kifutó rendszerben);férfi;nappali;magyar nyelv és irodalom;közép;rendes;Nem;magyar;4;66;66;megjelent;31;8;11;11;3;2;66;-;-;-;-
2020;1;Bács-Kiskun;12;szakgimnázium/szakközépiskola (2016.09.01-től kifutó rendszerben);férfi;nappali;magyar nyelv és irodalom;közép;rendes;Nem;magyar;4;78;78;megjelent;33;7;17;14;5;2;78;-;-;-;-
2020;1;Bács-Kiskun;12;szakgimnázium/szakközépiskola (2016.09.01-től kifutó rendszerben);férfi;nappali;magyar nyelv és irodalom;közép;rendes;Nem;magyar;3;53;53;megjelent;27;6;10;9;0;1;53;-;-;-;-
2020;1;Bács-Kiskun;12;szakgimnázium/szakközépiskola (2016.09.01-től kifutó rendszerben);férfi;nappali;magyar nyelv és irodalom;közép;rendes;Nem;magyar;4;64;64;megjelent;29;0;13;13;8;1;64;-;-;-;-
2020;1;Bács-Kiskun;12;szakgimnázium/szakközépiskola (2016.09.01-től kifutó rendszerben);férfi;nappali;magyar nyelv és irodalom;közép;rendes;Nem;magyar;3;58;58;megjelent;29;9;9;11;0;0;58;-;-;-;-
2020;1;Bács-Kiskun;12;szakgimnázium/szakközépiskola (2016.09.01-től kifutó rendszerben);férfi;nappali;magyar nyelv és irodalom;közép;rendes;Nem;magyar;4;68;68;megjelent;36;4;12;12;3;1;68;-;-;-;-
2020;1;Bács-Kiskun;12;szakgimnázium/szakközépiskola (2016.09.01-től kifutó rendszerben);férfi;nappali;magyar nyelv és irodalom;közép;rendes;Nem;magyar;4;66;66;megjelent;34;5;10;10;6;1;66;-;-;-;-
2020;1;Bács-Kiskun;12;szakgimnázium/szakközépiskola (2016.09.01-től kifutó rendszerben);férfi;nappali;magyar nyelv és irodalom;közép;rendes;Nem;magyar;4;62;62;megjelent;28;6;14;11;1;2;62;-;-;-;-
2020;1;Bács-Kiskun;12;szakgimnázium/szakközépiskola (2016.09.01-től kifutó rendszerben);férfi;nappali;magyar nyelv és irodalom;közép;rendes;Nem;magyar;2;36;36;megjelent;19;5;4;7;0;1;36;-;-;-;-
2020;1;Bács-Kiskun;12;szakgimnázium/szakközépiskola (2016.09.01-től kifutó rendszerben);férfi;nappali;magyar nyelv és irodalom;közép;rendes;Nem;magyar;3;56;56;megjelent;32;5;10;8;0;1;56;-;-;-;-
2020;1;Bács-Kiskun;12;szakgimnázium/szakközépiskola (2016.09.01-től kifutó rendszerben);férfi;nappali;magyar nyelv és irodalom;közép;rendes;Nem;magyar;3;54;54;megjelent;31;6;7;9;0;1;54;-;-;-;-
2020;1;Bács-Kiskun;12;szakgimnázium/szakközépiskola (2016.09.01-től kifutó rendszerben);férfi;nappali;magyar nyelv és irodalom;közép;rendes;Nem;magyar;3;52;52;megjelent;26;7;8;10;0;1;52;-;-;-;-
2020;1;Bács-Kiskun;12;szakgimnázium/szakközépiskola (2016.09.01-től kifutó rendszerben);nő;nappali;magyar nyelv és irodalom;közép;rendes;Nem;magyar;5;86;86;megjelent;34;9;19;14;8;2;86;-;-;-;-
2020;1;Bács-Kiskun;12;szakgimnázium/szakközépiskola (2016.09.01-től kifutó rendszerben);férfi;nappali;magyar nyelv és irodalom;közép;rendes;Nem;magyar;3;57;57;megjelent;32;5;8;10;0;2;57;-;-;-;-
2020;1;Bács-Kiskun;12;szakgimnázium/szakközépiskola (2016.09.01-től kifutó rendszerben);férfi;nappali;magyar nyelv és irodalom;közép;rendes;Nem;magyar;4;60;60;megjelent;33;6;10;10;0;1;60;-;-;-;-
2020;1;Bács-Kiskun;12;szakgimnázium/szakközépiskola (2016.09.01-től kifutó rendszerben);férfi;nappali;magyar nyelv és irodalom;közép;rendes;Nem;magyar;4;77;77;megjelent;35;8;15;13;5;1;77;-;-;-;-
2020;1;Bács-Kiskun;12;gimnázium;nő;nappali;magyar nyelv és irodalom;közép;rendes;Nem;magyar;3;47;47;megjelent;21;8;9;9;0;0;47;-;-;-;-
2020;1;Bács-Kiskun;12;gimnázium;nő;nappali;magyar nyelv és irodalom;közép;rendes;Nem;magyar;3;53;53;megjelent;27;7;10;7;1;1;53;-;-;-;-
2020;1;Bács-Kiskun;12;gimnázium;nő;nappali;magyar nyelv és irodalom;közép;rendes;Nem;magyar;4;76;76;megjelent;36;7;19;13;0;1;76;-;-;-;-
2020;1;Bács-Kiskun;12;szakgimnázium/szakközépiskola (2016.09.01-től kifutó rendszerben);férfi;nappali;magyar nyelv és irodalom;közép;rendes;Nem;magyar;4;66;66;megjelent;33;8;12;10;3;0;66;-;-;-;-
2020;1;Bács-Kiskun;12;szakgimnázium/szakközépiskola (2016.09.01-től kifutó rendszerben);férfi;nappali;magyar nyelv és irodalom;közép;rendes;Nem;magyar;4;71;71;megjelent;33;8;14;12;3;1;71;-;-;-;-
2020;1;Bács-Kiskun;12;szakgimnázium/szakközépiskola (2016.09.01-től kifutó rendszerben);férfi;nappali;magyar nyelv és irodalom;közép;rendes;Nem;magyar;4;67;67;megjelent;25;8;14;13;6;1;67;-;-;-;-
2020;1;Bács-Kiskun;12;szakgimnázium/szakközépiskola (2016.09.01-től kifutó rendszerben);férfi;nappali;magyar nyelv és irodalom;közép;rendes;Nem;magyar;4;64;64;megjelent;33;9;8;12;0;2;64;-;-;-;-
2020;1;Bács-Kiskun;12;szakgimnázium/szakközépiskola (2016.09.01-től kifutó rendszerben);férfi;nappali;magyar nyelv és irodalom;közép;rendes;Nem;magyar;3;54;54;megjelent;30;6;5;10;2;1;54;-;-;-;-
2020;1;Bács-Kiskun;12;szakgimnázium/szakközépiskola (2016.09.01-től kifutó rendszerben);férfi;nappali;magyar nyelv és irodalom;közép;rendes;Nem;magyar;4;63;63;megjelent;21;7;12;14;7;2;63;-;-;-;-
2020;1;Bács-Kiskun;12;gimnázium;nő;nappali;magyar nyelv és irodalom;közép;rendes;Nem;magyar;3;58;58;megjelent;33;6;6;7;6;0;58;-;-;-;-
2020;1;Bács-Kiskun;12;szakgimnázium/szakközépiskola (2016.09.01-től kifutó rendszerben);férfi;nappali;magyar nyelv és irodalom;közép;rendes;Nem;magyar;3;53;53;megjelent;32;7;8;5;0;1;53;-;-;-;-
2020;1;Bács-Kiskun;12;gimnázium;férfi;nappali;magyar nyelv és irodalom;közép;rendes;Nem;magyar;4;64;64;megjelent;32;8;15;9;0;0;64;-;-;-;-
2020;1;Bács-Kiskun;12;gimnázium;férfi;nappali;magyar nyelv és irodalom;közép;rendes;Nem;magyar;4;64;64;megjelent;33;9;12;10;0;0;64;-;-;-;-
2020;1;Bács-Kiskun;12;gimnázium;nő;nappali;magyar nyelv és irodalom;közép;rendes;Nem;magyar;4;60;60;megjelent;27;8;11;10;3;1;60;-;-;-;-
2020;1;Bács-Kiskun;12;gimnázium;férfi;nappali;magyar nyelv és irodalom;közép;rendes;Nem;magyar;4;76;76;megjelent;33;10;20;13;0;0;76;-;-;-;-
2020;1;Bács-Kiskun;12;gimnázium;férfi;nappali;magyar nyelv és irodalom;közép;rendes;Nem;magyar;4;65;65;megjelent;32;9;15;8;1;0;65;-;-;-;-
2020;1;Bács-Kiskun;12;gimnázium;férfi;nappali;magyar nyelv és irodalom;közép;rendes;Nem;magyar;4;60;60;megjelent;28;9;13;7;3;0;60;-;-;-;-
2020;1;Bács-Kiskun;12;gimnázium;nő;nappali;magyar nyelv és irodalom;közép;rendes;Nem;magyar;5;82;82;megjelent;35;9;22;12;2;2;82;-;-;-;-
2020;1;Bács-Kiskun;12;gimnázium;nő;nappali;magyar nyelv és irodalom;közép;rendes;Nem;magyar;3;50;50;megjelent;22;5;10;8;5;0;50;-;-;-;-
2020;1;Bács-Kiskun;12;gimnázium;nő;nappali;magyar nyelv és irodalom;közép;rendes;Nem;magyar;4;78;78;megjelent;34;9;17;9;7;2;78;-;-;-;-
2020;1;Bács-Kiskun;12;gimnázium;férfi;nappali;magyar nyelv és irodalom;közép;rendes;Nem;magyar;5;91;91;megjelent;36;10;23;13;7;2;91;-;-;-;-
2020;1;Bács-Kiskun;12;gimnázium;nő;nappali;magyar nyelv és irodalom;közép;rendes;Nem;magyar;4;66;66;megjelent;32;8;12;8;5;1;66;-;-;-;-
2020;1;Bács-Kiskun;12;gimnázium;férfi;nappali;magyar nyelv és irodalom;közép;rendes;Nem;magyar;4;71;71;megjelent;30;8;16;10;5;2;71;-;-;-;-
2020;1;Bács-Kiskun;12;gimnázium;nő;nappali;magyar nyelv és irodalom;közép;rendes;Nem;magyar;5;93;93;megjelent;37;9;23;15;7;2;93;-;-;-;-
2020;1;Bács-Kiskun;12;gimnázium;nő;nappali;magyar nyelv és irodalom;közép;rendes;Nem;magyar;4;66;66;megjelent;31;9;12;9;3;2;66;-;-;-;-
2020;1;Bács-Kiskun;12;gimnázium;nő;nappali;magyar nyelv és irodalom;közép;rendes;Nem;magyar;4;70;70;megjelent;34;8;14;12;0;2;70;-;-;-;-
2020;1;Bács-Kiskun;12;gimnázium;férfi;nappali;magyar nyelv és irodalom;közép;rendes;Nem;magyar;4;62;62;megjelent;14;8;23;15;0;2;62;-;-;-;-
2020;1;Bács-Kiskun;12;gimnázium;nő;nappali;magyar nyelv és irodalom;közép;rendes;Nem;magyar;5;86;86;megjelent;35;10;23;14;2;2;86;-;-;-;-
2020;1;Bács-Kiskun;12;gimnázium;nő;nappali;magyar nyelv és irodalom;közép;rendes;Nem;magyar;5;87;87;megjelent;36;8;21;12;8;2;87;-;-;-;-
2020;1;Bács-Kiskun;12;gimnázium;férfi;nappali;magyar nyelv és irodalom;közép;rendes;Nem;magyar;4;77;77;megjelent;36;6;19;9;5;2;77;-;-;-;-
2020;1;Bács-Kiskun;12;gimnázium;férfi;nappali;magyar nyelv és irodalom;közép;rendes;Nem;magyar;4;64;64;megjelent;29;9;14;10;1;1;64;-;-;-;-
2020;1;Bács-Kiskun;12;gimnázium;nő;nappali;magyar nyelv és irodalom;közép;rendes;Nem;magyar;5;92;92;megjelent;37;10;24;14;5;2;92;-;-;-;-
2020;1;Bács-Kiskun;12;gimnázium;nő;nappali;magyar nyelv és irodalom;közép;rendes;Nem;magyar;5;93;93;megjelent;38;9;23;14;7;2;93;-;-;-;-
2020;1;Bács-Kiskun;12;gimnázium;férfi;nappali;magyar nyelv és irodalom;közép;rendes;Nem;magyar;3;55;55;megjelent;34;0;10;5;5;1;55;-;-;-;-
2020;1;Bács-Kiskun;12;gimnázium;nő;nappali;magyar nyelv és irodalom;közép;rendes;Nem;magyar;5;88;88;megjelent;36;10;18;14;8;2;88;-;-;-;-
2020;1;Bács-Kiskun;12;gimnázium;nő;nappali;magyar nyelv és irodalom;közép;rendes;Nem;magyar;4;61;61;megjelent;32;8;10;7;4;0;61;-;-;-;-
2020;1;Bács-Kiskun;12;gimnázium;nő;nappali;magyar nyelv és irodalom;közép;rendes;Nem;magyar;5;90;90;megjelent;36;10;20;15;7;2;90;-;-;-;-
2020;1;Bács-Kiskun;12;gimnázium;férfi;nappali;magyar nyelv és irodalom;közép;rendes;Nem;magyar;5;80;80;megjelent;32;8;20;12;6;2;80;-;-;-;-
2020;1;Bács-Kiskun;12;gimnázium;nő;nappali;magyar nyelv és irodalom;közép;rendes;Nem;magyar;4;65;65;megjelent;28;8;14;11;3;1;65;-;-;-;-
2020;1;Bács-Kiskun;12;gimnázium;nő;nappali;magyar nyelv és irodalom;közép;rendes;Nem;magyar;4;71;71;megjelent;29;9;20;13;0;0;71;-;-;-;-
2020;1;Bács-Kiskun;12;gimnázium;férfi;nappali;magyar nyelv és irodalom;közép;rendes;Nem;magyar;3;46;46;megjelent;29;7;5;5;0;0;46;-;-;-;-
2020;1;Bács-Kiskun;12;gimnázium;nő;nappali;magyar nyelv és irodalom;közép;rendes;Nem;magyar;4;66;66;megjelent;27;6;16;12;5;0;66;-;-;-;-
2020;1;Bács-Kiskun;12;gimnázium;férfi;nappali;magyar nyelv és irodalom;közép;rendes;Nem;magyar;3;56;56;megjelent;22;6;15;11;0;2;56;-;-;-;-
2020;1;Bács-Kiskun;12;gimnázium;férfi;nappali;magyar nyelv és irodalom;közép;rendes;Nem;magyar;4;63;63;megjelent;30;7;15;10;0;1;63;-;-;-;-
2020;1;Bács-Kiskun;12;gimnázium;nő;nappali;magyar nyelv és irodalom;közép;rendes;Nem;magyar;3;45;45;megjelent;20;3;9;9;2;2;45;-;-;-;-
2020;1;Bács-Kiskun;12;gimnázium;nő;nappali;magyar nyelv és irodalom;közép;rendes;Nem;magyar;5;90;90;megjelent;35;10;24;15;4;2;90;-;-;-;-
2020;1;Bács-Kiskun;12;szakgimnázium/szakközépiskola (2016.09.01-től kifutó rendszerben);nő;nappali;magyar nyelv és irodalom;közép;rendes;Nem;magyar;3;42;42;megjelent;26;4;4;6;1;1;42;-;-;-;-
2020;1;Bács-Kiskun;12;szakgimnázium/szakközépiskola (2016.09.01-től kifutó rendszerben);nő;nappali;magyar nyelv és irodalom;közép;rendes;Nem;magyar;2;27;27;megjelent;17;4;2;3;0;1;27;-;-;-;-
2020;1;Bács-Kiskun;12;szakgimnázium/szakközépiskola (2016.09.01-től kifutó rendszerben);nő;nappali;magyar nyelv és irodalom;közép;rendes;Nem;magyar;2;27;27;megjelent;16;4;1;4;0;2;27;-;-;-;-
2020;1;Bács-Kiskun;12;szakgimnázium/szakközépiskola (2016.09.01-től kifutó rendszerben);nő;nappali;magyar nyelv és irodalom;közép;rendes;Nem;magyar;3;41;41;megjelent;19;6;6;8;0;2;41;-;-;-;-
2020;1;Bács-Kiskun;12;gimnázium;nő;nappali;magyar nyelv és irodalom;közép;rendes;Nem;magyar;5;87;87;megjelent;31;9;23;15;7;2;87;-;-;-;-
2020;1;Bács-Kiskun;12;szakgimnázium/szakközépiskola (2016.09.01-től kifutó rendszerben);nő;nappali;magyar nyelv és irodalom;közép;rendes;Nem;magyar;2;27;27;megjelent;12;8;2;3;0;2;27;-;-;-;-
2020;1;Bács-Kiskun;12;szakgimnázium/szakközépiskola (2016.09.01-től kifutó rendszerben);nő;nappali;magyar nyelv és irodalom;közép;rendes;Nem;magyar;3;54;54;megjelent;31;8;4;9;1;1;54;-;-;-;-
2020;1;Bács-Kiskun;12;gimnázium;nő;nappali;magyar nyelv és irodalom;közép;rendes;Nem;magyar;5;89;89;megjelent;32;9;25;15;7;1;89;-;-;-;-
2020;1;Bács-Kiskun;12;gimnázium;nő;nappali;magyar nyelv és irodalom;közép;rendes;Nem;magyar;4;77;77;megjelent;31;10;19;14;1;2;77;-;-;-;-
2020;1;Bács-Kiskun;12;gimnázium;nő;nappali;magyar nyelv és irodalom;közép;rendes;Nem;magyar;4;61;61;megjelent;29;8;11;11;0;2;61;-;-;-;-
2020;1;Bács-Kiskun;12;gimnázium;nő;nappali;magyar nyelv és irodalom;közép;rendes;Nem;magyar;4;76;76;megjelent;31;9;21;13;0;2;76;-;-;-;-
2020;1;Bács-Kiskun;12;gimnázium;nő;nappali;magyar nyelv és irodalom;közép;rendes;Nem;magyar;5;84;84;megjelent;35;9;20;11;7;2;84;-;-;-;-
2020;1;Bács-Kiskun;12;gimnázium;férfi;nappali;magyar nyelv és irodalom;közép;rendes;Nem;magyar;4;64;64;megjelent;33;3;13;8;5;2;64;-;-;-;-
2020;1;Bács-Kiskun;12;gimnázium;férfi;nappali;magyar nyelv és irodalom;közép;rendes;Nem;magyar;5;84;84;megjelent;33;10;19;15;5;2;84;-;-;-;-
2020;1;Bács-Kiskun;12;gimnázium;férfi;nappali;magyar nyelv és irodalom;közép;rendes;Nem;magyar;3;52;52;megjelent;26;4;8;8;4;2;52;-;-;-;-
2020;1;Bács-Kiskun;12;gimnázium;férfi;nappali;magyar nyelv és irodalom;közép;rendes;Nem;magyar;4;74;74;megjelent;32;8;20;13;0;1;74;-;-;-;-
2020;1;Bács-Kiskun;12;gimnázium;nő;nappali;magyar nyelv és irodalom;közép;rendes;Nem;magyar;5;82;82;megjelent;34;9;19;14;4;2;82;-;-;-;-
2020;1;Bács-Kiskun;12;gimnázium;férfi;nappali;magyar nyelv és irodalom;közép;rendes;Nem;magyar;4;78;78;megjelent;32;8;22;14;0;2;78;-;-;-;-
2020;1;Bács-Kiskun;12;gimnázium;nő;nappali;magyar nyelv és irodalom;közép;rendes;Nem;magyar;5;91;91;megjelent;38;10;23;15;4;1;91;-;-;-;-
2020;1;Bács-Kiskun;12;gimnázium;férfi;nappali;magyar nyelv és irodalom;közép;rendes;Nem;magyar;4;62;62;megjelent;36;8;8;8;0;2;62;-;-;-;-
2020;1;Bács-Kiskun;12;gimnázium;férfi;nappali;magyar nyelv és irodalom;közép;rendes;Nem;magyar;3;42;42;megjelent;24;5;5;6;0;2;42;-;-;-;-
2020;1;Bács-Kiskun;12;gimnázium;férfi;nappali;magyar nyelv és irodalom;közép;rendes;Nem;magyar;5;86;86;megjelent;30;10;23;15;6;2;86;-;-;-;-
2020;1;Bács-Kiskun;12;gimnázium;férfi;nappali;magyar nyelv és irodalom;közép;rendes;Nem;magyar;4;62;62;megjelent;26;7;14;13;0;2;62;-;-;-;-
2020;1;Bács-Kiskun;12;gimnázium;férfi;nappali;magyar nyelv és irodalom;közép;rendes;Nem;magyar;4;67;67;megjelent;30;7;19;10;0;1;67;-;-;-;-
2020;1;Bács-Kiskun;12;gimnázium;nő;nappali;magyar nyelv és irodalom;közép;rendes;Nem;magyar;4;70;70;megjelent;37;9;9;11;2;2;70;-;-;-;-
2020;1;Bács-Kiskun;12;gimnázium;nő;nappali;magyar nyelv és irodalom;közép;rendes;Nem;magyar;4;70;70;megjelent;30;7;14;12;5;2;70;-;-;-;-
2020;1;Bács-Kiskun;12;gimnázium;férfi;nappali;magyar nyelv és irodalom;közép;rendes;Igen;magyar;3;57;53;megjelent;29;5;9;8;0;2;53;-;-;-;-
2020;1;Bács-Kiskun;12;gimnázium;nő;nappali;magyar nyelv és irodalom;közép;rendes;Nem;magyar;5;88;88;megjelent;32;10;22;15;7;2;88;-;-;-;-
2020;1;Bács-Kiskun;12;gimnázium;férfi;nappali;magyar nyelv és irodalom;közép;rendes;Nem;magyar;4;69;69;megjelent;28;6;15;11;7;2;69;-;-;-;-
2020;1;Bács-Kiskun;12;gimnázium;nő;nappali;magyar nyelv és irodalom;közép;rendes;Nem;magyar;4;73;73;megjelent;30;8;20;12;1;2;73;-;-;-;-
2020;1;Bács-Kiskun;12;gimnázium;nő;nappali;magyar nyelv és irodalom;közép;rendes;Nem;magyar;5;80;80;megjelent;33;9;22;14;0;2;80;-;-;-;-
2020;1;Bács-Kiskun;12;gimnázium;nő;nappali;magyar nyelv és irodalom;közép;rendes;Nem;magyar;5;81;81;megjelent;32;7;23;14;3;2;81;-;-;-;-
2020;1;Bács-Kiskun;12;gimnázium;nő;nappali;magyar nyelv és irodalom;közép;rendes;Nem;magyar;3;51;51;megjelent;25;7;7;7;3;2;51;-;-;-;-
2020;1;Bács-Kiskun;12;gimnázium;férfi;nappali;magyar nyelv és irodalom;közép;rendes;Nem;magyar;5;81;81;megjelent;36;10;17;11;5;2;81;-;-;-;-
2020;1;Bács-Kiskun;12;gimnázium;nő;nappali;magyar nyelv és irodalom;közép;rendes;Nem;magyar;5;80;80;megjelent;31;9;22;13;3;2;80;-;-;-;-
2020;1;Bács-Kiskun;12;gimnázium;férfi;nappali;magyar nyelv és irodalom;közép;rendes;Nem;magyar;4;74;74;megjelent;35;9;15;11;2;2;74;-;-;-;-
2020;1;Bács-Kiskun;12;gimnázium;nő;nappali;magyar nyelv és irodalom;közép;rendes;Nem;magyar;4;70;70;megjelent;34;9;15;8;2;2;70;-;-;-;-
2020;1;Bács-Kiskun;12;gimnázium;férfi;nappali;magyar nyelv és irodalom;közép;rendes;Nem;magyar;4;62;62;megjelent;29;6;13;10;2;2;62;-;-;-;-
2020;1;Bács-Kiskun;12;gimnázium;férfi;nappali;magyar nyelv és irodalom;közép;rendes;Nem;magyar;4;64;64;megjelent;24;8;15;11;4;2;64;-;-;-;-
2020;1;Bács-Kiskun;12;gimnázium;nő;nappali;magyar nyelv és irodalom;közép;rendes;Nem;magyar;5;90;90;megjelent;35;9;21;15;8;2;90;-;-;-;-
2020;1;Bács-Kiskun;12;gimnázium;nő;nappali;magyar nyelv és irodalom;közép;rendes;Nem;magyar;5;84;84;megjelent;33;9;25;15;0;2;84;-;-;-;-
2020;1;Bács-Kiskun;12;gimnázium;férfi;nappali;magyar nyelv és irodalom;közép;rendes;Nem;magyar;4;62;62;megjelent;29;7;13;8;3;2;62;-;-;-;-
2020;1;Bács-Kiskun;12;gimnázium;férfi;nappali;magyar nyelv és irodalom;közép;rendes;Nem;magyar;4;63;63;megjelent;35;8;10;8;0;2;63;-;-;-;-
2020;1;Bács-Kiskun;12;gimnázium;nő;nappali;magyar nyelv és irodalom;közép;rendes;Nem;magyar;4;62;62;megjelent;30;9;12;9;0;2;62;-;-;-;-
2020;1;Bács-Kiskun;12;gimnázium;férfi;nappali;magyar nyelv és irodalom;közép;rendes;Nem;magyar;5;80;80;megjelent;33;9;21;14;1;2;80;-;-;-;-
2020;1;Bács-Kiskun;12;szakgimnázium/szakközépiskola (2016.09.01-től kifutó rendszerben);férfi;nappali;magyar nyelv és irodalom;közép;rendes;Nem;magyar;3;53;53;megjelent;29;6;9;9;0;0;53;-;-;-;-
2020;1;Bács-Kiskun;12;szakgimnázium/szakközépiskola (2016.09.01-től kifutó rendszerben);férfi;nappali;magyar nyelv és irodalom;közép;rendes;Nem;magyar;3;49;49;megjelent;29;4;5;9;1;1;49;-;-;-;-
2020;1;Bács-Kiskun;12;szakgimnázium/szakközépiskola (2016.09.01-től kifutó rendszerben);férfi;nappali;magyar nyelv és irodalom;közép;rendes;Nem;magyar;3;54;54;megjelent;31;8;6;9;0;0;54;-;-;-;-
2020;1;Bács-Kiskun;12;szakgimnázium/szakközépiskola (2016.09.01-től kifutó rendszerben);férfi;nappali;magyar nyelv és irodalom;közép;rendes;Nem;magyar;4;65;65;megjelent;28;9;14;14;0;0;65;-;-;-;-
2020;1;Bács-Kiskun;12;gimnázium;férfi;nappali;magyar nyelv és irodalom;közép;rendes;Nem;magyar;5;81;81;megjelent;36;10;21;10;2;2;81;-;-;-;-
2020;1;Bács-Kiskun;12;szakgimnázium/szakközépiskola (2016.09.01-től kifutó rendszerben);nő;nappali;magyar nyelv és irodalom;közép;rendes;Nem;magyar;3;55;55;megjelent;28;5;9;11;0;2;55;-;-;-;-
2020;1;Bács-Kiskun;12;gimnázium;férfi;nappali;magyar nyelv és irodalom;közép;rendes;Nem;magyar;4;73;73;megjelent;34;9;17;11;0;2;73;-;-;-;-
2020;1;Bács-Kiskun;12;szakgimnázium/szakközépiskola (2016.09.01-től kifutó rendszerben);férfi;nappali;magyar nyelv és irodalom;közép;rendes;Nem;magyar;4;67;67;megjelent;33;9;10;12;1;2;67;-;-;-;-
2020;1;Bács-Kiskun;12;gimnázium;férfi;nappali;magyar nyelv és irodalom;közép;rendes;Nem;magyar;4;70;70;megjelent;38;4;16;10;0;2;70;-;-;-;-
2020;1;Bács-Kiskun;12;gimnázium;férfi;nappali;magyar nyelv és irodalom;közép;rendes;Nem;magyar;4;65;65;megjelent;32;7;14;10;0;2;65;-;-;-;-
2020;1;Bács-Kiskun;12;szakgimnázium/szakközépiskola (2016.09.01-től kifutó rendszerben);nő;nappali;magyar nyelv és irodalom;közép;rendes;Nem;magyar;3;55;55;megjelent;23;9;9;9;3;2;55;-;-;-;-
2020;1;Bács-Kiskun;12;gimnázium;nő;nappali;magyar nyelv és irodalom;közép;rendes;Nem;magyar;5;96;96;megjelent;38;10;23;15;8;2;96;-;-;-;-
2020;1;Bács-Kiskun;12;gimnázium;férfi;nappali;magyar nyelv és irodalom;közép;rendes;Nem;magyar;4;65;65;megjelent;33;4;15;8;3;2;65;-;-;-;-
2020;1;Bács-Kiskun;12;gimnázium;nő;nappali;magyar nyelv és irodalom;közép;rendes;Nem;magyar;4;78;78;megjelent;37;9;18;12;0;2;78;-;-;-;-
2020;1;Bács-Kiskun;12;gimnázium;férfi;nappali;magyar nyelv és irodalom;közép;rendes;Nem;magyar;5;81;81;megjelent;34;10;19;11;5;2;81;-;-;-;-
2020;1;Bács-Kiskun;12;szakgimnázium/szakközépiskola (2016.09.01-től kifutó rendszerben);nő;nappali;magyar nyelv és irodalom;közép;rendes;Nem;magyar;4;61;61;megjelent;24;9;10;12;4;2;61;-;-;-;-
2020;1;Bács-Kiskun;12;gimnázium;férfi;nappali;magyar nyelv és irodalom;közép;rendes;Nem;magyar;5;84;84;megjelent;39;10;18;12;3;2;84;-;-;-;-
2020;1;Bács-Kiskun;12;szakgimnázium/szakközépiskola (2016.09.01-től kifutó rendszerben);nő;nappali;magyar nyelv és irodalom;közép;rendes;Nem;magyar;5;81;81;megjelent;29;10;19;14;7;2;81;-;-;-;-
2020;1;Bács-Kiskun;12;gimnázium;férfi;nappali;magyar nyelv és irodalom;közép;rendes;Nem;magyar;4;70;70;megjelent;31;8;16;11;2;2;70;-;-;-;-
2020;1;Bács-Kiskun;12;szakgimnázium/szakközépiskola (2016.09.01-től kifutó rendszerben);férfi;nappali;magyar nyelv és irodalom;közép;rendes;Nem;magyar;4;61;61;megjelent;30;8;12;9;1;1;61;-;-;-;-
2020;1;Bács-Kiskun;12;gimnázium;nő;nappali;magyar nyelv és irodalom;közép;rendes;Nem;magyar;5;81;81;megjelent;36;10;17;10;6;2;81;-;-;-;-
2020;1;Bács-Kiskun;12;szakgimnázium/szakközépiskola (2016.09.01-től kifutó rendszerben);nő;nappali;magyar nyelv és irodalom;közép;rendes;Nem;magyar;5;81;81;megjelent;32;10;20;13;5;1;81;-;-;-;-
2020;1;Bács-Kiskun;12;gimnázium;férfi;nappali;magyar nyelv és irodalom;közép;rendes;Nem;magyar;4;61;61;megjelent;31;7;11;10;0;2;61;-;-;-;-
2020;1;Bács-Kiskun;12;szakgimnázium/szakközépiskola (2016.09.01-től kifutó rendszerben);nő;nappali;magyar nyelv és irodalom;közép;rendes;Nem;magyar;5;83;83;megjelent;34;9;19;15;4;2;83;-;-;-;-
2020;1;Bács-Kiskun;12;szakgimnázium/szakközépiskola (2016.09.01-től kifutó rendszerben);nő;nappali;magyar nyelv és irodalom;közép;rendes;Nem;magyar;4;69;69;megjelent;33;9;15;10;0;2;69;-;-;-;-
2020;1;Bács-Kiskun;12;gimnázium;férfi;nappali;magyar nyelv és irodalom;közép;rendes;Nem;magyar;4;70;70;megjelent;30;10;16;12;0;2;70;-;-;-;-
2020;1;Bács-Kiskun;12;szakgimnázium/szakközépiskola (2016.09.01-től kifutó rendszerben);nő;nappali;magyar nyelv és irodalom;közép;rendes;Nem;magyar;5;81;81;megjelent;34;9;17;15;4;2;81;-;-;-;-
2020;1;Bács-Kiskun;12;szakgimnázium/szakközépiskola (2016.09.01-től kifutó rendszerben);nő;nappali;magyar nyelv és irodalom;közép;rendes;Nem;magyar;5;81;81;megjelent;34;8;20;14;3;2;81;-;-;-;-
2020;1;Bács-Kiskun;12;szakgimnázium/szakközépiskola (2016.09.01-től kifutó rendszerben);nő;nappali;magyar nyelv és irodalom;közép;rendes;Nem;magyar;3;42;42;megjelent;22;4;1;8;5;2;42;-;-;-;-
2020;1;Bács-Kiskun;12;szakgimnázium/szakközépiskola (2016.09.01-től kifutó rendszerben);nő;nappali;magyar nyelv és irodalom;közép;rendes;Nem;magyar;5;82;82;megjelent;34;9;18;13;6;2;82;-;-;-;-
2020;1;Bács-Kiskun;12;szakgimnázium/szakközépiskola (2016.09.01-től kifutó rendszerben);férfi;nappali;magyar nyelv és irodalom;közép;rendes;Nem;magyar;4;64;64;megjelent;32;7;14;11;0;0;64;-;-;-;-
2020;1;Bács-Kiskun;12;szakgimnázium/szakközépiskola (2016.09.01-től kifutó rendszerben);férfi;nappali;magyar nyelv és irodalom;közép;rendes;Nem;magyar;5;81;81;megjelent;34;10;21;14;0;2;81;-;-;-;-
2020;1;Bács-Kiskun;12;szakgimnázium/szakközépiskola (2016.09.01-től kifutó rendszerben);nő;nappali;magyar nyelv és irodalom;közép;rendes;Nem;magyar;4;61;61;megjelent;28;10;11;10;0;2;61;-;-;-;-
2020;1;Bács-Kiskun;12;szakgimnázium/szakközépiskola (2016.09.01-től kifutó rendszerben);nő;nappali;magyar nyelv és irodalom;közép;rendes;Nem;magyar;3;54;54;megjelent;22;5;9;9;7;2;54;-;-;-;-
2020;1;Bács-Kiskun;12;gimnázium;nő;nappali;magyar nyelv és irodalom;közép;rendes;Nem;magyar;4;61;61;megjelent;27;6;14;12;0;2;61;-;-;-;-
2020;1;Bács-Kiskun;12;gimnázium;nő;nappali;magyar nyelv és irodalom;közép;rendes;Nem;magyar;5;94;94;megjelent;36;10;25;15;6;2;94;-;-;-;-
2020;1;Bács-Kiskun;12;gimnázium;férfi;nappali;magyar nyelv és irodalom;közép;rendes;Nem;magyar;5;96;96;megjelent;37;10;25;15;7;2;96;-;-;-;-
2020;1;Bács-Kiskun;12;szakgimnázium/szakközépiskola (2016.09.01-től kifutó rendszerben);nő;nappali;magyar nyelv és irodalom;közép;rendes;Nem;magyar;3;42;42;megjelent;23;6;4;8;0;1;42;-;-;-;-
2020;1;Bács-Kiskun;12;gimnázium;férfi;nappali;magyar nyelv és irodalom;közép;rendes;Nem;magyar;5;100;100;megjelent;40;10;25;15;8;2;100;-;-;-;-
2020;1;Bács-Kiskun;12;gimnázium;férfi;nappali;magyar nyelv és irodalom;közép;rendes;Nem;magyar;3;53;53;megjelent;23;6;11;11;0;2;53;-;-;-;-
2020;1;Bács-Kiskun;12;szakgimnázium/szakközépiskola (2016.09.01-től kifutó rendszerben);nő;nappali;magyar nyelv és irodalom;közép;rendes;Igen;magyar;4;70;65;megjelent;30;5;18;10;0;2;65;-;-;-;-
2020;1;Bács-Kiskun;12;szakgimnázium/szakközépiskola (2016.09.01-től kifutó rendszerben);férfi;nappali;magyar nyelv és irodalom;közép;rendes;Nem;magyar;3;57;57;megjelent;32;6;10;8;0;1;57;-;-;-;-
2020;1;Bács-Kiskun;12;gimnázium;nő;nappali;magyar nyelv és irodalom;közép;rendes;Nem;magyar;5;94;94;megjelent;38;10;25;15;4;2;94;-;-;-;-
2020;1;Bács-Kiskun;12;gimnázium;nő;nappali;magyar nyelv és irodalom;közép;rendes;Nem;magyar;5;100;100;megjelent;40;10;25;15;8;2;100;-;-;-;-
2020;1;Bács-Kiskun;12;gimnázium;férfi;nappali;magyar nyelv és irodalom;közép;rendes;Nem;magyar;4;64;64;megjelent;33;8;14;8;0;1;64;-;-;-;-
2020;1;Bács-Kiskun;12;szakgimnázium/szakközépiskola (2016.09.01-től kifutó rendszerben);nő;nappali;magyar nyelv és irodalom;közép;rendes;Nem;magyar;4;64;64;megjelent;29;8;14;11;0;2;64;-;-;-;-
2020;1;Bács-Kiskun;12;gimnázium;nő;nappali;magyar nyelv és irodalom;közép;rendes;Nem;magyar;5;91;91;megjelent;34;10;25;15;5;2;91;-;-;-;-
2020;1;Bács-Kiskun;12;gimnázium;nő;nappali;magyar nyelv és irodalom;közép;rendes;Nem;magyar;5;91;91;megjelent;36;10;25;15;3;2;91;-;-;-;-
2020;1;Bács-Kiskun;12;gimnázium;nő;nappali;magyar nyelv és irodalom;közép;rendes;Nem;magyar;5;86;86;megjelent;34;10;20;14;7;1;86;-;-;-;-
2020;1;Bács-Kiskun;12;gimnázium;férfi;nappali;magyar nyelv és irodalom;közép;rendes;Nem;magyar;5;90;90;megjelent;38;9;23;14;4;2;90;-;-;-;-
2020;1;Bács-Kiskun;12;gimnázium;férfi;nappali;magyar nyelv és irodalom;közép;rendes;Nem;magyar;4;74;74;megjelent;36;8;18;11;0;1;74;-;-;-;-
2020;1;Bács-Kiskun;12;gimnázium;nő;nappali;magyar nyelv és irodalom;közép;rendes;Nem;magyar;5;80;80;megjelent;31;8;23;15;1;2;80;-;-;-;-
2020;1;Bács-Kiskun;12;gimnázium;nő;nappali;magyar nyelv és irodalom;közép;rendes;Nem;magyar;5;100;100;megjelent;40;10;25;15;8;2;100;-;-;-;-
2020;1;Bács-Kiskun;12;gimnázium;nő;nappali;magyar nyelv és irodalom;közép;rendes;Nem;magyar;5;95;95;megjelent;37;10;25;15;6;2;95;-;-;-;-
2020;1;Bács-Kiskun;12;gimnázium;férfi;nappali;magyar nyelv és irodalom;közép;rendes;Nem;magyar;4;77;77;megjelent;34;9;13;12;7;2;77;-;-;-;-
2020;1;Bács-Kiskun;12;gimnázium;férfi;nappali;magyar nyelv és irodalom;közép;rendes;Nem;magyar;5;82;82;megjelent;34;10;18;12;6;2;82;-;-;-;-
2020;1;Bács-Kiskun;12;szakgimnázium/szakközépiskola (2016.09.01-től kifutó rendszerben);férfi;nappali;magyar nyelv és irodalom;közép;rendes;Nem;magyar;3;46;46;megjelent;26;4;6;8;0;2;46;-;-;-;-
2020;1;Bács-Kiskun;12;gimnázium;nő;nappali;magyar nyelv és irodalom;közép;rendes;Nem;magyar;5;90;90;megjelent;35;10;24;14;5;2;90;-;-;-;-
2020;1;Bács-Kiskun;12;szakgimnázium/szakközépiskola (2016.09.01-től kifutó rendszerben);férfi;nappali;magyar nyelv és irodalom;közép;rendes;Nem;magyar;4;68;68;megjelent;16;9;19;15;8;1;68;-;-;-;-
2020;1;Bács-Kiskun;12;szakgimnázium/szakközépiskola (2016.09.01-től kifutó rendszerben);férfi;nappali;magyar nyelv és irodalom;közép;rendes;Nem;magyar;2;30;30;megjelent;24;0;0;0;6;0;30;-;-;-;-
2020;1;Bács-Kiskun;12;szakgimnázium/szakközépiskola (2016.09.01-től kifutó rendszerben);férfi;nappali;magyar nyelv és irodalom;közép;rendes;Nem;magyar;3;52;52;megjelent;25;0;14;8;3;2;52;-;-;-;-
2020;1;Bács-Kiskun;12;szakgimnázium/szakközépiskola (2016.09.01-től kifutó rendszerben);nő;nappali;magyar nyelv és irodalom;közép;rendes;Nem;magyar;3;46;46;megjelent;20;7;9;8;0;2;46;-;-;-;-
2020;1;Bács-Kiskun;12;szakgimnázium/szakközépiskola (2016.09.01-től kifutó rendszerben);férfi;nappali;magyar nyelv és irodalom;közép;rendes;Igen;magyar;2;28;14;megjelent;-;-;-;-;-;-;-;5;4;5;14
2020;1;Bács-Kiskun;12;szakgimnázium/szakközépiskola (2016.09.01-től kifutó rendszerben);nő;nappali;magyar nyelv és irodalom;közép;rendes;Nem;magyar;4;76;76;megjelent;32;6;17;11;8;2;76;-;-;-;-
2020;1;Bács-Kiskun;12;gimnázium;nő;nappali;magyar nyelv és irodalom;közép;rendes;Nem;magyar;4;66;66;megjelent;33;9;14;8;0;2;66;-;-;-;-
2020;1;Bács-Kiskun;12;szakgimnázium/szakközépiskola (2016.09.01-től kifutó rendszerben);férfi;nappali;magyar nyelv és irodalom;közép;rendes;Nem;magyar;2;31;31;megjelent;20;3;4;3;0;1;31;-;-;-;-
2020;1;Bács-Kiskun;12;szakgimnázium/szakközépiskola (2016.09.01-től kifutó rendszerben);férfi;nappali;magyar nyelv és irodalom;közép;rendes;Nem;magyar;3;58;58;megjelent;28;10;5;6;7;2;58;-;-;-;-
2020;1;Bács-Kiskun;12;szakgimnázium/szakközépiskola (2016.09.01-től kifutó rendszerben);nő;nappali;magyar nyelv és irodalom;közép;rendes;Nem;magyar;4;75;75;megjelent;33;10;15;13;2;2;75;-;-;-;-
2020;1;Bács-Kiskun;12;szakgimnázium/szakközépiskola (2016.09.01-től kifutó rendszerben);nő;nappali;magyar nyelv és irodalom;közép;rendes;Nem;magyar;3;42;42;megjelent;20;7;4;4;5;2;42;-;-;-;-
2020;1;Bács-Kiskun;12;gimnázium;férfi;nappali;magyar nyelv és irodalom;közép;rendes;Nem;magyar;3;43;43;megjelent;24;3;7;7;0;2;43;-;-;-;-
2020;1;Bács-Kiskun;12;gimnázium;nő;nappali;magyar nyelv és irodalom;közép;rendes;Nem;magyar;3;49;49;megjelent;27;5;5;10;0;2;49;-;-;-;-
2020;1;Bács-Kiskun;12;szakgimnázium/szakközépiskola (2016.09.01-től kifutó rendszerben);nő;nappali;magyar nyelv és irodalom;közép;rendes;Nem;magyar;3;53;53;megjelent;18;6;12;10;5;2;53;-;-;-;-
2020;1;Bács-Kiskun;12;szakgimnázium/szakközépiskola (2016.09.01-től kifutó rendszerben);férfi;nappali;magyar nyelv és irodalom;közép;rendes;Nem;magyar;3;44;44;megjelent;23;3;9;8;0;1;44;-;-;-;-
2020;1;Bács-Kiskun;12;szakgimnázium/szakközépiskola (2016.09.01-től kifutó rendszerben);férfi;nappali;magyar nyelv és irodalom;közép;rendes;Nem;magyar;3;55;55;megjelent;29;6;8;10;0;2;55;-;-;-;-
2020;1;Bács-Kiskun;12;gimnázium;férfi;nappali;magyar nyelv és irodalom;közép;rendes;Nem;magyar;4;65;65;megjelent;31;7;15;12;0;0;65;-;-;-;-
2020;1;Bács-Kiskun;12;szakgimnázium/szakközépiskola (2016.09.01-től kifutó rendszerben);férfi;nappali;magyar nyelv és irodalom;közép;rendes;Nem;magyar;3;57;57;megjelent;17;10;15;12;1;2;57;-;-;-;-
2020;1;Bács-Kiskun;12;szakgimnázium/szakközépiskola (2016.09.01-től kifutó rendszerben);nő;nappali;magyar nyelv és irodalom;közép;rendes;Nem;magyar;3;48;48;megjelent;25;5;4;5;8;1;48;-;-;-;-
2020;1;Bács-Kiskun;12;gimnázium;férfi;nappali;magyar nyelv és irodalom;közép;rendes;Nem;magyar;4;65;65;megjelent;31;7;14;11;0;2;65;-;-;-;-
2020;1;Bács-Kiskun;12;gimnázium;férfi;nappali;magyar nyelv és irodalom;közép;rendes;Nem;magyar;4;71;71;megjelent;28;7;19;15;0;2;71;-;-;-;-
2020;1;Bács-Kiskun;12;szakgimnázium/szakközépiskola (2016.09.01-től kifutó rendszerben);férfi;nappali;magyar nyelv és irodalom;közép;rendes;Nem;magyar;3;56;56;megjelent;33;6;9;7;0;1;56;-;-;-;-
2020;1;Bács-Kiskun;12;szakgimnázium/szakközépiskola (2016.09.01-től kifutó rendszerben);férfi;nappali;magyar nyelv és irodalom;közép;rendes;Nem;magyar;3;55;55;megjelent;24;6;15;8;0;2;55;-;-;-;-
2020;1;Bács-Kiskun;12;szakgimnázium/szakközépiskola (2016.09.01-től kifutó rendszerben);nő;nappali;magyar nyelv és irodalom;közép;rendes;Nem;magyar;3;44;44;megjelent;20;0;5;11;6;2;44;-;-;-;-
2020;1;Bács-Kiskun;12;szakgimnázium/szakközépiskola (2016.09.01-től kifutó rendszerben);nő;nappali;magyar nyelv és irodalom;közép;rendes;Nem;magyar;3;43;43;megjelent;20;5;8;8;0;2;43;-;-;-;-
2020;1;Bács-Kiskun;12;szakgimnázium/szakközépiskola (2016.09.01-től kifutó rendszerben);nő;nappali;magyar nyelv és irodalom;közép;rendes;Igen;magyar;3;46;23;megjelent;-;-;-;-;-;-;-;5;8;10;23
2020;1;Bács-Kiskun;12;szakgimnázium/szakközépiskola (2016.09.01-től kifutó rendszerben);férfi;nappali;magyar nyelv és irodalom;közép;rendes;Nem;magyar;3;52;52;megjelent;23;9;9;9;0;2;52;-;-;-;-
2020;1;Bács-Kiskun;12;szakgimnázium/szakközépiskola (2016.09.01-től kifutó rendszerben);férfi;nappali;magyar nyelv és irodalom;közép;rendes;Nem;magyar;5;80;80;megjelent;25;9;25;15;4;2;80;-;-;-;-
2020;1;Bács-Kiskun;12;szakgimnázium/szakközépiskola (2016.09.01-től kifutó rendszerben);férfi;nappali;magyar nyelv és irodalom;közép;rendes;Nem;magyar;5;94;94;megjelent;34;10;25;15;8;2;94;-;-;-;-
2020;1;Bács-Kiskun;12;szakgimnázium/szakközépiskola (2016.09.01-től kifutó rendszerben);férfi;nappali;magyar nyelv és irodalom;közép;rendes;Nem;magyar;3;54;54;megjelent;27;8;6;11;1;1;54;-;-;-;-
2020;1;Bács-Kiskun;12;szakgimnázium/szakközépiskola (2016.09.01-től kifutó rendszerben);férfi;nappali;magyar nyelv és irodalom;közép;rendes;Igen;magyar;4;62;31;megjelent;-;-;-;-;-;-;-;18;3;10;31
2020;1;Bács-Kiskun;12;szakgimnázium/szakközépiskola (2016.09.01-től kifutó rendszerben);nő;nappali;magyar nyelv és irodalom;közép;rendes;Nem;magyar;4;67;67;megjelent;24;9;15;13;4;2;67;-;-;-;-
2020;1;Bács-Kiskun;12;gimnázium;nő;nappali;magyar nyelv és irodalom;közép;rendes;Nem;magyar;5;93;93;megjelent;38;10;21;14;8;2;93;-;-;-;-
2020;1;Bács-Kiskun;12;szakgimnázium/szakközépiskola (2016.09.01-től kifutó rendszerben);férfi;nappali;magyar nyelv és irodalom;közép;rendes;Nem;magyar;3;57;57;megjelent;25;8;13;10;0;1;57;-;-;-;-
2020;1;Bács-Kiskun;12;gimnázium;nő;nappali;magyar nyelv és irodalom;közép;rendes;Nem;magyar;5;94;94;megjelent;36;10;23;15;8;2;94;-;-;-;-
2020;1;Bács-Kiskun;12;szakgimnázium/szakközépiskola (2016.09.01-től kifutó rendszerben);férfi;nappali;magyar nyelv és irodalom;közép;rendes;Nem;magyar;3;58;58;megjelent;28;10;9;9;0;2;58;-;-;-;-
2020;1;Bács-Kiskun;12;gimnázium;nő;nappali;magyar nyelv és irodalom;közép;rendes;Nem;magyar;5;87;87;megjelent;36;10;18;14;7;2;87;-;-;-;-
2020;1;Bács-Kiskun;12;gimnázium;nő;nappali;magyar nyelv és irodalom;közép;rendes;Nem;magyar;5;96;96;megjelent;36;10;25;15;8;2;96;-;-;-;-
2020;1;Bács-Kiskun;12;gimnázium;nő;nappali;magyar nyelv és irodalom;közép;rendes;Nem;magyar;5;92;92;megjelent;34;9;25;15;7;2;92;-;-;-;-
2020;1;Bács-Kiskun;12;gimnázium;nő;nappali;magyar nyelv és irodalom;közép;rendes;Nem;magyar;5;93;93;megjelent;34;10;25;14;8;2;93;-;-;-;-
2020;1;Bács-Kiskun;12;gimnázium;nő;nappali;magyar nyelv és irodalom;közép;rendes;Nem;magyar;5;99;99;megjelent;40;10;25;15;7;2;99;-;-;-;-
2020;1;Bács-Kiskun;12;szakgimnázium/szakközépiskola (2016.09.01-től kifutó rendszerben);férfi;nappali;magyar nyelv és irodalom;közép;rendes;Nem;magyar;4;71;71;megjelent;26;7;18;15;4;1;71;-;-;-;-
2020;1;Bács-Kiskun;12;gimnázium;nő;nappali;magyar nyelv és irodalom;közép;rendes;Nem;magyar;4;65;65;megjelent;29;5;16;10;3;2;65;-;-;-;-
2020;1;Bács-Kiskun;12;szakgimnázium/szakközépiskola (2016.09.01-től kifutó rendszerben);nő;nappali;magyar nyelv és irodalom;közép;rendes;Nem;magyar;4;77;77;megjelent;34;9;18;12;2;2;77;-;-;-;-
2020;1;Bács-Kiskun;12;szakgimnázium/szakközépiskola (2016.09.01-től kifutó rendszerben);nő;nappali;magyar nyelv és irodalom;közép;rendes;Nem;magyar;4;62;62;megjelent;25;7;17;11;0;2;62;-;-;-;-
2020;1;Bács-Kiskun;12;gimnázium;férfi;nappali;magyar nyelv és irodalom;közép;rendes;Nem;magyar;4;63;63;megjelent;26;8;15;13;0;1;63;-;-;-;-
2020;1;Bács-Kiskun;12;gimnázium;nő;nappali;magyar nyelv és irodalom;közép;rendes;Nem;magyar;5;84;84;megjelent;33;9;23;13;4;2;84;-;-;-;-
2020;1;Bács-Kiskun;12;gimnázium;férfi;nappali;magyar nyelv és irodalom;közép;rendes;Nem;magyar;4;71;71;megjelent;34;7;17;12;0;1;71;-;-;-;-
2020;1;Bács-Kiskun;12;gimnázium;nő;nappali;magyar nyelv és irodalom;közép;rendes;Nem;magyar;4;64;64;megjelent;28;8;18;9;0;1;64;-;-;-;-
2020;1;Bács-Kiskun;12;gimnázium;férfi;nappali;magyar nyelv és irodalom;közép;rendes;Nem;magyar;3;45;45;megjelent;27;0;9;6;2;1;45;-;-;-;-
2020;1;Bács-Kiskun;12;szakgimnázium/szakközépiskola (2016.09.01-től kifutó rendszerben);nő;nappali;magyar nyelv és irodalom;közép;rendes;Nem;magyar;4;60;60;megjelent;30;7;13;8;0;2;60;-;-;-;-
2020;1;Bács-Kiskun;12;szakgimnázium/szakközépiskola (2016.09.01-től kifutó rendszerben);nő;nappali;magyar nyelv és irodalom;közép;rendes;Nem;magyar;4;77;77;megjelent;34;10;16;9;7;1;77;-;-;-;-
2020;1;Bács-Kiskun;12;szakgimnázium/szakközépiskola (2016.09.01-től kifutó rendszerben);nő;nappali;magyar nyelv és irodalom;közép;rendes;Nem;magyar;4;60;60;megjelent;32;7;12;7;0;2;60;-;-;-;-
2020;1;Bács-Kiskun;12;gimnázium;férfi;nappali;magyar nyelv és irodalom;közép;rendes;Nem;magyar;4;60;60;megjelent;21;9;14;11;3;2;60;-;-;-;-
2020;1;Bács-Kiskun;12;gimnázium;nő;nappali;magyar nyelv és irodalom;közép;rendes;Nem;magyar;4;62;62;megjelent;30;10;16;5;0;1;62;-;-;-;-
2020;1;Bács-Kiskun;12;szakgimnázium/szakközépiskola (2016.09.01-től kifutó rendszerben);nő;nappali;magyar nyelv és irodalom;közép;rendes;Nem;magyar;4;60;60;megjelent;24;3;19;12;0;2;60;-;-;-;-
2020;1;Bács-Kiskun;12;szakgimnázium/szakközépiskola (2016.09.01-től kifutó rendszerben);férfi;nappali;magyar nyelv és irodalom;közép;rendes;Nem;magyar;3;58;58;megjelent;28;9;9;8;4;0;58;-;-;-;-
2020;1;Bács-Kiskun;12;szakgimnázium/szakközépiskola (2016.09.01-től kifutó rendszerben);nő;nappali;magyar nyelv és irodalom;közép;rendes;Nem;magyar;4;64;64;megjelent;29;8;11;10;4;2;64;-;-;-;-
2020;1;Bács-Kiskun;12;szakgimnázium/szakközépiskola (2016.09.01-től kifutó rendszerben);férfi;nappali;magyar nyelv és irodalom;közép;rendes;Nem;magyar;5;82;82;megjelent;31;10;23;15;1;2;82;-;-;-;-
2020;1;Bács-Kiskun;12;szakközép;férfi;nappali;magyar nyelv és irodalom;közép;rendes;Nem;magyar;3;48;48;megjelent;28;6;8;6;0;0;48;-;-;-;-
2020;1;Bács-Kiskun;12;szakgimnázium/szakközépiskola (2016.09.01-től kifutó rendszerben);nő;nappali;magyar nyelv és irodalom;közép;rendes;Nem;magyar;4;61;61;megjelent;29;8;11;11;0;2;61;-;-;-;-
2020;1;Bács-Kiskun;12;szakgimnázium/szakközépiskola (2016.09.01-től kifutó rendszerben);nő;nappali;magyar nyelv és irodalom;közép;rendes;Nem;magyar;4;68;68;megjelent;32;7;14;8;5;2;68;-;-;-;-
2020;1;Bács-Kiskun;12;szakgimnázium/szakközépiskola (2016.09.01-től kifutó rendszerben);férfi;nappali;magyar nyelv és irodalom;közép;rendes;Nem;magyar;3;58;58;megjelent;28;7;12;10;0;1;58;-;-;-;-
2020;1;Bács-Kiskun;12;szakgimnázium/szakközépiskola (2016.09.01-től kifutó rendszerben);nő;nappali;magyar nyelv és irodalom;közép;rendes;Nem;magyar;4;60;60;megjelent;26;6;7;12;7;2;60;-;-;-;-
2020;1;Bács-Kiskun;12;gimnázium;férfi;nappali;magyar nyelv és irodalom;közép;rendes;Nem;magyar;4;72;72;megjelent;27;10;20;13;0;2;72;-;-;-;-
2020;1;Bács-Kiskun;12;gimnázium;férfi;nappali;magyar nyelv és irodalom;közép;rendes;Nem;magyar;5;85;85;megjelent;34;10;18;14;8;1;85;-;-;-;-
2020;1;Bács-Kiskun;12;szakgimnázium/szakközépiskola (2016.09.01-től kifutó rendszerben);férfi;nappali;magyar nyelv és irodalom;közép;rendes;Nem;magyar;3;41;41;megjelent;30;2;5;3;0;1;41;-;-;-;-
2020;1;Bács-Kiskun;12;gimnázium;férfi;nappali;magyar nyelv és irodalom;közép;rendes;Nem;magyar;5;90;90;megjelent;37;8;24;15;4;2;90;-;-;-;-
2020;1;Bács-Kiskun;12;gimnázium;nő;nappali;magyar nyelv és irodalom;közép;rendes;Nem;magyar;4;75;75;megjelent;29;9;21;14;0;2;75;-;-;-;-
2020;1;Bács-Kiskun;12;szakgimnázium/szakközépiskola (2016.09.01-től kifutó rendszerben);nő;nappali;magyar nyelv és irodalom;közép;rendes;Nem;magyar;3;47;47;megjelent;25;3;3;7;7;2;47;-;-;-;-
2020;1;Bács-Kiskun;12;gimnázium;férfi;nappali;magyar nyelv és irodalom;közép;rendes;Nem;magyar;5;83;83;megjelent;33;10;20;13;5;2;83;-;-;-;-
2020;1;Bács-Kiskun;12;gimnázium;férfi;nappali;magyar nyelv és irodalom;közép;rendes;Nem;magyar;5;89;89;megjelent;38;10;20;15;4;2;89;-;-;-;-
2020;1;Bács-Kiskun;12;szakgimnázium/szakközépiskola (2016.09.01-től kifutó rendszerben);férfi;nappali;magyar nyelv és irodalom;közép;rendes;Nem;magyar;4;63;63;megjelent;32;9;12;9;0;1;63;-;-;-;-
2020;1;Bács-Kiskun;12;szakgimnázium/szakközépiskola (2016.09.01-től kifutó rendszerben);férfi;nappali;magyar nyelv és irodalom;közép;rendes;Nem;magyar;3;56;56;megjelent;30;8;10;6;0;2;56;-;-;-;-
2020;1;Bács-Kiskun;12;gimnázium;férfi;nappali;magyar nyelv és irodalom;közép;rendes;Nem;magyar;4;72;72;megjelent;30;10;17;12;2;1;72;-;-;-;-
2020;1;Bács-Kiskun;12;gimnázium;nő;nappali;magyar nyelv és irodalom;közép;rendes;Nem;magyar;5;87;87;megjelent;35;10;24;15;1;2;87;-;-;-;-
2020;1;Bács-Kiskun;12;gimnázium;nő;nappali;magyar nyelv és irodalom;közép;rendes;Nem;magyar;5;91;91;megjelent;35;10;24;15;5;2;91;-;-;-;-
2020;1;Bács-Kiskun;12;szakgimnázium/szakközépiskola (2016.09.01-től kifutó rendszerben);nő;nappali;magyar nyelv és irodalom;közép;rendes;Nem;magyar;4;66;66;megjelent;24;8;19;14;0;1;66;-;-;-;-
2020;1;Bács-Kiskun;12;szakgimnázium/szakközépiskola (2016.09.01-től kifutó rendszerben);férfi;nappali;magyar nyelv és irodalom;közép;rendes;Nem;magyar;3;47;47;megjelent;23;6;10;8;0;0;47;-;-;-;-
2020;1;Bács-Kiskun;12;gimnázium;férfi;nappali;magyar nyelv és irodalom;közép;rendes;Nem;magyar;4;74;74;megjelent;31;10;18;13;0;2;74;-;-;-;-
2020;1;Bács-Kiskun;12;gimnázium;nő;nappali;magyar nyelv és irodalom;közép;rendes;Nem;magyar;5;85;85;megjelent;35;10;23;15;0;2;85;-;-;-;-
2020;1;Bács-Kiskun;12;gimnázium;nő;nappali;magyar nyelv és irodalom;közép;rendes;Nem;magyar;5;89;89;megjelent;32;10;24;14;7;2;89;-;-;-;-
2020;1;Bács-Kiskun;12;szakgimnázium/szakközépiskola (2016.09.01-től kifutó rendszerben);nő;nappali;magyar nyelv és irodalom;közép;rendes;Nem;magyar;3;54;54;megjelent;24;5;10;8;5;2;54;-;-;-;-
2020;1;Bács-Kiskun;12;gimnázium;nő;nappali;magyar nyelv és irodalom;közép;rendes;Nem;magyar;5;89;89;megjelent;37;10;25;15;0;2;89;-;-;-;-
2020;1;Bács-Kiskun;12;szakgimnázium/szakközépiskola (2016.09.01-től kifutó rendszerben);nő;nappali;magyar nyelv és irodalom;közép;rendes;Nem;magyar;4;65;65;megjelent;28;10;14;10;1;2;65;-;-;-;-
2020;1;Bács-Kiskun;12;szakgimnázium/szakközépiskola (2016.09.01-től kifutó rendszerben);nő;nappali;magyar nyelv és irodalom;közép;rendes;Nem;magyar;4;64;64;megjelent;27;5;19;11;0;2;64;-;-;-;-
2020;1;Bács-Kiskun;12;szakgimnázium/szakközépiskola (2016.09.01-től kifutó rendszerben);nő;nappali;magyar nyelv és irodalom;közép;rendes;Nem;magyar;4;69;69;megjelent;26;5;17;12;7;2;69;-;-;-;-
2020;1;Bács-Kiskun;12;gimnázium;nő;nappali;magyar nyelv és irodalom;közép;rendes;Nem;magyar;4;69;69;megjelent;33;9;15;9;1;2;69;-;-;-;-
2020;1;Bács-Kiskun;12;szakgimnázium/szakközépiskola (2016.09.01-től kifutó rendszerben);férfi;nappali;magyar nyelv és irodalom;közép;rendes;Nem;magyar;5;91;91;megjelent;36;9;24;15;5;2;91;-;-;-;-
2020;1;Bács-Kiskun;12;szakgimnázium/szakközépiskola (2016.09.01-től kifutó rendszerben);férfi;nappali;magyar nyelv és irodalom;közép;rendes;Nem;magyar;2;38;38;megjelent;29;0;6;2;0;1;38;-;-;-;-
2020;1;Bács-Kiskun;12;szakgimnázium/szakközépiskola (2016.09.01-től kifutó rendszerben);nő;nappali;magyar nyelv és irodalom;közép;rendes;Nem;magyar;5;80;80;megjelent;31;8;23;14;2;2;80;-;-;-;-
2020;1;Bács-Kiskun;12;szakgimnázium/szakközépiskola (2016.09.01-től kifutó rendszerben);nő;nappali;magyar nyelv és irodalom;közép;rendes;Nem;magyar;5;81;81;megjelent;36;6;16;15;6;2;81;-;-;-;-
2020;1;Bács-Kiskun;12;szakgimnázium/szakközépiskola (2016.09.01-től kifutó rendszerben);férfi;nappali;magyar nyelv és irodalom;közép;rendes;Nem;magyar;3;51;51;megjelent;29;3;9;10;0;0;51;-;-;-;-
2020;1;Bács-Kiskun;12;szakgimnázium/szakközépiskola (2016.09.01-től kifutó rendszerben);nő;nappali;magyar nyelv és irodalom;közép;rendes;Nem;magyar;4;76;76;megjelent;37;8;14;11;4;2;76;-;-;-;-
2020;1;Bács-Kiskun;12;szakgimnázium/szakközépiskola (2016.09.01-től kifutó rendszerben);férfi;nappali;magyar nyelv és irodalom;közép;rendes;Nem;magyar;3;47;47;megjelent;22;6;13;6;0;0;47;-;-;-;-
2020;1;Bács-Kiskun;12;szakgimnázium/szakközépiskola (2016.09.01-től kifutó rendszerben);férfi;nappali;magyar nyelv és irodalom;közép;előrehozott;Nem;magyar;4;76;76;megjelent;33;8;20;13;0;2;76;-;-;-;-
2020;1;Bács-Kiskun;12;szakgimnázium/szakközépiskola (2016.09.01-től kifutó rendszerben);férfi;nappali;magyar nyelv és irodalom;közép;előrehozott;Nem;magyar;3;50;50;megjelent;29;6;9;6;0;0;50;-;-;-;-
2020;1;Bács-Kiskun;12;szakgimnázium/szakközépiskola (2016.09.01-től kifutó rendszerben);férfi;nappali;magyar nyelv és irodalom;közép;rendes;Nem;magyar;4;69;69;megjelent;30;8;18;11;0;2;69;-;-;-;-
2020;1;Bács-Kiskun;12;szakgimnázium/szakközépiskola (2016.09.01-től kifutó rendszerben);férfi;nappali;magyar nyelv és irodalom;közép;rendes;Igen;magyar;3;45;42;megjelent;24;5;7;6;0;0;42;-;-;-;-
2020;1;Bács-Kiskun;12;szakgimnázium/szakközépiskola (2016.09.01-től kifutó rendszerben);nő;nappali;magyar nyelv és irodalom;közép;rendes;Igen;magyar;3;51;47;megjelent;26;7;6;6;0;2;47;-;-;-;-
2020;1;Bács-Kiskun;12;szakgimnázium/szakközépiskola (2016.09.01-től kifutó rendszerben);nő;nappali;magyar nyelv és irodalom;közép;rendes;Nem;magyar;3;46;46;megjelent;27;3;8;6;0;2;46;-;-;-;-
2020;1;Bács-Kiskun;12;szakgimnázium/szakközépiskola (2016.09.01-től kifutó rendszerben);férfi;nappali;magyar nyelv és irodalom;közép;rendes;Nem;magyar;3;41;41;megjelent;26;4;7;4;0;0;41;-;-;-;-
2020;1;Bács-Kiskun;12;szakgimnázium/szakközépiskola (2016.09.01-től kifutó rendszerben);férfi;nappali;magyar nyelv és irodalom;közép;előrehozott;Nem;magyar;3;53;53;megjelent;32;0;13;8;0;0;53;-;-;-;-
2020;1;Bács-Kiskun;12;szakgimnázium/szakközépiskola (2016.09.01-től kifutó rendszerben);férfi;nappali;magyar nyelv és irodalom;közép;rendes;Nem;magyar;3;57;57;megjelent;26;8;12;10;0;1;57;-;-;-;-
2020;1;Bács-Kiskun;12;szakgimnázium/szakközépiskola (2016.09.01-től kifutó rendszerben);nő;nappali;magyar nyelv és irodalom;közép;rendes;Nem;magyar;4;75;75;megjelent;37;5;14;9;8;2;75;-;-;-;-
2020;1;Bács-Kiskun;12;szakgimnázium/szakközépiskola (2016.09.01-től kifutó rendszerben);nő;nappali;magyar nyelv és irodalom;közép;rendes;Nem;magyar;5;81;81;megjelent;31;9;20;14;5;2;81;-;-;-;-
2020;1;Bács-Kiskun;12;szakgimnázium/szakközépiskola (2016.09.01-től kifutó rendszerben);nő;nappali;magyar nyelv és irodalom;közép;rendes;Nem;magyar;4;64;64;megjelent;31;7;14;9;1;2;64;-;-;-;-
2020;1;Bács-Kiskun;12;szakgimnázium/szakközépiskola (2016.09.01-től kifutó rendszerben);nő;nappali;magyar nyelv és irodalom;közép;rendes;Nem;magyar;2;32;32;megjelent;18;0;6;6;0;2;32;-;-;-;-
2020;1;Bács-Kiskun;12;szakgimnázium/szakközépiskola (2016.09.01-től kifutó rendszerben);nő;nappali;magyar nyelv és irodalom;közép;rendes;Nem;magyar;3;52;52;megjelent;31;8;8;4;0;1;52;-;-;-;-
2020;1;Bács-Kiskun;12;szakgimnázium/szakközépiskola (2016.09.01-től kifutó rendszerben);nő;nappali;magyar nyelv és irodalom;közép;rendes;Nem;magyar;4;69;69;megjelent;30;9;15;12;1;2;69;-;-;-;-
2020;1;Bács-Kiskun;12;szakgimnázium/szakközépiskola (2016.09.01-től kifutó rendszerben);nő;nappali;magyar nyelv és irodalom;közép;rendes;Nem;magyar;3;58;58;megjelent;32;9;5;3;7;2;58;-;-;-;-
2020;1;Bács-Kiskun;12;szakgimnázium/szakközépiskola (2016.09.01-től kifutó rendszerben);nő;nappali;magyar nyelv és irodalom;közép;rendes;Nem;magyar;4;65;65;megjelent;30;9;12;9;3;2;65;-;-;-;-
2020;1;Bács-Kiskun;12;szakgimnázium/szakközépiskola (2016.09.01-től kifutó rendszerben);férfi;nappali;magyar nyelv és irodalom;közép;rendes;Nem;magyar;4;67;67;megjelent;20;9;23;14;0;1;67;-;-;-;-
2020;1;Bács-Kiskun;12;szakgimnázium/szakközépiskola (2016.09.01-től kifutó rendszerben);férfi;nappali;magyar nyelv és irodalom;közép;előrehozott;Nem;magyar;3;42;42;megjelent;26;5;3;8;0;0;42;-;-;-;-
2020;1;Bács-Kiskun;12;szakgimnázium/szakközépiskola (2016.09.01-től kifutó rendszerben);férfi;nappali;magyar nyelv és irodalom;közép;előrehozott;Nem;magyar;3;58;58;megjelent;29;5;14;9;0;1;58;-;-;-;-
2020;1;Bács-Kiskun;12;szakgimnázium/szakközépiskola (2016.09.01-től kifutó rendszerben);férfi;nappali;magyar nyelv és irodalom;közép;rendes;Nem;magyar;4;68;68;megjelent;29;10;16;11;0;2;68;-;-;-;-
2020;1;Bács-Kiskun;12;szakgimnázium/szakközépiskola (2016.09.01-től kifutó rendszerben);férfi;nappali;magyar nyelv és irodalom;közép;rendes;Nem;magyar;3;57;57;megjelent;29;7;13;8;0;0;57;-;-;-;-
2020;1;Bács-Kiskun;12;szakgimnázium/szakközépiskola (2016.09.01-től kifutó rendszerben);férfi;nappali;magyar nyelv és irodalom;közép;előrehozott;Nem;magyar;3;47;47;megjelent;19;0;15;11;0;2;47;-;-;-;-
2020;1;Bács-Kiskun;12;szakgimnázium/szakközépiskola (2016.09.01-től kifutó rendszerben);férfi;nappali;magyar nyelv és irodalom;közép;rendes;Igen;magyar;3;55;51;megjelent;28;5;11;7;0;0;51;-;-;-;-
2020;1;Bács-Kiskun;12;szakgimnázium/szakközépiskola (2016.09.01-től kifutó rendszerben);férfi;nappali;magyar nyelv és irodalom;közép;rendes;Nem;magyar;4;76;76;megjelent;35;6;19;14;0;2;76;-;-;-;-
2020;1;Bács-Kiskun;12;szakgimnázium/szakközépiskola (2016.09.01-től kifutó rendszerben);férfi;nappali;magyar nyelv és irodalom;közép;rendes;Igen;magyar;3;43;40;megjelent;23;4;8;5;0;0;40;-;-;-;-
2020;1;Bács-Kiskun;12;szakgimnázium/szakközépiskola (2016.09.01-től kifutó rendszerben);férfi;nappali;magyar nyelv és irodalom;közép;rendes;Nem;magyar;5;82;82;megjelent;35;10;22;13;0;2;82;-;-;-;-
2020;1;Bács-Kiskun;12;szakgimnázium/szakközépiskola (2016.09.01-től kifutó rendszerben);férfi;nappali;magyar nyelv és irodalom;közép;rendes;Igen;magyar;3;56;56;megjelent;23;6;19;6;0;2;56;-;-;-;-
2020;1;Bács-Kiskun;12;szakgimnázium/szakközépiskola (2016.09.01-től kifutó rendszerben);férfi;nappali;magyar nyelv és irodalom;közép;előrehozott;Nem;magyar;3;56;56;megjelent;27;6;14;9;0;0;56;-;-;-;-
2020;1;Bács-Kiskun;12;szakgimnázium/szakközépiskola (2016.09.01-től kifutó rendszerben);férfi;nappali;magyar nyelv és irodalom;közép;rendes;Nem;magyar;3;53;53;megjelent;27;6;9;7;4;0;53;-;-;-;-
2020;1;Bács-Kiskun;12;szakgimnázium/szakközépiskola (2016.09.01-től kifutó rendszerben);férfi;nappali;magyar nyelv és irodalom;közép;rendes;Nem;magyar;3;51;51;megjelent;30;7;6;7;0;1;51;-;-;-;-
2020;1;Bács-Kiskun;12;szakgimnázium/szakközépiskola (2016.09.01-től kifutó rendszerben);férfi;nappali;magyar nyelv és irodalom;közép;rendes;Nem;magyar;3;50;50;megjelent;25;0;14;11;0;0;50;-;-;-;-
2020;1;Bács-Kiskun;12;szakgimnázium/szakközépiskola (2016.09.01-től kifutó rendszerben);férfi;nappali;magyar nyelv és irodalom;közép;előrehozott;Nem;magyar;2;39;39;megjelent;22;4;6;7;0;0;39;-;-;-;-
2020;1;Bács-Kiskun;12;szakgimnázium/szakközépiskola (2016.09.01-től kifutó rendszerben);férfi;nappali;magyar nyelv és irodalom;közép;rendes;Nem;magyar;4;65;65;megjelent;29;6;16;12;0;2;65;-;-;-;-
2020;1;Bács-Kiskun;12;szakgimnázium/szakközépiskola (2016.09.01-től kifutó rendszerben);férfi;nappali;magyar nyelv és irodalom;közép;előrehozott;Nem;magyar;3;51;51;megjelent;23;0;15;11;0;2;51;-;-;-;-
2020;1;Bács-Kiskun;12;szakgimnázium/szakközépiskola (2016.09.01-től kifutó rendszerben);férfi;nappali;magyar nyelv és irodalom;közép;rendes;Igen;magyar;2;32;16;megjelent;-;-;-;-;-;-;-;8;4;4;16
2020;1;Bács-Kiskun;12;szakgimnázium/szakközépiskola (2016.09.01-től kifutó rendszerben);férfi;nappali;magyar nyelv és irodalom;közép;rendes;Nem;magyar;3;51;51;megjelent;23;4;14;9;0;1;51;-;-;-;-
2020;1;Bács-Kiskun;12;szakgimnázium/szakközépiskola (2016.09.01-től kifutó rendszerben);férfi;nappali;magyar nyelv és irodalom;közép;rendes;Nem;magyar;3;54;54;megjelent;26;9;5;8;4;2;54;-;-;-;-
2020;1;Bács-Kiskun;12;szakgimnázium/szakközépiskola (2016.09.01-től kifutó rendszerben);férfi;nappali;magyar nyelv és irodalom;közép;rendes;Nem;magyar;4;66;66;megjelent;32;9;14;10;0;1;66;-;-;-;-
2020;1;Bács-Kiskun;12;szakgimnázium/szakközépiskola (2016.09.01-től kifutó rendszerben);férfi;nappali;magyar nyelv és irodalom;közép;rendes;Nem;magyar;3;46;46;megjelent;23;0;9;10;2;2;46;-;-;-;-
2020;1;Bács-Kiskun;12;gimnázium;férfi;nappali;magyar nyelv és irodalom;közép;rendes;Nem;magyar;5;89;89;megjelent;36;8;23;13;7;2;89;-;-;-;-
2020;1;Bács-Kiskun;12;gimnázium;nő;nappali;magyar nyelv és irodalom;közép;rendes;Nem;magyar;5;95;95;megjelent;38;10;25;15;5;2;95;-;-;-;-
2020;1;Bács-Kiskun;12;gimnázium;férfi;nappali;magyar nyelv és irodalom;közép;rendes;Nem;magyar;5;90;90;megjelent;38;10;25;15;0;2;90;-;-;-;-
2020;1;Bács-Kiskun;12;gimnázium;nő;nappali;magyar nyelv és irodalom;közép;rendes;Nem;magyar;4;70;70;megjelent;32;7;18;11;1;1;70;-;-;-;-
2020;1;Bács-Kiskun;12;gimnázium;férfi;nappali;magyar nyelv és irodalom;közép;rendes;Nem;magyar;5;88;88;megjelent;37;9;24;12;4;2;88;-;-;-;-
2020;1;Bács-Kiskun;12;gimnázium;férfi;nappali;magyar nyelv és irodalom;közép;rendes;Nem;magyar;5;82;82;megjelent;26;10;25;14;5;2;82;-;-;-;-
2020;1;Bács-Kiskun;12;gimnázium;férfi;nappali;magyar nyelv és irodalom;közép;rendes;Nem;magyar;4;70;70;megjelent;36;10;13;10;0;1;70;-;-;-;-
2020;1;Bács-Kiskun;12;gimnázium;nő;nappali;magyar nyelv és irodalom;közép;rendes;Nem;magyar;5;96;96;megjelent;37;9;25;15;8;2;96;-;-;-;-
2020;1;Bács-Kiskun;12;gimnázium;férfi;nappali;magyar nyelv és irodalom;közép;rendes;Nem;magyar;4;70;70;megjelent;33;5;20;10;0;2;70;-;-;-;-
2020;1;Bács-Kiskun;12;gimnázium;férfi;nappali;magyar nyelv és irodalom;közép;rendes;Nem;magyar;5;92;92;megjelent;37;10;25;14;4;2;92;-;-;-;-
2020;1;Bács-Kiskun;12;gimnázium;nő;nappali;magyar nyelv és irodalom;közép;rendes;Nem;magyar;4;64;64;megjelent;24;9;17;12;0;2;64;-;-;-;-
2020;1;Bács-Kiskun;12;gimnázium;nő;nappali;magyar nyelv és irodalom;közép;rendes;Nem;magyar;4;75;75;megjelent;28;10;19;13;3;2;75;-;-;-;-
2020;1;Bács-Kiskun;12;gimnázium;férfi;nappali;magyar nyelv és irodalom;közép;rendes;Nem;magyar;5;84;84;megjelent;32;9;22;14;5;2;84;-;-;-;-
2020;1;Bács-Kiskun;12;gimnázium;férfi;nappali;magyar nyelv és irodalom;közép;rendes;Nem;magyar;4;68;68;megjelent;29;9;16;12;0;2;68;-;-;-;-
2020;1;Bács-Kiskun;12;gimnázium;nő;nappali;magyar nyelv és irodalom;közép;rendes;Nem;magyar;5;92;92;megjelent;34;10;25;15;6;2;92;-;-;-;-
2020;1;Bács-Kiskun;12;szakgimnázium/szakközépiskola (2016.09.01-től kifutó rendszerben);férfi;nappali;magyar nyelv és irodalom;közép;rendes;Nem;magyar;4;62;62;megjelent;30;7;14;9;0;2;62;-;-;-;-
2020;1;Bács-Kiskun;12;szakgimnázium/szakközépiskola (2016.09.01-től kifutó rendszerben);nő;nappali;magyar nyelv és irodalom;közép;rendes;Nem;magyar;3;41;41;megjelent;18;4;8;6;3;2;41;-;-;-;-
2020;1;Bács-Kiskun;12;gimnázium;nő;nappali;magyar nyelv és irodalom;közép;rendes;Nem;magyar;4;73;73;megjelent;28;10;16;13;4;2;73;-;-;-;-
2020;1;Bács-Kiskun;12;szakgimnázium/szakközépiskola (2016.09.01-től kifutó rendszerben);nő;nappali;magyar nyelv és irodalom;közép;rendes;Nem;magyar;4;74;74;megjelent;35;7;15;15;0;2;74;-;-;-;-
2020;1;Bács-Kiskun;12;szakgimnázium/szakközépiskola (2016.09.01-től kifutó rendszerben);nő;nappali;magyar nyelv és irodalom;közép;rendes;Nem;magyar;4;73;73;megjelent;30;8;15;13;5;2;73;-;-;-;-
2020;1;Bács-Kiskun;12;gimnázium;nő;nappali;magyar nyelv és irodalom;közép;rendes;Nem;magyar;5;84;84;megjelent;36;9;20;13;4;2;84;-;-;-;-
2020;1;Bács-Kiskun;12;szakgimnázium/szakközépiskola (2016.09.01-től kifutó rendszerben);férfi;nappali;magyar nyelv és irodalom;közép;rendes;Nem;magyar;3;51;51;megjelent;30;4;7;9;0;1;51;-;-;-;-
2020;1;Bács-Kiskun;12;gimnázium;férfi;nappali;magyar nyelv és irodalom;közép;rendes;Nem;magyar;5;96;96;megjelent;36;10;25;15;8;2;96;-;-;-;-
2020;1;Bács-Kiskun;12;gimnázium;férfi;nappali;magyar nyelv és irodalom;közép;rendes;Nem;magyar;4;61;61;megjelent;29;8;12;11;0;1;61;-;-;-;-
2020;1;Bács-Kiskun;12;szakgimnázium/szakközépiskola (2016.09.01-től kifutó rendszerben);férfi;nappali;magyar nyelv és irodalom;közép;rendes;Nem;magyar;4;61;61;megjelent;29;4;15;13;0;0;61;-;-;-;-
2020;1;Bács-Kiskun;12;gimnázium;nő;nappali;magyar nyelv és irodalom;közép;rendes;Nem;magyar;4;77;77;megjelent;32;8;18;12;5;2;77;-;-;-;-
2020;1;Bács-Kiskun;12;gimnázium;nő;nappali;magyar nyelv és irodalom;közép;rendes;Nem;magyar;3;55;55;megjelent;25;8;12;7;1;2;55;-;-;-;-
2020;1;Bács-Kiskun;12;gimnázium;nő;nappali;magyar nyelv és irodalom;közép;rendes;Nem;magyar;4;64;64;megjelent;30;8;12;12;0;2;64;-;-;-;-
2020;1;Bács-Kiskun;12;szakgimnázium/szakközépiskola (2016.09.01-től kifutó rendszerben);nő;nappali;magyar nyelv és irodalom;közép;rendes;Nem;magyar;3;41;41;megjelent;21;2;8;8;0;2;41;-;-;-;-
2020;1;Bács-Kiskun;12;szakgimnázium/szakközépiskola (2016.09.01-től kifutó rendszerben);férfi;nappali;magyar nyelv és irodalom;közép;rendes;Nem;magyar;3;58;58;megjelent;26;8;12;8;2;2;58;-;-;-;-
2020;1;Bács-Kiskun;12;szakgimnázium/szakközépiskola (2016.09.01-től kifutó rendszerben);nő;nappali;magyar nyelv és irodalom;közép;rendes;Nem;magyar;3;41;41;megjelent;25;4;5;5;0;2;41;-;-;-;-
2020;1;Bács-Kiskun;12;gimnázium;férfi;nappali;magyar nyelv és irodalom;közép;rendes;Nem;magyar;4;70;70;megjelent;30;9;17;10;2;2;70;-;-;-;-
2020;1;Bács-Kiskun;12;szakgimnázium/szakközépiskola (2016.09.01-től kifutó rendszerben);férfi;nappali;magyar nyelv és irodalom;közép;rendes;Nem;magyar;3;41;41;megjelent;23;6;5;7;0;0;41;-;-;-;-
2020;1;Bács-Kiskun;12;gimnázium;férfi;nappali;magyar nyelv és irodalom;közép;rendes;Nem;magyar;4;60;60;megjelent;30;7;13;8;0;2;60;-;-;-;-
2020;1;Bács-Kiskun;12;szakgimnázium/szakközépiskola (2016.09.01-től kifutó rendszerben);férfi;nappali;magyar nyelv és irodalom;közép;rendes;Nem;magyar;3;45;45;megjelent;30;4;5;6;0;0;45;-;-;-;-
2020;1;Bács-Kiskun;12;gimnázium;nő;nappali;magyar nyelv és irodalom;közép;rendes;Nem;magyar;4;76;76;megjelent;29;10;19;12;4;2;76;-;-;-;-
2020;1;Bács-Kiskun;12;szakgimnázium/szakközépiskola (2016.09.01-től kifutó rendszerben);nő;nappali;magyar nyelv és irodalom;közép;rendes;Nem;magyar;4;64;64;megjelent;29;6;12;15;0;2;64;-;-;-;-
2020;1;Bács-Kiskun;12;gimnázium;férfi;nappali;magyar nyelv és irodalom;közép;rendes;Nem;magyar;3;55;55;megjelent;23;8;13;9;0;2;55;-;-;-;-
2020;1;Bács-Kiskun;12;szakgimnázium/szakközépiskola (2016.09.01-től kifutó rendszerben);férfi;nappali;magyar nyelv és irodalom;közép;rendes;Nem;magyar;3;45;45;megjelent;26;6;5;5;2;1;45;-;-;-;-
2020;1;Bács-Kiskun;12;szakgimnázium/szakközépiskola (2016.09.01-től kifutó rendszerben);nő;nappali;magyar nyelv és irodalom;közép;rendes;Nem;magyar;3;56;56;megjelent;26;9;10;9;0;2;56;-;-;-;-
2020;1;Bács-Kiskun;12;szakgimnázium/szakközépiskola (2016.09.01-től kifutó rendszerben);férfi;nappali;magyar nyelv és irodalom;közép;rendes;Nem;magyar;3;54;54;megjelent;26;8;12;6;0;2;54;-;-;-;-
2020;1;Bács-Kiskun;12;szakgimnázium/szakközépiskola (2016.09.01-től kifutó rendszerben);férfi;nappali;magyar nyelv és irodalom;közép;rendes;Nem;magyar;4;63;63;megjelent;32;9;11;9;0;2;63;-;-;-;-
2020;1;Bács-Kiskun;12;szakgimnázium/szakközépiskola (2016.09.01-től kifutó rendszerben);férfi;nappali;magyar nyelv és irodalom;közép;rendes;Nem;magyar;4;64;64;megjelent;31;9;14;8;0;2;64;-;-;-;-
2020;1;Bács-Kiskun;12;szakgimnázium/szakközépiskola (2016.09.01-től kifutó rendszerben);férfi;nappali;magyar nyelv és irodalom;közép;rendes;Igen;magyar;3;55;51;megjelent;26;3;10;10;0;2;51;-;-;-;-
2020;1;Bács-Kiskun;12;szakgimnázium/szakközépiskola (2016.09.01-től kifutó rendszerben);férfi;nappali;magyar nyelv és irodalom;közép;rendes;Nem;magyar;3;51;51;megjelent;30;7;8;6;0;0;51;-;-;-;-
2020;1;Bács-Kiskun;12;szakgimnázium/szakközépiskola (2016.09.01-től kifutó rendszerben);férfi;nappali;magyar nyelv és irodalom;közép;rendes;Nem;magyar;3;44;44;megjelent;28;5;6;4;0;1;44;-;-;-;-
2020;1;Bács-Kiskun;12;szakgimnázium/szakközépiskola (2016.09.01-től kifutó rendszerben);férfi;nappali;magyar nyelv és irodalom;közép;rendes;Nem;magyar;2;25;25;megjelent;13;3;4;4;0;1;25;-;-;-;-
2020;1;Bács-Kiskun;12;szakgimnázium/szakközépiskola (2016.09.01-től kifutó rendszerben);férfi;nappali;magyar nyelv és irodalom;közép;rendes;Igen;magyar;3;56;28;megjelent;-;-;-;-;-;-;-;12;8;8;28
2020;1;Bács-Kiskun;12;szakgimnázium/szakközépiskola (2016.09.01-től kifutó rendszerben);férfi;nappali;magyar nyelv és irodalom;közép;rendes;Nem;magyar;3;55;55;megjelent;28;3;12;9;1;2;55;-;-;-;-
2020;1;Bács-Kiskun;12;szakgimnázium/szakközépiskola (2016.09.01-től kifutó rendszerben);férfi;nappali;magyar nyelv és irodalom;közép;rendes;Nem;magyar;4;63;63;megjelent;31;3;10;11;6;2;63;-;-;-;-
2020;1;Bács-Kiskun;12;szakgimnázium/szakközépiskola (2016.09.01-től kifutó rendszerben);férfi;nappali;magyar nyelv és irodalom;közép;rendes;Nem;magyar;3;53;53;megjelent;34;5;8;6;0;0;53;-;-;-;-
2020;1;Bács-Kiskun;12;szakgimnázium/szakközépiskola (2016.09.01-től kifutó rendszerben);férfi;nappali;magyar nyelv és irodalom;közép;rendes;Nem;magyar;3;48;48;megjelent;22;7;8;8;1;2;48;-;-;-;-
2020;1;Bács-Kiskun;12;szakgimnázium/szakközépiskola (2016.09.01-től kifutó rendszerben);férfi;nappali;magyar nyelv és irodalom;közép;rendes;Nem;magyar;3;58;58;megjelent;30;6;12;8;0;2;58;-;-;-;-
2020;1;Bács-Kiskun;12;szakgimnázium/szakközépiskola (2016.09.01-től kifutó rendszerben);férfi;nappali;magyar nyelv és irodalom;közép;rendes;Nem;magyar;4;66;66;megjelent;33;8;15;10;0;0;66;-;-;-;-
2020;1;Bács-Kiskun;12;szakgimnázium/szakközépiskola (2016.09.01-től kifutó rendszerben);férfi;nappali;magyar nyelv és irodalom;közép;rendes;Nem;magyar;4;64;64;megjelent;33;9;10;8;2;2;64;-;-;-;-
2020;1;Bács-Kiskun;12;szakgimnázium/szakközépiskola (2016.09.01-től kifutó rendszerben);férfi;nappali;magyar nyelv és irodalom;közép;rendes;Nem;magyar;3;55;55;megjelent;28;5;10;10;0;2;55;-;-;-;-
2020;1;Bács-Kiskun;12;szakgimnázium/szakközépiskola (2016.09.01-től kifutó rendszerben);férfi;nappali;magyar nyelv és irodalom;közép;rendes;Nem;magyar;3;57;57;megjelent;26;8;10;7;4;2;57;-;-;-;-
2020;1;Bács-Kiskun;12;szakgimnázium/szakközépiskola (2016.09.01-től kifutó rendszerben);férfi;nappali;magyar nyelv és irodalom;közép;rendes;Nem;magyar;3;56;56;megjelent;34;7;8;6;0;1;56;-;-;-;-
2020;1;Bács-Kiskun;12;szakgimnázium/szakközépiskola (2016.09.01-től kifutó rendszerben);férfi;nappali;magyar nyelv és irodalom;közép;rendes;Nem;magyar;4;62;62;megjelent;29;7;13;11;0;2;62;-;-;-;-
2020;1;Bács-Kiskun;12;szakgimnázium/szakközépiskola (2016.09.01-től kifutó rendszerben);férfi;nappali;magyar nyelv és irodalom;közép;rendes;Nem;magyar;3;53;53;megjelent;30;6;8;8;0;1;53;-;-;-;-
2020;1;Bács-Kiskun;12;szakgimnázium/szakközépiskola (2016.09.01-től kifutó rendszerben);férfi;nappali;magyar nyelv és irodalom;közép;rendes;Nem;magyar;3;52;52;megjelent;26;6;8;7;3;2;52;-;-;-;-
2020;1;Bács-Kiskun;12;szakgimnázium/szakközépiskola (2016.09.01-től kifutó rendszerben);férfi;nappali;magyar nyelv és irodalom;közép;rendes;Nem;magyar;3;43;43;megjelent;27;7;4;4;0;1;43;-;-;-;-
2020;1;Bács-Kiskun;12;szakgimnázium/szakközépiskola (2016.09.01-től kifutó rendszerben);férfi;nappali;magyar nyelv és irodalom;közép;rendes;Nem;magyar;3;44;44;megjelent;25;7;4;6;0;2;44;-;-;-;-
2020;1;Bács-Kiskun;12;szakgimnázium/szakközépiskola (2016.09.01-től kifutó rendszerben);férfi;nappali;magyar nyelv és irodalom;közép;rendes;Nem;magyar;4;72;72;megjelent;33;9;12;10;6;2;72;-;-;-;-
2020;1;Bács-Kiskun;12;szakgimnázium/szakközépiskola (2016.09.01-től kifutó rendszerben);férfi;nappali;magyar nyelv és irodalom;közép;rendes;Nem;magyar;4;62;62;megjelent;32;9;10;9;0;2;62;-;-;-;-
2020;1;Bács-Kiskun;12;szakgimnázium/szakközépiskola (2016.09.01-től kifutó rendszerben);férfi;nappali;magyar nyelv és irodalom;közép;rendes;Nem;magyar;3;42;42;megjelent;34;3;0;0;3;2;42;-;-;-;-
2020;1;Bács-Kiskun;12;szakgimnázium/szakközépiskola (2016.09.01-től kifutó rendszerben);nő;nappali;magyar nyelv és irodalom;közép;rendes;Nem;magyar;4;75;75;megjelent;33;6;18;12;4;2;75;-;-;-;-
2020;1;Bács-Kiskun;12;szakgimnázium/szakközépiskola (2016.09.01-től kifutó rendszerben);férfi;nappali;magyar nyelv és irodalom;közép;rendes;Nem;magyar;3;40;40;megjelent;23;3;6;8;0;0;40;-;-;-;-
2020;1;Bács-Kiskun;12;szakgimnázium/szakközépiskola (2016.09.01-től kifutó rendszerben);nő;nappali;magyar nyelv és irodalom;közép;rendes;Nem;magyar;4;75;75;megjelent;31;9;19;14;0;2;75;-;-;-;-
2020;1;Bács-Kiskun;12;szakgimnázium/szakközépiskola (2016.09.01-től kifutó rendszerben);nő;nappali;magyar nyelv és irodalom;közép;rendes;Nem;magyar;4;78;78;megjelent;32;10;19;15;0;2;78;-;-;-;-
2020;1;Bács-Kiskun;12;szakgimnázium/szakközépiskola (2016.09.01-től kifutó rendszerben);férfi;nappali;magyar nyelv és irodalom;közép;rendes;Nem;magyar;2;36;36;megjelent;27;5;1;2;0;1;36;-;-;-;-
2020;1;Bács-Kiskun;12;szakgimnázium/szakközépiskola (2016.09.01-től kifutó rendszerben);férfi;nappali;magyar nyelv és irodalom;közép;rendes;Nem;magyar;3;50;50;megjelent;28;7;5;6;2;2;50;-;-;-;-
2020;1;Bács-Kiskun;12;szakgimnázium/szakközépiskola (2016.09.01-től kifutó rendszerben);férfi;nappali;magyar nyelv és irodalom;közép;rendes;Nem;magyar;4;68;68;megjelent;29;9;14;11;3;2;68;-;-;-;-
2020;1;Bács-Kiskun;12;szakgimnázium/szakközépiskola (2016.09.01-től kifutó rendszerben);férfi;nappali;magyar nyelv és irodalom;közép;rendes;Nem;magyar;3;52;52;megjelent;33;6;7;6;0;0;52;-;-;-;-
2020;1;Bács-Kiskun;12;szakgimnázium/szakközépiskola (2016.09.01-től kifutó rendszerben);nő;nappali;magyar nyelv és irodalom;közép;rendes;Nem;magyar;4;67;67;megjelent;29;8;16;12;0;2;67;-;-;-;-
2020;1;Bács-Kiskun;12;szakgimnázium/szakközépiskola (2016.09.01-től kifutó rendszerben);férfi;nappali;magyar nyelv és irodalom;közép;rendes;Nem;magyar;4;73;73;megjelent;37;8;12;9;6;1;73;-;-;-;-
2020;1;Bács-Kiskun;12;szakgimnázium/szakközépiskola (2016.09.01-től kifutó rendszerben);férfi;nappali;magyar nyelv és irodalom;közép;rendes;Nem;magyar;3;45;45;megjelent;29;4;5;5;0;2;45;-;-;-;-
2020;1;Bács-Kiskun;12;szakgimnázium/szakközépiskola (2016.09.01-től kifutó rendszerben);nő;nappali;magyar nyelv és irodalom;közép;rendes;Nem;magyar;3;46;46;megjelent;27;6;5;6;0;2;46;-;-;-;-
2020;1;Bács-Kiskun;12;szakgimnázium/szakközépiskola (2016.09.01-től kifutó rendszerben);nő;nappali;magyar nyelv és irodalom;közép;rendes;Nem;magyar;3;40;40;megjelent;34;2;2;2;0;0;40;-;-;-;-
2020;1;Bács-Kiskun;12;szakgimnázium/szakközépiskola (2016.09.01-től kifutó rendszerben);nő;nappali;magyar nyelv és irodalom;közép;rendes;Nem;magyar;3;56;56;megjelent;28;8;12;8;0;0;56;-;-;-;-
2020;1;Bács-Kiskun;12;szakgimnázium/szakközépiskola (2016.09.01-től kifutó rendszerben);férfi;nappali;magyar nyelv és irodalom;közép;rendes;Nem;magyar;4;67;67;megjelent;32;6;16;11;0;2;67;-;-;-;-
2020;1;Bács-Kiskun;12;szakgimnázium/szakközépiskola (2016.09.01-től kifutó rendszerben);nő;nappali;magyar nyelv és irodalom;közép;rendes;Nem;magyar;5;80;80;megjelent;34;10;19;15;0;2;80;-;-;-;-
2020;1;Bács-Kiskun;12;szakgimnázium/szakközépiskola (2016.09.01-től kifutó rendszerben);nő;nappali;magyar nyelv és irodalom;közép;rendes;Nem;magyar;3;58;58;megjelent;29;6;12;10;0;1;58;-;-;-;-
2020;1;Bács-Kiskun;12;szakgimnázium/szakközépiskola (2016.09.01-től kifutó rendszerben);nő;nappali;magyar nyelv és irodalom;közép;rendes;Nem;magyar;3;41;41;megjelent;20;7;7;6;0;1;41;-;-;-;-
2020;1;Bács-Kiskun;12;szakgimnázium/szakközépiskola (2016.09.01-től kifutó rendszerben);férfi;nappali;magyar nyelv és irodalom;közép;rendes;Nem;magyar;4;75;75;megjelent;30;9;18;12;4;2;75;-;-;-;-
2020;1;Bács-Kiskun;12;szakgimnázium/szakközépiskola (2016.09.01-től kifutó rendszerben);nő;nappali;magyar nyelv és irodalom;közép;rendes;Nem;magyar;3;50;50;megjelent;27;7;7;7;0;2;50;-;-;-;-
2020;1;Bács-Kiskun;12;szakgimnázium/szakközépiskola (2016.09.01-től kifutó rendszerben);férfi;nappali;magyar nyelv és irodalom;közép;rendes;Igen;magyar;4;66;61;megjelent;32;7;13;9;0;0;61;-;-;-;-
2020;1;Bács-Kiskun;12;szakgimnázium/szakközépiskola (2016.09.01-től kifutó rendszerben);férfi;nappali;magyar nyelv és irodalom;közép;rendes;Nem;magyar;2;29;29;megjelent;23;2;1;3;0;0;29;-;-;-;-
2020;1;Bács-Kiskun;12;szakgimnázium/szakközépiskola (2016.09.01-től kifutó rendszerben);férfi;nappali;magyar nyelv és irodalom;közép;rendes;Nem;magyar;3;45;45;megjelent;30;0;7;6;0;2;45;-;-;-;-
2020;1;Bács-Kiskun;12;szakgimnázium/szakközépiskola (2016.09.01-től kifutó rendszerben);nő;nappali;magyar nyelv és irodalom;közép;rendes;Nem;magyar;3;53;53;megjelent;25;4;12;10;0;2;53;-;-;-;-
2020;1;Bács-Kiskun;12;szakgimnázium/szakközépiskola (2016.09.01-től kifutó rendszerben);férfi;nappali;magyar nyelv és irodalom;közép;rendes;Nem;magyar;3;40;40;megjelent;26;4;7;3;0;0;40;-;-;-;-
2020;1;Bács-Kiskun;12;szakgimnázium/szakközépiskola (2016.09.01-től kifutó rendszerben);nő;nappali;magyar nyelv és irodalom;közép;rendes;Nem;magyar;4;68;68;megjelent;33;8;10;9;6;2;68;-;-;-;-
2020;1;Bács-Kiskun;12;szakgimnázium/szakközépiskola (2016.09.01-től kifutó rendszerben);nő;nappali;magyar nyelv és irodalom;közép;rendes;Nem;magyar;3;51;51;megjelent;21;4;14;7;3;2;51;-;-;-;-
2020;1;Bács-Kiskun;12;szakgimnázium/szakközépiskola (2016.09.01-től kifutó rendszerben);nő;nappali;magyar nyelv és irodalom;közép;rendes;Nem;magyar;3;57;57;megjelent;31;6;14;3;1;2;57;-;-;-;-
2020;1;Bács-Kiskun;12;szakgimnázium/szakközépiskola (2016.09.01-től kifutó rendszerben);nő;nappali;magyar nyelv és irodalom;közép;rendes;Nem;magyar;4;61;61;megjelent;32;5;14;8;0;2;61;-;-;-;-
2020;1;Bács-Kiskun;12;szakgimnázium/szakközépiskola (2016.09.01-től kifutó rendszerben);férfi;nappali;magyar nyelv és irodalom;közép;rendes;Nem;magyar;3;42;42;megjelent;28;6;5;3;0;0;42;-;-;-;-
2020;1;Bács-Kiskun;12;szakgimnázium/szakközépiskola (2016.09.01-től kifutó rendszerben);nő;nappali;magyar nyelv és irodalom;közép;rendes;Nem;magyar;3;43;43;megjelent;23;3;5;7;3;2;43;-;-;-;-
2020;1;Bács-Kiskun;12;szakgimnázium/szakközépiskola (2016.09.01-től kifutó rendszerben);nő;nappali;magyar nyelv és irodalom;közép;rendes;Nem;magyar;2;38;38;megjelent;23;5;5;3;0;2;38;-;-;-;-
2020;1;Bács-Kiskun;12;szakgimnázium/szakközépiskola (2016.09.01-től kifutó rendszerben);nő;nappali;magyar nyelv és irodalom;közép;rendes;Nem;magyar;3;50;50;megjelent;22;8;10;8;0;2;50;-;-;-;-
2020;1;Bács-Kiskun;12;szakgimnázium/szakközépiskola (2016.09.01-től kifutó rendszerben);nő;nappali;magyar nyelv és irodalom;közép;rendes;Nem;magyar;4;62;62;megjelent;29;8;14;9;0;2;62;-;-;-;-
2020;1;Bács-Kiskun;12;szakgimnázium/szakközépiskola (2016.09.01-től kifutó rendszerben);nő;nappali;magyar nyelv és irodalom;közép;rendes;Nem;magyar;4;72;72;megjelent;29;8;17;14;2;2;72;-;-;-;-
2020;1;Bács-Kiskun;12;szakgimnázium/szakközépiskola (2016.09.01-től kifutó rendszerben);férfi;nappali;magyar nyelv és irodalom;közép;rendes;Nem;magyar;2;35;35;megjelent;22;4;5;3;0;1;35;-;-;-;-
2020;1;Bács-Kiskun;12;gimnázium;nő;nappali;magyar nyelv és irodalom;közép;rendes;Nem;magyar;5;81;81;megjelent;35;9;20;11;4;2;81;-;-;-;-
2020;1;Bács-Kiskun;12;gimnázium;nő;nappali;magyar nyelv és irodalom;közép;rendes;Nem;magyar;5;92;92;megjelent;36;9;25;14;6;2;92;-;-;-;-
2020;1;Bács-Kiskun;12;gimnázium;nő;nappali;magyar nyelv és irodalom;közép;rendes;Nem;magyar;4;60;60;megjelent;32;5;12;7;3;1;60;-;-;-;-
2020;1;Bács-Kiskun;12;gimnázium;nő;nappali;magyar nyelv és irodalom;közép;rendes;Nem;magyar;4;70;70;megjelent;34;7;11;11;5;2;70;-;-;-;-
2020;1;Bács-Kiskun;12;gimnázium;férfi;nappali;magyar nyelv és irodalom;közép;rendes;Nem;magyar;4;61;61;megjelent;32;7;13;6;2;1;61;-;-;-;-
2020;1;Bács-Kiskun;12;gimnázium;férfi;nappali;magyar nyelv és irodalom;közép;rendes;Igen;magyar;5;95;88;megjelent;36;10;25;15;0;2;88;-;-;-;-
2020;1;Bács-Kiskun;12;gimnázium;férfi;nappali;magyar nyelv és irodalom;közép;rendes;Nem;magyar;4;75;75;megjelent;35;10;16;12;0;2;75;-;-;-;-
2020;1;Bács-Kiskun;12;szakgimnázium/szakközépiskola (2016.09.01-től kifutó rendszerben);nő;nappali;magyar nyelv és irodalom;közép;rendes;Nem;magyar;3;44;44;megjelent;24;6;6;6;0;2;44;-;-;-;-
2020;1;Bács-Kiskun;12;gimnázium;férfi;nappali;magyar nyelv és irodalom;közép;rendes;Nem;magyar;5;83;83;megjelent;30;9;24;14;4;2;83;-;-;-;-
2020;1;Bács-Kiskun;12;szakgimnázium/szakközépiskola (2016.09.01-től kifutó rendszerben);férfi;nappali;magyar nyelv és irodalom;közép;rendes;Nem;magyar;4;67;67;megjelent;29;8;17;11;0;2;67;-;-;-;-
2020;1;Bács-Kiskun;12;gimnázium;nő;nappali;magyar nyelv és irodalom;közép;rendes;Nem;magyar;5;86;86;megjelent;33;9;23;14;5;2;86;-;-;-;-
2020;1;Bács-Kiskun;12;szakgimnázium/szakközépiskola (2016.09.01-től kifutó rendszerben);nő;nappali;magyar nyelv és irodalom;közép;rendes;Nem;magyar;3;57;57;megjelent;26;7;14;9;0;1;57;-;-;-;-
2020;1;Bács-Kiskun;12;gimnázium;nő;nappali;magyar nyelv és irodalom;közép;rendes;Nem;magyar;5;85;85;megjelent;40;8;19;13;3;2;85;-;-;-;-
2020;1;Bács-Kiskun;12;szakgimnázium/szakközépiskola (2016.09.01-től kifutó rendszerben);nő;nappali;magyar nyelv és irodalom;közép;rendes;Nem;magyar;4;60;60;megjelent;28;7;16;8;0;1;60;-;-;-;-
2020;1;Bács-Kiskun;12;gimnázium;nő;nappali;magyar nyelv és irodalom;közép;rendes;Nem;magyar;5;90;90;megjelent;37;10;19;15;7;2;90;-;-;-;-
2020;1;Bács-Kiskun;12;szakgimnázium/szakközépiskola (2016.09.01-től kifutó rendszerben);férfi;nappali;magyar nyelv és irodalom;közép;rendes;Nem;magyar;2;31;31;megjelent;18;4;4;4;0;1;31;-;-;-;-
2020;1;Bács-Kiskun;12;gimnázium;nő;nappali;magyar nyelv és irodalom;közép;rendes;Nem;magyar;5;86;86;megjelent;36;7;22;12;7;2;86;-;-;-;-
2020;1;Bács-Kiskun;12;szakgimnázium/szakközépiskola (2016.09.01-től kifutó rendszerben);nő;nappali;magyar nyelv és irodalom;közép;rendes;Nem;magyar;2;35;35;megjelent;19;3;5;6;0;2;35;-;-;-;-
2020;1;Bács-Kiskun;12;szakgimnázium/szakközépiskola (2016.09.01-től kifutó rendszerben);nő;nappali;magyar nyelv és irodalom;közép;rendes;Nem;magyar;4;76;76;megjelent;31;9;19;14;1;2;76;-;-;-;-
2020;1;Bács-Kiskun;12;gimnázium;nő;nappali;magyar nyelv és irodalom;közép;rendes;Nem;magyar;5;87;87;megjelent;33;7;23;14;8;2;87;-;-;-;-
2020;1;Bács-Kiskun;12;szakközép;férfi;nappali;magyar nyelv és irodalom;közép;rendes;Nem;magyar;3;46;46;megjelent;29;8;5;3;0;1;46;-;-;-;-
2020;1;Bács-Kiskun;12;gimnázium;nő;nappali;magyar nyelv és irodalom;közép;rendes;Nem;magyar;5;80;80;megjelent;34;9;22;13;0;2;80;-;-;-;-
2020;1;Bács-Kiskun;12;szakközép;nő;nappali;magyar nyelv és irodalom;közép;rendes;Nem;magyar;3;55;55;megjelent;28;8;12;7;0;0;55;-;-;-;-
2020;1;Bács-Kiskun;12;szakközép;nő;nappali;magyar nyelv és irodalom;közép;rendes;Nem;magyar;3;53;53;megjelent;27;4;12;8;0;2;53;-;-;-;-
2020;1;Bács-Kiskun;12;szakgimnázium/szakközépiskola (2016.09.01-től kifutó rendszerben);nő;nappali;magyar nyelv és irodalom;közép;rendes;Nem;magyar;3;56;56;megjelent;24;8;15;8;0;1;56;-;-;-;-
2020;1;Bács-Kiskun;12;gimnázium;férfi;nappali;magyar nyelv és irodalom;közép;rendes;Nem;magyar;3;55;55;megjelent;33;7;7;6;0;2;55;-;-;-;-
2020;1;Bács-Kiskun;12;szakgimnázium/szakközépiskola (2016.09.01-től kifutó rendszerben);nő;nappali;magyar nyelv és irodalom;közép;rendes;Igen;magyar;5;80;74;megjelent;29;9;21;13;0;2;74;-;-;-;-
2020;1;Bács-Kiskun;12;szakgimnázium/szakközépiskola (2016.09.01-től kifutó rendszerben);nő;nappali;magyar nyelv és irodalom;közép;rendes;Nem;magyar;3;49;49;megjelent;28;7;6;6;0;2;49;-;-;-;-
2020;1;Bács-Kiskun;12;gimnázium;férfi;nappali;magyar nyelv és irodalom;közép;rendes;Nem;magyar;4;67;67;megjelent;34;10;13;8;0;2;67;-;-;-;-
2020;1;Bács-Kiskun;12;szakgimnázium/szakközépiskola (2016.09.01-től kifutó rendszerben);nő;nappali;magyar nyelv és irodalom;közép;rendes;Nem;magyar;4;67;67;megjelent;27;8;19;11;0;2;67;-;-;-;-
2020;1;Bács-Kiskun;12;szakgimnázium/szakközépiskola (2016.09.01-től kifutó rendszerben);férfi;nappali;magyar nyelv és irodalom;közép;rendes;Nem;magyar;3;51;51;megjelent;27;5;13;5;0;1;51;-;-;-;-
2020;1;Bács-Kiskun;12;szakgimnázium/szakközépiskola (2016.09.01-től kifutó rendszerben);nő;nappali;magyar nyelv és irodalom;közép;rendes;Nem;magyar;3;40;40;megjelent;16;6;9;7;0;2;40;-;-;-;-
2020;1;Bács-Kiskun;12;szakgimnázium/szakközépiskola (2016.09.01-től kifutó rendszerben);nő;nappali;magyar nyelv és irodalom;közép;rendes;Nem;magyar;2;33;33;megjelent;19;4;6;3;0;1;33;-;-;-;-
2020;1;Bács-Kiskun;12;szakgimnázium/szakközépiskola (2016.09.01-től kifutó rendszerben);férfi;nappali;magyar nyelv és irodalom;közép;rendes;Nem;magyar;3;47;47;megjelent;18;6;14;7;0;2;47;-;-;-;-
2020;1;Bács-Kiskun;12;szakgimnázium/szakközépiskola (2016.09.01-től kifutó rendszerben);nő;nappali;magyar nyelv és irodalom;közép;rendes;Nem;magyar;3;54;54;megjelent;27;7;9;4;5;2;54;-;-;-;-
2020;1;Bács-Kiskun;12;szakgimnázium/szakközépiskola (2016.09.01-től kifutó rendszerben);nő;nappali;magyar nyelv és irodalom;közép;rendes;Nem;magyar;4;62;62;megjelent;30;6;14;10;0;2;62;-;-;-;-
2020;1;Bács-Kiskun;12;szakgimnázium/szakközépiskola (2016.09.01-től kifutó rendszerben);férfi;nappali;magyar nyelv és irodalom;közép;rendes;Nem;magyar;3;43;43;megjelent;25;1;8;7;0;2;43;-;-;-;-
2020;1;Bács-Kiskun;12;szakgimnázium/szakközépiskola (2016.09.01-től kifutó rendszerben);nő;nappali;magyar nyelv és irodalom;közép;rendes;Nem;magyar;4;60;60;megjelent;26;9;10;8;6;1;60;-;-;-;-
2020;1;Bács-Kiskun;12;szakgimnázium/szakközépiskola (2016.09.01-től kifutó rendszerben);nő;nappali;magyar nyelv és irodalom;közép;rendes;Nem;magyar;4;75;75;megjelent;34;6;19;12;2;2;75;-;-;-;-
2020;1;Bács-Kiskun;12;szakgimnázium/szakközépiskola (2016.09.01-től kifutó rendszerben);nő;nappali;magyar nyelv és irodalom;közép;rendes;Nem;magyar;4;64;64;megjelent;32;8;10;9;3;2;64;-;-;-;-
2020;1;Bács-Kiskun;12;szakgimnázium/szakközépiskola (2016.09.01-től kifutó rendszerben);nő;nappali;magyar nyelv és irodalom;közép;rendes;Igen;magyar;4;65;60;megjelent;31;8;10;9;0;2;60;-;-;-;-
2020;1;Bács-Kiskun;12;szakgimnázium/szakközépiskola (2016.09.01-től kifutó rendszerben);nő;nappali;magyar nyelv és irodalom;közép;rendes;Nem;magyar;4;65;65;megjelent;33;7;14;9;0;2;65;-;-;-;-
2020;1;Bács-Kiskun;12;szakgimnázium/szakközépiskola (2016.09.01-től kifutó rendszerben);nő;nappali;magyar nyelv és irodalom;közép;rendes;Nem;magyar;5;84;84;megjelent;37;10;20;13;3;1;84;-;-;-;-
2020;1;Bács-Kiskun;12;szakgimnázium/szakközépiskola (2016.09.01-től kifutó rendszerben);nő;nappali;magyar nyelv és irodalom;közép;rendes;Nem;magyar;3;52;52;megjelent;28;4;10;9;0;1;52;-;-;-;-
2020;1;Bács-Kiskun;12;szakgimnázium/szakközépiskola (2016.09.01-től kifutó rendszerben);nő;nappali;magyar nyelv és irodalom;közép;rendes;Nem;magyar;4;76;76;megjelent;34;10;16;12;3;1;76;-;-;-;-
2020;1;Bács-Kiskun;12;szakgimnázium/szakközépiskola (2016.09.01-től kifutó rendszerben);nő;nappali;magyar nyelv és irodalom;közép;rendes;Nem;magyar;4;64;64;megjelent;31;9;12;9;1;2;64;-;-;-;-
2020;1;Bács-Kiskun;12;szakgimnázium/szakközépiskola (2016.09.01-től kifutó rendszerben);nő;nappali;magyar nyelv és irodalom;közép;rendes;Nem;magyar;4;61;61;megjelent;28;7;14;10;0;2;61;-;-;-;-
2020;1;Bács-Kiskun;12;szakgimnázium/szakközépiskola (2016.09.01-től kifutó rendszerben);nő;nappali;magyar nyelv és irodalom;közép;rendes;Nem;magyar;4;62;62;megjelent;24;9;12;9;6;2;62;-;-;-;-
2020;1;Bács-Kiskun;12;szakgimnázium/szakközépiskola (2016.09.01-től kifutó rendszerben);nő;nappali;magyar nyelv és irodalom;közép;rendes;Nem;magyar;4;73;73;megjelent;33;9;14;9;6;2;73;-;-;-;-
2020;1;Bács-Kiskun;12;szakgimnázium/szakközépiskola (2016.09.01-től kifutó rendszerben);nő;nappali;magyar nyelv és irodalom;közép;rendes;Nem;magyar;5;85;85;megjelent;36;10;18;12;7;2;85;-;-;-;-
2020;1;Bács-Kiskun;12;szakgimnázium/szakközépiskola (2016.09.01-től kifutó rendszerben);nő;nappali;magyar nyelv és irodalom;közép;rendes;Nem;magyar;4;62;62;megjelent;31;7;14;9;0;1;62;-;-;-;-
2020;1;Bács-Kiskun;12;szakgimnázium/szakközépiskola (2016.09.01-től kifutó rendszerben);nő;nappali;magyar nyelv és irodalom;közép;rendes;Nem;magyar;3;54;54;megjelent;28;3;14;5;3;1;54;-;-;-;-
2020;1;Bács-Kiskun;12;szakgimnázium/szakközépiskola (2016.09.01-től kifutó rendszerben);férfi;nappali;magyar nyelv és irodalom;közép;rendes;Nem;magyar;4;63;63;megjelent;25;9;12;10;5;2;63;-;-;-;-
2020;1;Bács-Kiskun;12;szakgimnázium/szakközépiskola (2016.09.01-től kifutó rendszerben);férfi;nappali;magyar nyelv és irodalom;közép;rendes;Nem;magyar;2;39;39;megjelent;19;6;4;9;0;1;39;-;-;-;-
2020;1;Bács-Kiskun;12;szakgimnázium/szakközépiskola (2016.09.01-től kifutó rendszerben);férfi;nappali;magyar nyelv és irodalom;közép;rendes;Nem;magyar;3;57;57;megjelent;27;8;9;10;2;1;57;-;-;-;-
2020;1;Bács-Kiskun;12;szakgimnázium/szakközépiskola (2016.09.01-től kifutó rendszerben);férfi;nappali;magyar nyelv és irodalom;közép;rendes;Nem;magyar;3;45;45;megjelent;22;7;8;6;0;2;45;-;-;-;-
2020;1;Bács-Kiskun;12;szakgimnázium/szakközépiskola (2016.09.01-től kifutó rendszerben);férfi;nappali;magyar nyelv és irodalom;közép;rendes;Igen;magyar;3;47;44;megjelent;26;4;7;6;0;1;44;-;-;-;-
2020;1;Bács-Kiskun;12;szakgimnázium/szakközépiskola (2016.09.01-től kifutó rendszerben);férfi;nappali;magyar nyelv és irodalom;közép;rendes;Nem;magyar;3;50;50;megjelent;24;8;7;10;0;1;50;-;-;-;-
2020;1;Bács-Kiskun;12;szakgimnázium/szakközépiskola (2016.09.01-től kifutó rendszerben);férfi;nappali;magyar nyelv és irodalom;közép;rendes;Nem;magyar;4;63;63;megjelent;21;7;18;10;6;1;63;-;-;-;-
2020;1;Bács-Kiskun;12;szakgimnázium/szakközépiskola (2016.09.01-től kifutó rendszerben);férfi;nappali;magyar nyelv és irodalom;közép;rendes;Nem;magyar;3;54;54;megjelent;29;8;9;7;0;1;54;-;-;-;-
2020;1;Bács-Kiskun;12;szakgimnázium/szakközépiskola (2016.09.01-től kifutó rendszerben);férfi;nappali;magyar nyelv és irodalom;közép;rendes;Nem;magyar;4;65;65;megjelent;26;9;17;11;0;2;65;-;-;-;-
2020;1;Bács-Kiskun;12;szakgimnázium/szakközépiskola (2016.09.01-től kifutó rendszerben);férfi;nappali;magyar nyelv és irodalom;közép;rendes;Nem;magyar;3;56;56;megjelent;31;8;7;10;0;0;56;-;-;-;-
2020;1;Bács-Kiskun;12;szakgimnázium/szakközépiskola (2016.09.01-től kifutó rendszerben);férfi;nappali;magyar nyelv és irodalom;közép;rendes;Nem;magyar;2;37;37;megjelent;22;6;4;5;0;0;37;-;-;-;-
2020;1;Bács-Kiskun;12;szakgimnázium/szakközépiskola (2016.09.01-től kifutó rendszerben);férfi;nappali;magyar nyelv és irodalom;közép;rendes;Nem;magyar;2;38;38;megjelent;20;8;4;5;0;1;38;-;-;-;-
2020;1;Bács-Kiskun;12;szakgimnázium/szakközépiskola (2016.09.01-től kifutó rendszerben);férfi;nappali;magyar nyelv és irodalom;közép;rendes;Nem;magyar;4;60;60;megjelent;25;8;17;10;0;0;60;-;-;-;-
2020;1;Bács-Kiskun;12;szakgimnázium/szakközépiskola (2016.09.01-től kifutó rendszerben);férfi;nappali;magyar nyelv és irodalom;közép;rendes;Nem;magyar;4;64;64;megjelent;28;9;12;10;4;1;64;-;-;-;-
2020;1;Bács-Kiskun;12;szakgimnázium/szakközépiskola (2016.09.01-től kifutó rendszerben);férfi;nappali;magyar nyelv és irodalom;közép;rendes;Nem;magyar;3;57;57;megjelent;27;8;12;9;0;1;57;-;-;-;-
2020;1;Bács-Kiskun;12;szakgimnázium/szakközépiskola (2016.09.01-től kifutó rendszerben);férfi;nappali;magyar nyelv és irodalom;közép;rendes;Nem;magyar;3;46;46;megjelent;24;9;6;6;0;1;46;-;-;-;-
2020;1;Bács-Kiskun;12;gimnázium;nő;nappali;magyar nyelv és irodalom;közép;rendes;Nem;magyar;5;91;91;megjelent;36;10;25;15;3;2;91;-;-;-;-
2020;1;Bács-Kiskun;12;szakgimnázium/szakközépiskola (2016.09.01-től kifutó rendszerben);nő;nappali;magyar nyelv és irodalom;közép;rendes;Nem;magyar;5;80;80;megjelent;35;8;19;10;6;2;80;-;-;-;-
2020;1;Bács-Kiskun;12;gimnázium;nő;nappali;magyar nyelv és irodalom;közép;rendes;Nem;magyar;5;81;81;megjelent;35;10;17;9;8;2;81;-;-;-;-
2020;1;Bács-Kiskun;12;gimnázium;nő;nappali;magyar nyelv és irodalom;közép;rendes;Nem;magyar;5;97;97;megjelent;39;10;24;14;8;2;97;-;-;-;-
2020;1;Bács-Kiskun;12;gimnázium;nő;nappali;magyar nyelv és irodalom;közép;rendes;Nem;magyar;5;82;82;megjelent;34;6;21;11;8;2;82;-;-;-;-
2020;1;Bács-Kiskun;12;gimnázium;férfi;nappali;magyar nyelv és irodalom;közép;rendes;Nem;magyar;3;52;52;megjelent;25;7;10;8;0;2;52;-;-;-;-
2020;1;Bács-Kiskun;12;gimnázium;férfi;nappali;magyar nyelv és irodalom;közép;rendes;Nem;magyar;4;70;70;megjelent;37;5;12;9;5;2;70;-;-;-;-
2020;1;Bács-Kiskun;12;gimnázium;nő;nappali;magyar nyelv és irodalom;közép;rendes;Nem;magyar;4;68;68;megjelent;37;8;12;9;0;2;68;-;-;-;-
2020;1;Bács-Kiskun;12;gimnázium;nő;nappali;magyar nyelv és irodalom;közép;rendes;Nem;magyar;5;98;98;megjelent;39;10;24;15;8;2;98;-;-;-;-
2020;1;Bács-Kiskun;12;gimnázium;férfi;nappali;magyar nyelv és irodalom;közép;rendes;Nem;magyar;5;97;97;megjelent;38;10;25;14;8;2;97;-;-;-;-
2020;1;Bács-Kiskun;12;gimnázium;nő;nappali;magyar nyelv és irodalom;közép;rendes;Nem;magyar;4;60;60;megjelent;28;6;17;7;0;2;60;-;-;-;-
2020;1;Bács-Kiskun;12;gimnázium;nő;nappali;magyar nyelv és irodalom;közép;rendes;Nem;magyar;5;94;94;megjelent;34;10;25;15;8;2;94;-;-;-;-
2020;1;Bács-Kiskun;12;szakgimnázium/szakközépiskola (2016.09.01-től kifutó rendszerben);nő;nappali;magyar nyelv és irodalom;közép;rendes;Nem;magyar;4;65;65;megjelent;34;5;10;7;7;2;65;-;-;-;-
2020;1;Bács-Kiskun;12;gimnázium;férfi;nappali;magyar nyelv és irodalom;közép;rendes;Nem;magyar;5;92;92;megjelent;36;9;24;13;8;2;92;-;-;-;-
2020;1;Bács-Kiskun;12;szakgimnázium/szakközépiskola (2016.09.01-től kifutó rendszerben);nő;nappali;magyar nyelv és irodalom;közép;rendes;Nem;magyar;5;82;82;megjelent;35;9;19;10;7;2;82;-;-;-;-
2020;1;Bács-Kiskun;12;gimnázium;férfi;nappali;magyar nyelv és irodalom;közép;rendes;Nem;magyar;5;93;93;megjelent;35;10;24;15;7;2;93;-;-;-;-
2020;1;Bács-Kiskun;12;gimnázium;nő;nappali;magyar nyelv és irodalom;közép;rendes;Nem;magyar;5;87;87;megjelent;38;10;20;15;2;2;87;-;-;-;-
2020;1;Bács-Kiskun;12;gimnázium;férfi;nappali;magyar nyelv és irodalom;közép;rendes;Nem;magyar;5;91;91;megjelent;35;9;24;13;8;2;91;-;-;-;-
2020;1;Bács-Kiskun;12;gimnázium;férfi;nappali;magyar nyelv és irodalom;közép;rendes;Nem;magyar;5;82;82;megjelent;37;10;23;11;0;1;82;-;-;-;-
2020;1;Bács-Kiskun;12;gimnázium;nő;nappali;magyar nyelv és irodalom;közép;rendes;Nem;magyar;5;96;96;megjelent;39;10;25;14;6;2;96;-;-;-;-
2020;1;Bács-Kiskun;12;gimnázium;nő;nappali;magyar nyelv és irodalom;közép;rendes;Nem;magyar;5;99;99;megjelent;39;10;25;15;8;2;99;-;-;-;-
2020;1;Bács-Kiskun;12;gimnázium;nő;nappali;magyar nyelv és irodalom;közép;rendes;Nem;magyar;5;96;96;megjelent;40;9;25;14;7;1;96;-;-;-;-
2020;1;Bács-Kiskun;12;gimnázium;férfi;nappali;magyar nyelv és irodalom;közép;rendes;Nem;magyar;4;63;63;megjelent;32;9;12;9;0;1;63;-;-;-;-
2020;1;Bács-Kiskun;12;szakgimnázium/szakközépiskola (2016.09.01-től kifutó rendszerben);nő;nappali;magyar nyelv és irodalom;közép;rendes;Nem;magyar;3;53;53;megjelent;28;8;5;6;4;2;53;-;-;-;-
2020;1;Bács-Kiskun;12;gimnázium;nő;nappali;magyar nyelv és irodalom;közép;rendes;Nem;magyar;5;97;97;megjelent;38;10;25;14;8;2;97;-;-;-;-
2020;1;Bács-Kiskun;12;gimnázium;férfi;nappali;magyar nyelv és irodalom;közép;rendes;Nem;magyar;5;88;88;megjelent;38;5;24;13;6;2;88;-;-;-;-
2020;1;Bács-Kiskun;12;szakgimnázium/szakközépiskola (2016.09.01-től kifutó rendszerben);nő;nappali;magyar nyelv és irodalom;közép;rendes;Nem;magyar;3;41;41;megjelent;21;5;8;6;0;1;41;-;-;-;-
2020;1;Bács-Kiskun;12;gimnázium;nő;nappali;magyar nyelv és irodalom;közép;rendes;Nem;magyar;5;97;97;megjelent;37;10;25;15;8;2;97;-;-;-;-
2020;1;Bács-Kiskun;12;gimnázium;nő;nappali;magyar nyelv és irodalom;közép;rendes;Nem;magyar;3;56;56;megjelent;33;7;8;6;0;2;56;-;-;-;-
2020;1;Bács-Kiskun;12;szakgimnázium/szakközépiskola (2016.09.01-től kifutó rendszerben);férfi;nappali;magyar nyelv és irodalom;közép;rendes;Nem;magyar;4;70;70;megjelent;35;9;10;8;7;1;70;-;-;-;-
2020;1;Bács-Kiskun;12;szakgimnázium/szakközépiskola (2016.09.01-től kifutó rendszerben);férfi;nappali;magyar nyelv és irodalom;közép;rendes;Nem;magyar;3;53;53;megjelent;28;8;9;6;0;2;53;-;-;-;-
2020;1;Bács-Kiskun;12;gimnázium;nő;nappali;magyar nyelv és irodalom;közép;rendes;Nem;magyar;5;94;94;megjelent;35;10;25;15;7;2;94;-;-;-;-
2020;1;Bács-Kiskun;12;gimnázium;nő;nappali;magyar nyelv és irodalom;közép;rendes;Nem;magyar;5;93;93;megjelent;35;10;25;15;6;2;93;-;-;-;-
2020;1;Bács-Kiskun;12;gimnázium;nő;nappali;magyar nyelv és irodalom;közép;rendes;Nem;magyar;3;44;44;megjelent;22;5;8;6;1;2;44;-;-;-;-
2020;1;Bács-Kiskun;12;gimnázium;nő;nappali;magyar nyelv és irodalom;közép;rendes;Nem;magyar;4;61;61;megjelent;28;7;10;7;7;2;61;-;-;-;-
2020;1;Bács-Kiskun;12;gimnázium;férfi;nappali;magyar nyelv és irodalom;közép;rendes;Nem;magyar;4;61;61;megjelent;32;3;12;9;3;2;61;-;-;-;-
2020;1;Bács-Kiskun;12;szakgimnázium/szakközépiskola (2016.09.01-től kifutó rendszerben);nő;nappali;magyar nyelv és irodalom;közép;rendes;Nem;magyar;4;64;64;megjelent;31;9;14;8;0;2;64;-;-;-;-
2020;1;Bács-Kiskun;12;gimnázium;férfi;nappali;magyar nyelv és irodalom;közép;rendes;Nem;magyar;5;81;81;megjelent;36;9;19;9;7;1;81;-;-;-;-
2020;1;Bács-Kiskun;12;gimnázium;nő;nappali;magyar nyelv és irodalom;közép;rendes;Nem;magyar;4;64;64;megjelent;30;7;16;10;0;1;64;-;-;-;-
2020;1;Bács-Kiskun;12;gimnázium;nő;nappali;magyar nyelv és irodalom;közép;rendes;Nem;magyar;4;71;71;megjelent;31;10;13;9;6;2;71;-;-;-;-
2020;1;Bács-Kiskun;12;gimnázium;nő;nappali;magyar nyelv és irodalom;közép;rendes;Nem;magyar;4;66;66;megjelent;32;8;15;9;0;2;66;-;-;-;-
2020;1;Bács-Kiskun;12;gimnázium;férfi;nappali;magyar nyelv és irodalom;közép;rendes;Igen;magyar;4;66;33;megjelent;-;-;-;-;-;-;-;20;7;6;33
2020;1;Bács-Kiskun;12;szakgimnázium/szakközépiskola (2016.09.01-től kifutó rendszerben);nő;nappali;magyar nyelv és irodalom;közép;rendes;Nem;magyar;4;62;62;megjelent;29;8;14;8;1;2;62;-;-;-;-
2020;1;Bács-Kiskun;12;szakgimnázium/szakközépiskola (2016.09.01-től kifutó rendszerben);nő;nappali;magyar nyelv és irodalom;közép;rendes;Nem;magyar;4;68;68;megjelent;33;6;15;8;4;2;68;-;-;-;-
2020;1;Bács-Kiskun;12;szakgimnázium/szakközépiskola (2016.09.01-től kifutó rendszerben);nő;nappali;magyar nyelv és irodalom;közép;rendes;Nem;magyar;4;70;70;megjelent;33;9;17;8;1;2;70;-;-;-;-
2020;1;Bács-Kiskun;12;gimnázium;férfi;nappali;magyar nyelv és irodalom;közép;rendes;Nem;magyar;5;80;80;megjelent;33;7;20;10;8;2;80;-;-;-;-
2020;1;Bács-Kiskun;12;szakgimnázium/szakközépiskola (2016.09.01-től kifutó rendszerben);nő;nappali;magyar nyelv és irodalom;közép;rendes;Nem;magyar;4;62;62;megjelent;30;6;14;10;0;2;62;-;-;-;-
2020;1;Bács-Kiskun;12;szakgimnázium/szakközépiskola (2016.09.01-től kifutó rendszerben);nő;nappali;magyar nyelv és irodalom;közép;rendes;Igen;magyar;4;66;61;megjelent;29;5;15;10;0;2;61;-;-;-;-
2020;1;Bács-Kiskun;12;szakgimnázium/szakközépiskola (2016.09.01-től kifutó rendszerben);nő;nappali;magyar nyelv és irodalom;közép;rendes;Nem;magyar;3;52;52;megjelent;36;5;2;4;3;2;52;-;-;-;-
2020;1;Bács-Kiskun;12;gimnázium;férfi;nappali;magyar nyelv és irodalom;közép;rendes;Nem;magyar;5;88;88;megjelent;32;9;23;15;7;2;88;-;-;-;-
2020;1;Bács-Kiskun;12;szakgimnázium/szakközépiskola (2016.09.01-től kifutó rendszerben);férfi;nappali;magyar nyelv és irodalom;közép;rendes;Nem;magyar;3;49;49;megjelent;19;4;16;9;0;1;49;-;-;-;-
2020;1;Bács-Kiskun;12;szakgimnázium/szakközépiskola (2016.09.01-től kifutó rendszerben);férfi;nappali;magyar nyelv és irodalom;közép;rendes;Nem;magyar;4;70;70;megjelent;28;6;20;14;0;2;70;-;-;-;-
2020;1;Bács-Kiskun;12;szakgimnázium/szakközépiskola (2016.09.01-től kifutó rendszerben);nő;nappali;magyar nyelv és irodalom;közép;rendes;Nem;magyar;4;75;75;megjelent;30;9;18;13;3;2;75;-;-;-;-
2020;1;Bács-Kiskun;12;szakgimnázium/szakközépiskola (2016.09.01-től kifutó rendszerben);nő;nappali;magyar nyelv és irodalom;közép;rendes;Nem;magyar;4;60;60;megjelent;29;7;14;9;0;1;60;-;-;-;-
2020;1;Bács-Kiskun;12;gimnázium;nő;nappali;magyar nyelv és irodalom;közép;rendes;Nem;magyar;5;91;91;megjelent;36;10;25;15;3;2;91;-;-;-;-
2020;1;Bács-Kiskun;12;gimnázium;nő;nappali;magyar nyelv és irodalom;közép;rendes;Nem;magyar;3;53;53;megjelent;25;3;14;9;0;2;53;-;-;-;-
2020;1;Bács-Kiskun;12;gimnázium;férfi;nappali;magyar nyelv és irodalom;közép;rendes;Igen;magyar;2;32;16;megjelent;-;-;-;-;-;-;-;4;6;6;16
2020;1;Bács-Kiskun;12;gimnázium;férfi;nappali;magyar nyelv és irodalom;közép;rendes;Igen;magyar;3;52;26;megjelent;-;-;-;-;-;-;-;9;7;10;26
2020;1;Bács-Kiskun;12;gimnázium;nő;nappali;magyar nyelv és irodalom;közép;rendes;Nem;magyar;5;80;80;megjelent;29;10;21;15;3;2;80;-;-;-;-
2020;1;Bács-Kiskun;12;szakgimnázium/szakközépiskola (2016.09.01-től kifutó rendszerben);nő;nappali;magyar nyelv és irodalom;közép;rendes;Nem;magyar;4;62;62;megjelent;35;8;11;6;0;2;62;-;-;-;-
2020;1;Bács-Kiskun;12;gimnázium;férfi;nappali;magyar nyelv és irodalom;közép;rendes;Nem;magyar;4;78;78;megjelent;30;9;19;12;6;2;78;-;-;-;-
2020;1;Bács-Kiskun;12;szakgimnázium/szakközépiskola (2016.09.01-től kifutó rendszerben);nő;nappali;magyar nyelv és irodalom;közép;rendes;Nem;magyar;3;51;51;megjelent;26;6;8;9;0;2;51;-;-;-;-
2020;1;Bács-Kiskun;12;gimnázium;nő;nappali;magyar nyelv és irodalom;közép;rendes;Nem;magyar;5;93;93;megjelent;38;10;22;14;7;2;93;-;-;-;-
2020;1;Bács-Kiskun;12;gimnázium;nő;nappali;magyar nyelv és irodalom;közép;rendes;Nem;magyar;5;97;97;megjelent;37;10;25;15;8;2;97;-;-;-;-
2020;1;Bács-Kiskun;12;gimnázium;férfi;nappali;magyar nyelv és irodalom;közép;rendes;Nem;magyar;5;99;99;megjelent;40;10;25;15;7;2;99;-;-;-;-
2020;1;Bács-Kiskun;13;szakközép;nő;nappali;magyar nyelv és irodalom;közép;rendes;Nem;magyar;3;52;52;megjelent;23;8;11;8;0;2;52;-;-;-;-
2020;1;Bács-Kiskun;12;gimnázium;nő;nappali;magyar nyelv és irodalom;közép;rendes;Nem;magyar;5;81;81;megjelent;33;9;19;12;6;2;81;-;-;-;-
2020;1;Bács-Kiskun;12;szakgimnázium/szakközépiskola (2016.09.01-től kifutó rendszerben);nő;nappali;magyar nyelv és irodalom;közép;rendes;Nem;magyar;3;56;56;megjelent;28;7;11;7;1;2;56;-;-;-;-
2020;1;Bács-Kiskun;12;gimnázium;férfi;nappali;magyar nyelv és irodalom;közép;rendes;Nem;magyar;5;91;91;megjelent;36;9;25;14;5;2;91;-;-;-;-
2020;1;Bács-Kiskun;12;gimnázium;férfi;nappali;magyar nyelv és irodalom;közép;rendes;Nem;magyar;5;88;88;megjelent;36;9;19;15;7;2;88;-;-;-;-
2020;1;Bács-Kiskun;12;szakgimnázium/szakközépiskola (2016.09.01-től kifutó rendszerben);nő;nappali;magyar nyelv és irodalom;közép;rendes;Nem;magyar;4;69;69;megjelent;32;9;16;10;0;2;69;-;-;-;-
2020;1;Bács-Kiskun;12;gimnázium;férfi;nappali;magyar nyelv és irodalom;közép;rendes;Igen;magyar;4;75;75;megjelent;33;9;20;12;0;1;75;-;-;-;-
2020;1;Bács-Kiskun;12;gimnázium;férfi;nappali;magyar nyelv és irodalom;közép;rendes;Nem;magyar;3;58;58;megjelent;30;7;12;7;0;2;58;-;-;-;-
2020;1;Bács-Kiskun;12;szakgimnázium/szakközépiskola (2016.09.01-től kifutó rendszerben);férfi;nappali;magyar nyelv és irodalom;közép;rendes;Nem;magyar;2;31;31;megjelent;13;2;10;6;0;0;31;-;-;-;-
2020;1;Bács-Kiskun;12;gimnázium;nő;nappali;magyar nyelv és irodalom;közép;rendes;Nem;magyar;3;55;55;megjelent;25;6;14;8;0;2;55;-;-;-;-
2020;1;Bács-Kiskun;12;szakgimnázium/szakközépiskola (2016.09.01-től kifutó rendszerben);férfi;nappali;magyar nyelv és irodalom;közép;rendes;Nem;magyar;3;46;46;megjelent;25;3;10;7;0;1;46;-;-;-;-
2020;1;Bács-Kiskun;12;gimnázium;férfi;nappali;magyar nyelv és irodalom;közép;rendes;Nem;magyar;5;80;80;megjelent;36;9;23;12;0;0;80;-;-;-;-
2020;1;Bács-Kiskun;12;gimnázium;férfi;nappali;magyar nyelv és irodalom;közép;rendes;Nem;magyar;3;52;52;megjelent;25;3;16;8;0;0;52;-;-;-;-
2020;1;Bács-Kiskun;12;gimnázium;nő;nappali;magyar nyelv és irodalom;közép;rendes;Nem;magyar;3;53;53;megjelent;20;6;14;9;2;2;53;-;-;-;-
2020;1;Bács-Kiskun;12;gimnázium;férfi;nappali;magyar nyelv és irodalom;közép;rendes;Nem;magyar;4;76;76;megjelent;34;10;23;9;0;0;76;-;-;-;-
2020;1;Bács-Kiskun;12;gimnázium;férfi;nappali;magyar nyelv és irodalom;közép;rendes;Nem;magyar;3;50;50;megjelent;19;6;14;11;0;0;50;-;-;-;-
2020;1;Bács-Kiskun;12;szakgimnázium/szakközépiskola (2016.09.01-től kifutó rendszerben);férfi;nappali;magyar nyelv és irodalom;közép;rendes;Nem;magyar;3;46;46;megjelent;24;0;11;9;0;2;46;-;-;-;-
2020;1;Bács-Kiskun;12;gimnázium;férfi;nappali;magyar nyelv és irodalom;közép;rendes;Nem;magyar;4;76;76;megjelent;33;6;21;13;2;1;76;-;-;-;-
2020;1;Bács-Kiskun;12;gimnázium;férfi;nappali;magyar nyelv és irodalom;közép;rendes;Nem;magyar;3;54;54;megjelent;27;0;15;11;0;1;54;-;-;-;-
2020;1;Bács-Kiskun;12;gimnázium;nő;nappali;magyar nyelv és irodalom;közép;rendes;Nem;magyar;5;90;90;megjelent;37;10;21;14;6;2;90;-;-;-;-
2020;1;Bács-Kiskun;12;gimnázium;nő;nappali;magyar nyelv és irodalom;közép;rendes;Nem;magyar;5;81;81;megjelent;32;9;25;13;0;2;81;-;-;-;-
2020;1;Bács-Kiskun;12;gimnázium;nő;nappali;magyar nyelv és irodalom;közép;rendes;Nem;magyar;4;76;76;megjelent;33;6;17;12;6;2;76;-;-;-;-
2020;1;Bács-Kiskun;12;gimnázium;nő;nappali;magyar nyelv és irodalom;közép;rendes;Nem;magyar;4;70;70;megjelent;26;6;17;13;6;2;70;-;-;-;-
2020;1;Bács-Kiskun;12;gimnázium;nő;nappali;magyar nyelv és irodalom;közép;rendes;Nem;magyar;5;81;81;megjelent;34;10;19;13;3;2;81;-;-;-;-
2020;1;Bács-Kiskun;12;gimnázium;férfi;nappali;magyar nyelv és irodalom;közép;rendes;Nem;magyar;4;66;66;megjelent;34;5;14;12;0;1;66;-;-;-;-
2020;1;Bács-Kiskun;12;gimnázium;nő;nappali;magyar nyelv és irodalom;közép;rendes;Nem;magyar;4;60;60;megjelent;28;7;13;10;0;2;60;-;-;-;-
2020;1;Bács-Kiskun;12;gimnázium;nő;nappali;magyar nyelv és irodalom;közép;rendes;Nem;magyar;5;91;91;megjelent;33;10;25;15;7;1;91;-;-;-;-
2020;1;Bács-Kiskun;12;gimnázium;nő;nappali;magyar nyelv és irodalom;közép;rendes;Nem;magyar;5;80;80;megjelent;32;9;17;14;6;2;80;-;-;-;-
2020;1;Bács-Kiskun;12;gimnázium;férfi;nappali;magyar nyelv és irodalom;közép;rendes;Nem;magyar;4;67;67;megjelent;33;6;16;10;0;2;67;-;-;-;-
2020;1;Bács-Kiskun;12;gimnázium;férfi;nappali;magyar nyelv és irodalom;közép;rendes;Nem;magyar;4;65;65;megjelent;25;8;15;10;5;2;65;-;-;-;-
2020;1;Bács-Kiskun;12;szakgimnázium/szakközépiskola (2016.09.01-től kifutó rendszerben);nő;nappali;magyar nyelv és irodalom;közép;rendes;Nem;magyar;4;71;71;megjelent;33;6;17;14;0;1;71;-;-;-;-
2020;1;Bács-Kiskun;12;gimnázium;nő;nappali;magyar nyelv és irodalom;közép;rendes;Nem;magyar;5;81;81;megjelent;34;8;19;14;4;2;81;-;-;-;-
2020;1;Bács-Kiskun;12;gimnázium;nő;nappali;magyar nyelv és irodalom;közép;rendes;Nem;magyar;5;88;88;megjelent;34;10;25;15;2;2;88;-;-;-;-
2020;1;Bács-Kiskun;12;gimnázium;férfi;nappali;magyar nyelv és irodalom;közép;rendes;Nem;magyar;5;97;97;megjelent;40;10;25;14;6;2;97;-;-;-;-
2020;1;Bács-Kiskun;12;gimnázium;férfi;nappali;magyar nyelv és irodalom;közép;rendes;Nem;magyar;5;98;98;megjelent;39;10;25;14;8;2;98;-;-;-;-
2020;1;Bács-Kiskun;12;gimnázium;férfi;nappali;magyar nyelv és irodalom;közép;rendes;Nem;magyar;5;89;89;megjelent;36;10;25;15;1;2;89;-;-;-;-
2020;1;Bács-Kiskun;12;gimnázium;nő;nappali;magyar nyelv és irodalom;közép;rendes;Nem;magyar;5;97;97;megjelent;39;10;25;15;6;2;97;-;-;-;-
2020;1;Bács-Kiskun;12;gimnázium;férfi;nappali;magyar nyelv és irodalom;közép;rendes;Nem;magyar;5;89;89;megjelent;33;10;25;14;5;2;89;-;-;-;-
2020;1;Bács-Kiskun;12;gimnázium;nő;nappali;magyar nyelv és irodalom;közép;rendes;Nem;magyar;4;78;78;megjelent;33;10;22;12;0;1;78;-;-;-;-
2020;1;Bács-Kiskun;12;szakgimnázium/szakközépiskola (2016.09.01-től kifutó rendszerben);férfi;nappali;magyar nyelv és irodalom;közép;rendes;Nem;magyar;3;53;53;megjelent;25;7;12;9;0;0;53;-;-;-;-
2020;1;Bács-Kiskun;12;szakgimnázium/szakközépiskola (2016.09.01-től kifutó rendszerben);férfi;nappali;magyar nyelv és irodalom;közép;rendes;Nem;magyar;3;53;53;megjelent;27;5;11;9;0;1;53;-;-;-;-
2020;1;Bács-Kiskun;12;szakgimnázium/szakközépiskola (2016.09.01-től kifutó rendszerben);férfi;nappali;magyar nyelv és irodalom;közép;rendes;Nem;magyar;3;47;47;megjelent;23;3;11;9;0;1;47;-;-;-;-
2020;1;Bács-Kiskun;12;gimnázium;nő;nappali;magyar nyelv és irodalom;közép;rendes;Nem;magyar;5;94;94;megjelent;36;10;25;15;6;2;94;-;-;-;-
2020;1;Bács-Kiskun;12;gimnázium;nő;nappali;magyar nyelv és irodalom;közép;rendes;Nem;magyar;4;77;77;megjelent;31;9;19;12;4;2;77;-;-;-;-
2020;1;Bács-Kiskun;12;szakgimnázium/szakközépiskola (2016.09.01-től kifutó rendszerben);férfi;nappali;magyar nyelv és irodalom;közép;rendes;Nem;magyar;2;33;33;megjelent;17;5;5;6;0;0;33;-;-;-;-
2020;1;Bács-Kiskun;12;gimnázium;nő;nappali;magyar nyelv és irodalom;közép;rendes;Nem;magyar;5;91;91;megjelent;35;10;25;13;6;2;91;-;-;-;-
2020;1;Bács-Kiskun;12;szakgimnázium/szakközépiskola (2016.09.01-től kifutó rendszerben);férfi;nappali;magyar nyelv és irodalom;közép;rendes;Nem;magyar;3;46;46;megjelent;20;7;10;8;0;1;46;-;-;-;-
2020;1;Bács-Kiskun;12;szakgimnázium/szakközépiskola (2016.09.01-től kifutó rendszerben);férfi;nappali;magyar nyelv és irodalom;közép;rendes;Nem;magyar;3;44;44;megjelent;23;3;10;8;0;0;44;-;-;-;-
2020;1;Bács-Kiskun;12;gimnázium;nő;nappali;magyar nyelv és irodalom;közép;rendes;Nem;magyar;5;81;81;megjelent;32;8;19;15;5;2;81;-;-;-;-
2020;1;Bács-Kiskun;12;gimnázium;férfi;nappali;magyar nyelv és irodalom;közép;rendes;Nem;magyar;5;81;81;megjelent;32;10;21;14;2;2;81;-;-;-;-
2020;1;Bács-Kiskun;12;gimnázium;nő;nappali;magyar nyelv és irodalom;közép;rendes;Nem;magyar;5;92;92;megjelent;34;10;23;15;8;2;92;-;-;-;-
2020;1;Bács-Kiskun;12;gimnázium;férfi;nappali;magyar nyelv és irodalom;közép;rendes;Nem;magyar;4;76;76;megjelent;30;9;22;13;0;2;76;-;-;-;-
2020;1;Bács-Kiskun;12;gimnázium;férfi;nappali;magyar nyelv és irodalom;közép;rendes;Nem;magyar;5;87;87;megjelent;32;9;21;15;8;2;87;-;-;-;-
2020;1;Bács-Kiskun;12;gimnázium;férfi;nappali;magyar nyelv és irodalom;közép;rendes;Nem;magyar;4;71;71;megjelent;34;10;7;10;8;2;71;-;-;-;-
2020;1;Bács-Kiskun;12;gimnázium;férfi;nappali;magyar nyelv és irodalom;közép;rendes;Nem;magyar;5;87;87;megjelent;35;9;20;15;6;2;87;-;-;-;-
2020;1;Bács-Kiskun;12;gimnázium;férfi;nappali;magyar nyelv és irodalom;közép;rendes;Nem;magyar;5;89;89;megjelent;35;8;21;15;8;2;89;-;-;-;-
2020;1;Bács-Kiskun;12;gimnázium;férfi;nappali;magyar nyelv és irodalom;közép;rendes;Nem;magyar;5;94;94;megjelent;38;10;24;15;5;2;94;-;-;-;-
2020;1;Bács-Kiskun;12;gimnázium;férfi;nappali;magyar nyelv és irodalom;közép;rendes;Nem;magyar;4;74;74;megjelent;30;9;19;14;0;2;74;-;-;-;-
2020;1;Bács-Kiskun;12;gimnázium;férfi;nappali;magyar nyelv és irodalom;közép;rendes;Nem;magyar;4;73;73;megjelent;30;10;18;13;0;2;73;-;-;-;-
2020;1;Bács-Kiskun;12;gimnázium;nő;nappali;magyar nyelv és irodalom;közép;rendes;Nem;magyar;5;81;81;megjelent;34;9;20;14;2;2;81;-;-;-;-
2020;1;Bács-Kiskun;12;gimnázium;nő;nappali;magyar nyelv és irodalom;közép;rendes;Nem;magyar;5;82;82;megjelent;31;9;22;13;5;2;82;-;-;-;-
2020;1;Bács-Kiskun;12;gimnázium;férfi;nappali;magyar nyelv és irodalom;közép;rendes;Nem;magyar;5;82;82;megjelent;34;9;23;13;2;1;82;-;-;-;-
2020;1;Bács-Kiskun;12;szakgimnázium/szakközépiskola (2016.09.01-től kifutó rendszerben);férfi;nappali;magyar nyelv és irodalom;közép;rendes;Nem;magyar;4;68;68;megjelent;31;10;16;10;0;1;68;-;-;-;-
2020;1;Bács-Kiskun;12;szakgimnázium/szakközépiskola (2016.09.01-től kifutó rendszerben);férfi;nappali;magyar nyelv és irodalom;közép;rendes;Nem;magyar;3;49;49;megjelent;25;5;10;8;0;1;49;-;-;-;-
2020;1;Bács-Kiskun;12;szakgimnázium/szakközépiskola (2016.09.01-től kifutó rendszerben);férfi;nappali;magyar nyelv és irodalom;közép;rendes;Nem;magyar;3;51;51;megjelent;28;5;10;8;0;0;51;-;-;-;-
2020;1;Bács-Kiskun;12;gimnázium;férfi;nappali;magyar nyelv és irodalom;közép;rendes;Nem;magyar;5;96;96;megjelent;39;10;24;14;7;2;96;-;-;-;-
2020;1;Bács-Kiskun;12;gimnázium;nő;nappali;magyar nyelv és irodalom;közép;rendes;Nem;magyar;5;83;83;megjelent;34;10;20;14;3;2;83;-;-;-;-
2020;1;Bács-Kiskun;12;szakgimnázium/szakközépiskola (2016.09.01-től kifutó rendszerben);nő;nappali;magyar nyelv és irodalom;közép;rendes;Nem;magyar;4;64;64;megjelent;31;6;10;8;7;2;64;-;-;-;-
2020;1;Bács-Kiskun;12;szakgimnázium/szakközépiskola (2016.09.01-től kifutó rendszerben);nő;nappali;magyar nyelv és irodalom;közép;rendes;Nem;magyar;3;50;50;megjelent;23;6;6;9;4;2;50;-;-;-;-
2020;1;Bács-Kiskun;12;szakgimnázium/szakközépiskola (2016.09.01-től kifutó rendszerben);nő;nappali;magyar nyelv és irodalom;közép;rendes;Nem;magyar;4;70;70;megjelent;23;8;17;13;7;2;70;-;-;-;-
2020;1;Bács-Kiskun;12;gimnázium;férfi;nappali;magyar nyelv és irodalom;közép;rendes;Nem;magyar;4;68;68;megjelent;29;8;16;13;0;2;68;-;-;-;-
2020;1;Bács-Kiskun;12;gimnázium;nő;nappali;magyar nyelv és irodalom;közép;rendes;Nem;magyar;4;73;73;megjelent;30;10;19;12;0;2;73;-;-;-;-
2020;1;Bács-Kiskun;12;gimnázium;nő;nappali;magyar nyelv és irodalom;közép;rendes;Nem;magyar;5;89;89;megjelent;35;10;19;15;8;2;89;-;-;-;-
2020;1;Bács-Kiskun;12;gimnázium;nő;nappali;magyar nyelv és irodalom;közép;rendes;Nem;magyar;5;82;82;megjelent;33;9;25;13;0;2;82;-;-;-;-
2020;1;Bács-Kiskun;12;gimnázium;nő;nappali;magyar nyelv és irodalom;közép;rendes;Nem;magyar;5;83;83;megjelent;30;9;19;15;8;2;83;-;-;-;-
2020;1;Bács-Kiskun;12;gimnázium;nő;nappali;magyar nyelv és irodalom;közép;rendes;Nem;magyar;5;89;89;megjelent;34;10;25;12;6;2;89;-;-;-;-
2020;1;Bács-Kiskun;12;gimnázium;férfi;nappali;magyar nyelv és irodalom;közép;rendes;Nem;magyar;3;54;54;megjelent;29;8;7;10;0;0;54;-;-;-;-
2020;1;Bács-Kiskun;12;gimnázium;nő;nappali;magyar nyelv és irodalom;közép;rendes;Nem;magyar;4;60;60;megjelent;31;7;6;12;2;2;60;-;-;-;-
2020;1;Bács-Kiskun;12;gimnázium;férfi;nappali;magyar nyelv és irodalom;közép;rendes;Nem;magyar;4;70;70;megjelent;30;9;13;10;6;2;70;-;-;-;-
2020;1;Bács-Kiskun;12;gimnázium;férfi;nappali;magyar nyelv és irodalom;közép;rendes;Nem;magyar;4;67;67;megjelent;27;9;16;13;0;2;67;-;-;-;-
2020;1;Bács-Kiskun;12;gimnázium;férfi;nappali;magyar nyelv és irodalom;közép;rendes;Nem;magyar;4;65;65;megjelent;28;6;18;11;0;2;65;-;-;-;-
2020;1;Bács-Kiskun;12;gimnázium;nő;nappali;magyar nyelv és irodalom;közép;rendes;Nem;magyar;5;88;88;megjelent;35;10;21;15;5;2;88;-;-;-;-
2020;1;Bács-Kiskun;12;gimnázium;férfi;nappali;magyar nyelv és irodalom;közép;rendes;Nem;magyar;5;88;88;megjelent;32;10;22;15;7;2;88;-;-;-;-
2020;1;Bács-Kiskun;12;gimnázium;férfi;nappali;magyar nyelv és irodalom;közép;rendes;Nem;magyar;4;64;64;megjelent;32;8;14;8;0;2;64;-;-;-;-
2020;1;Bács-Kiskun;12;gimnázium;férfi;nappali;magyar nyelv és irodalom;közép;rendes;Nem;magyar;4;75;75;megjelent;33;9;18;11;2;2;75;-;-;-;-
2020;1;Bács-Kiskun;12;gimnázium;nő;nappali;magyar nyelv és irodalom;közép;rendes;Nem;magyar;5;94;94;megjelent;37;8;25;15;7;2;94;-;-;-;-
2020;1;Bács-Kiskun;12;gimnázium;férfi;nappali;magyar nyelv és irodalom;közép;rendes;Nem;magyar;5;81;81;megjelent;36;8;21;13;1;2;81;-;-;-;-
2020;1;Bács-Kiskun;12;gimnázium;férfi;nappali;magyar nyelv és irodalom;közép;rendes;Nem;magyar;5;94;94;megjelent;38;10;25;14;5;2;94;-;-;-;-
2020;1;Bács-Kiskun;12;gimnázium;nő;nappali;magyar nyelv és irodalom;közép;rendes;Nem;magyar;5;84;84;megjelent;34;9;18;13;8;2;84;-;-;-;-
2020;1;Bács-Kiskun;12;gimnázium;férfi;nappali;magyar nyelv és irodalom;közép;rendes;Nem;magyar;5;86;86;megjelent;36;10;24;14;0;2;86;-;-;-;-
2020;1;Bács-Kiskun;12;gimnázium;nő;nappali;magyar nyelv és irodalom;közép;rendes;Nem;magyar;5;87;87;megjelent;36;7;20;15;7;2;87;-;-;-;-
2020;1;Bács-Kiskun;12;gimnázium;nő;nappali;magyar nyelv és irodalom;közép;rendes;Nem;magyar;5;90;90;megjelent;31;10;25;15;7;2;90;-;-;-;-
2020;1;Bács-Kiskun;12;gimnázium;nő;nappali;magyar nyelv és irodalom;közép;rendes;Nem;magyar;5;80;80;megjelent;32;9;22;14;1;2;80;-;-;-;-
2020;1;Bács-Kiskun;12;gimnázium;nő;nappali;magyar nyelv és irodalom;közép;rendes;Nem;magyar;5;93;93;megjelent;38;10;22;14;7;2;93;-;-;-;-
2020;1;Bács-Kiskun;12;gimnázium;nő;nappali;magyar nyelv és irodalom;közép;rendes;Nem;magyar;5;86;86;megjelent;34;9;19;14;8;2;86;-;-;-;-
2020;1;Bács-Kiskun;12;gimnázium;nő;nappali;magyar nyelv és irodalom;közép;rendes;Nem;magyar;5;84;84;megjelent;33;9;19;14;7;2;84;-;-;-;-
2020;1;Bács-Kiskun;12;gimnázium;nő;nappali;magyar nyelv és irodalom;közép;rendes;Nem;magyar;5;89;89;megjelent;39;10;20;12;6;2;89;-;-;-;-
2020;1;Bács-Kiskun;12;gimnázium;férfi;nappali;magyar nyelv és irodalom;közép;rendes;Nem;magyar;5;84;84;megjelent;37;9;20;13;4;1;84;-;-;-;-
2020;1;Bács-Kiskun;12;gimnázium;férfi;nappali;magyar nyelv és irodalom;közép;rendes;Nem;magyar;4;70;70;megjelent;30;7;19;12;0;2;70;-;-;-;-
2020;1;Bács-Kiskun;12;gimnázium;férfi;nappali;magyar nyelv és irodalom;közép;rendes;Nem;magyar;5;86;86;megjelent;37;9;18;13;7;2;86;-;-;-;-
2020;1;Bács-Kiskun;12;gimnázium;férfi;nappali;magyar nyelv és irodalom;közép;rendes;Nem;magyar;4;65;65;megjelent;28;10;16;10;0;1;65;-;-;-;-
2020;1;Bács-Kiskun;12;gimnázium;nő;nappali;magyar nyelv és irodalom;közép;rendes;Nem;magyar;5;88;88;megjelent;39;9;20;13;5;2;88;-;-;-;-
2020;1;Bács-Kiskun;12;gimnázium;férfi;nappali;magyar nyelv és irodalom;közép;rendes;Nem;magyar;5;82;82;megjelent;33;9;20;12;6;2;82;-;-;-;-
2020;1;Bács-Kiskun;12;gimnázium;nő;nappali;magyar nyelv és irodalom;közép;rendes;Nem;magyar;5;100;100;megjelent;40;10;25;15;8;2;100;-;-;-;-
2020;1;Bács-Kiskun;12;gimnázium;nő;nappali;magyar nyelv és irodalom;közép;rendes;Nem;magyar;5;88;88;megjelent;36;9;20;13;8;2;88;-;-;-;-
2020;1;Bács-Kiskun;12;gimnázium;férfi;nappali;magyar nyelv és irodalom;közép;rendes;Nem;magyar;4;72;72;megjelent;30;10;20;12;0;0;72;-;-;-;-
2020;1;Bács-Kiskun;12;gimnázium;nő;nappali;magyar nyelv és irodalom;közép;rendes;Nem;magyar;5;82;82;megjelent;33;9;24;14;0;2;82;-;-;-;-
2020;1;Bács-Kiskun;12;gimnázium;nő;nappali;magyar nyelv és irodalom;közép;rendes;Nem;magyar;4;72;72;megjelent;28;10;19;12;1;2;72;-;-;-;-
2020;1;Bács-Kiskun;12;gimnázium;férfi;nappali;magyar nyelv és irodalom;közép;rendes;Nem;magyar;5;86;86;megjelent;38;10;23;12;1;2;86;-;-;-;-
2020;1;Bács-Kiskun;12;gimnázium;férfi;nappali;magyar nyelv és irodalom;közép;rendes;Nem;magyar;4;76;76;megjelent;31;9;20;12;2;2;76;-;-;-;-
2020;1;Bács-Kiskun;12;gimnázium;nő;nappali;magyar nyelv és irodalom;közép;rendes;Nem;magyar;5;91;91;megjelent;35;10;22;15;7;2;91;-;-;-;-
2020;1;Bács-Kiskun;12;gimnázium;férfi;nappali;magyar nyelv és irodalom;közép;rendes;Nem;magyar;4;78;78;megjelent;36;8;16;11;5;2;78;-;-;-;-
2020;1;Bács-Kiskun;12;gimnázium;férfi;nappali;magyar nyelv és irodalom;közép;rendes;Nem;magyar;5;88;88;megjelent;36;9;21;13;7;2;88;-;-;-;-
2020;1;Bács-Kiskun;12;gimnázium;férfi;nappali;magyar nyelv és irodalom;közép;rendes;Nem;magyar;5;81;81;megjelent;31;9;24;13;2;2;81;-;-;-;-
2020;1;Bács-Kiskun;12;gimnázium;nő;nappali;magyar nyelv és irodalom;közép;rendes;Nem;magyar;5;90;90;megjelent;35;10;25;15;3;2;90;-;-;-;-
2020;1;Bács-Kiskun;12;gimnázium;férfi;nappali;magyar nyelv és irodalom;közép;rendes;Nem;magyar;4;75;75;megjelent;34;8;19;11;1;2;75;-;-;-;-
2020;1;Bács-Kiskun;12;gimnázium;férfi;nappali;magyar nyelv és irodalom;közép;rendes;Nem;magyar;5;92;92;megjelent;37;9;25;15;4;2;92;-;-;-;-
2020;1;Bács-Kiskun;12;szakgimnázium/szakközépiskola (2016.09.01-től kifutó rendszerben);férfi;nappali;magyar nyelv és irodalom;közép;előrehozott;Igen;magyar;2;39;36;megjelent;22;0;7;5;0;2;36;-;-;-;-
2020;1;Bács-Kiskun;12;szakgimnázium/szakközépiskola (2016.09.01-től kifutó rendszerben);férfi;nappali;magyar nyelv és irodalom;közép;rendes;Nem;magyar;5;81;81;megjelent;33;9;20;14;3;2;81;-;-;-;-
2020;1;Bács-Kiskun;12;gimnázium;nő;nappali;magyar nyelv és irodalom;közép;rendes;Nem;magyar;4;64;64;megjelent;29;8;15;10;0;2;64;-;-;-;-
2020;1;Bács-Kiskun;12;gimnázium;nő;nappali;magyar nyelv és irodalom;közép;rendes;Nem;magyar;4;71;71;megjelent;32;8;17;11;1;2;71;-;-;-;-
2020;1;Bács-Kiskun;12;gimnázium;nő;nappali;magyar nyelv és irodalom;közép;rendes;Nem;magyar;5;87;87;megjelent;33;10;21;13;8;2;87;-;-;-;-
2020;1;Bács-Kiskun;12;gimnázium;nő;nappali;magyar nyelv és irodalom;közép;rendes;Nem;magyar;4;67;67;megjelent;30;8;16;11;0;2;67;-;-;-;-
2020;1;Bács-Kiskun;12;gimnázium;nő;nappali;magyar nyelv és irodalom;közép;rendes;Nem;magyar;4;68;68;megjelent;32;8;15;11;0;2;68;-;-;-;-
2020;1;Bács-Kiskun;12;gimnázium;nő;nappali;magyar nyelv és irodalom;közép;rendes;Nem;magyar;5;81;81;megjelent;27;9;23;14;6;2;81;-;-;-;-
2020;1;Bács-Kiskun;12;gimnázium;nő;nappali;magyar nyelv és irodalom;közép;rendes;Nem;magyar;4;64;64;megjelent;29;7;16;10;0;2;64;-;-;-;-
2020;1;Bács-Kiskun;12;gimnázium;férfi;nappali;magyar nyelv és irodalom;közép;rendes;Nem;magyar;4;76;76;megjelent;33;8;19;14;0;2;76;-;-;-;-
2020;1;Bács-Kiskun;12;gimnázium;férfi;nappali;magyar nyelv és irodalom;közép;rendes;Nem;magyar;4;77;77;megjelent;32;9;20;14;0;2;77;-;-;-;-
2020;1;Bács-Kiskun;12;gimnázium;nő;nappali;magyar nyelv és irodalom;közép;rendes;Nem;magyar;4;65;65;megjelent;33;6;14;10;0;2;65;-;-;-;-
2020;1;Bács-Kiskun;12;gimnázium;nő;nappali;magyar nyelv és irodalom;közép;rendes;Nem;magyar;4;72;72;megjelent;32;7;16;12;3;2;72;-;-;-;-
2020;1;Bács-Kiskun;12;gimnázium;férfi;nappali;magyar nyelv és irodalom;közép;rendes;Nem;magyar;5;84;84;megjelent;39;8;19;14;2;2;84;-;-;-;-
2020;1;Bács-Kiskun;12;gimnázium;férfi;nappali;magyar nyelv és irodalom;közép;rendes;Nem;magyar;3;55;55;megjelent;24;6;16;8;0;1;55;-;-;-;-
2020;1;Bács-Kiskun;12;gimnázium;nő;nappali;magyar nyelv és irodalom;közép;rendes;Nem;magyar;4;76;76;megjelent;33;7;18;13;3;2;76;-;-;-;-
2020;1;Bács-Kiskun;12;gimnázium;nő;nappali;magyar nyelv és irodalom;közép;rendes;Nem;magyar;4;77;77;megjelent;30;9;22;14;0;2;77;-;-;-;-
2020;1;Bács-Kiskun;12;gimnázium;nő;nappali;magyar nyelv és irodalom;közép;rendes;Nem;magyar;4;70;70;megjelent;28;7;17;13;3;2;70;-;-;-;-
2020;1;Bács-Kiskun;12;gimnázium;nő;nappali;magyar nyelv és irodalom;közép;rendes;Nem;magyar;4;70;70;megjelent;32;8;17;11;0;2;70;-;-;-;-
2020;1;Bács-Kiskun;12;gimnázium;nő;nappali;magyar nyelv és irodalom;közép;rendes;Nem;magyar;4;71;71;megjelent;33;6;15;10;5;2;71;-;-;-;-
2020;1;Bács-Kiskun;12;gimnázium;nő;nappali;magyar nyelv és irodalom;közép;rendes;Nem;magyar;5;80;80;megjelent;37;7;21;8;5;2;80;-;-;-;-
2020;1;Bács-Kiskun;12;gimnázium;nő;nappali;magyar nyelv és irodalom;közép;rendes;Nem;magyar;5;81;81;megjelent;36;9;20;12;2;2;81;-;-;-;-
2020;1;Bács-Kiskun;12;gimnázium;nő;nappali;magyar nyelv és irodalom;közép;rendes;Nem;magyar;5;83;83;megjelent;30;10;21;13;8;1;83;-;-;-;-
2020;1;Bács-Kiskun;12;gimnázium;nő;nappali;magyar nyelv és irodalom;közép;rendes;Nem;magyar;4;65;65;megjelent;24;10;17;12;0;2;65;-;-;-;-
2020;1;Bács-Kiskun;12;gimnázium;nő;nappali;magyar nyelv és irodalom;közép;rendes;Nem;magyar;4;68;68;megjelent;28;8;15;13;3;1;68;-;-;-;-
2020;1;Bács-Kiskun;12;gimnázium;férfi;nappali;magyar nyelv és irodalom;közép;rendes;Nem;magyar;5;96;96;megjelent;36;10;25;15;8;2;96;-;-;-;-
2020;1;Bács-Kiskun;12;gimnázium;nő;nappali;magyar nyelv és irodalom;közép;rendes;Nem;magyar;5;87;87;megjelent;35;9;20;14;8;1;87;-;-;-;-
2020;1;Bács-Kiskun;12;gimnázium;nő;nappali;magyar nyelv és irodalom;közép;rendes;Nem;magyar;5;80;80;megjelent;29;9;21;13;6;2;80;-;-;-;-
2020;1;Bács-Kiskun;12;gimnázium;nő;nappali;magyar nyelv és irodalom;közép;rendes;Nem;magyar;5;80;80;megjelent;32;9;18;13;6;2;80;-;-;-;-
2020;1;Bács-Kiskun;12;gimnázium;férfi;nappali;magyar nyelv és irodalom;közép;rendes;Nem;magyar;5;82;82;megjelent;32;9;21;14;5;1;82;-;-;-;-
2020;1;Bács-Kiskun;12;gimnázium;férfi;nappali;magyar nyelv és irodalom;közép;rendes;Nem;magyar;5;86;86;megjelent;34;10;22;13;5;2;86;-;-;-;-
2020;1;Bács-Kiskun;12;gimnázium;nő;nappali;magyar nyelv és irodalom;közép;rendes;Nem;magyar;5;89;89;megjelent;34;9;22;14;8;2;89;-;-;-;-
2020;1;Bács-Kiskun;12;gimnázium;nő;nappali;magyar nyelv és irodalom;közép;rendes;Nem;magyar;5;91;91;megjelent;34;10;24;13;8;2;91;-;-;-;-
2020;1;Bács-Kiskun;12;gimnázium;nő;nappali;magyar nyelv és irodalom;közép;rendes;Nem;magyar;5;85;85;megjelent;35;10;23;11;5;1;85;-;-;-;-
2020;1;Bács-Kiskun;12;gimnázium;férfi;nappali;magyar nyelv és irodalom;közép;rendes;Nem;magyar;3;56;56;megjelent;26;6;11;12;0;1;56;-;-;-;-
2020;1;Bács-Kiskun;12;gimnázium;nő;nappali;magyar nyelv és irodalom;közép;rendes;Nem;magyar;5;84;84;megjelent;35;10;18;13;6;2;84;-;-;-;-
2020;1;Bács-Kiskun;12;gimnázium;férfi;nappali;magyar nyelv és irodalom;közép;rendes;Nem;magyar;4;68;68;megjelent;27;8;19;12;0;2;68;-;-;-;-
2020;1;Bács-Kiskun;12;gimnázium;nő;nappali;magyar nyelv és irodalom;közép;rendes;Nem;magyar;5;84;84;megjelent;35;9;20;13;5;2;84;-;-;-;-
2020;1;Bács-Kiskun;12;gimnázium;nő;nappali;magyar nyelv és irodalom;közép;rendes;Nem;magyar;3;58;58;megjelent;25;6;12;11;3;1;58;-;-;-;-
2020;1;Bács-Kiskun;12;gimnázium;nő;nappali;magyar nyelv és irodalom;közép;rendes;Nem;magyar;4;73;73;megjelent;31;8;18;12;2;2;73;-;-;-;-
2020;1;Bács-Kiskun;12;gimnázium;nő;nappali;magyar nyelv és irodalom;közép;rendes;Nem;magyar;4;67;67;megjelent;28;7;14;12;4;2;67;-;-;-;-
2020;1;Bács-Kiskun;12;szakgimnázium/szakközépiskola (2016.09.01-től kifutó rendszerben);nő;nappali;magyar nyelv és irodalom;közép;rendes;Nem;magyar;4;66;66;megjelent;28;6;20;12;0;0;66;-;-;-;-
2020;1;Bács-Kiskun;12;szakgimnázium/szakközépiskola (2016.09.01-től kifutó rendszerben);férfi;nappali;magyar nyelv és irodalom;közép;rendes;Igen;magyar;3;52;26;megjelent;-;-;-;-;-;-;-;15;3;8;26
2020;1;Bács-Kiskun;12;szakgimnázium/szakközépiskola (2016.09.01-től kifutó rendszerben);nő;nappali;magyar nyelv és irodalom;közép;rendes;Nem;magyar;3;52;52;megjelent;21;7;11;11;0;2;52;-;-;-;-
2020;1;Bács-Kiskun;12;szakgimnázium/szakközépiskola (2016.09.01-től kifutó rendszerben);férfi;nappali;magyar nyelv és irodalom;közép;rendes;Nem;magyar;2;35;35;megjelent;17;6;6;6;0;0;35;-;-;-;-
2020;1;Bács-Kiskun;12;szakgimnázium/szakközépiskola (2016.09.01-től kifutó rendszerben);nő;nappali;magyar nyelv és irodalom;közép;rendes;Nem;magyar;4;66;66;megjelent;33;3;16;12;0;2;66;-;-;-;-
2020;1;Bács-Kiskun;12;szakgimnázium/szakközépiskola (2016.09.01-től kifutó rendszerben);nő;nappali;magyar nyelv és irodalom;közép;rendes;Igen;magyar;4;72;36;megjelent;-;-;-;-;-;-;-;18;10;8;36
2020;1;Bács-Kiskun;12;szakgimnázium/szakközépiskola (2016.09.01-től kifutó rendszerben);nő;nappali;magyar nyelv és irodalom;közép;rendes;Nem;magyar;3;48;48;megjelent;22;3;15;8;0;0;48;-;-;-;-
2020;1;Bács-Kiskun;12;szakgimnázium/szakközépiskola (2016.09.01-től kifutó rendszerben);nő;nappali;magyar nyelv és irodalom;közép;rendes;Nem;magyar;3;41;41;megjelent;26;5;5;4;0;1;41;-;-;-;-
2020;1;Bács-Kiskun;12;szakgimnázium/szakközépiskola (2016.09.01-től kifutó rendszerben);nő;nappali;magyar nyelv és irodalom;közép;rendes;Nem;magyar;3;55;55;megjelent;23;6;17;9;0;0;55;-;-;-;-
2020;1;Bács-Kiskun;12;szakgimnázium/szakközépiskola (2016.09.01-től kifutó rendszerben);nő;nappali;magyar nyelv és irodalom;közép;rendes;Nem;magyar;4;71;71;megjelent;29;8;16;13;4;1;71;-;-;-;-
2020;1;Bács-Kiskun;12;gimnázium;férfi;nappali;magyar nyelv és irodalom;közép;rendes;Nem;magyar;4;69;69;megjelent;27;9;20;12;0;1;69;-;-;-;-
2020;1;Bács-Kiskun;12;szakgimnázium/szakközépiskola (2016.09.01-től kifutó rendszerben);nő;nappali;magyar nyelv és irodalom;közép;rendes;Nem;magyar;3;48;48;megjelent;24;5;11;8;0;0;48;-;-;-;-
2020;1;Bács-Kiskun;12;szakgimnázium/szakközépiskola (2016.09.01-től kifutó rendszerben);férfi;nappali;magyar nyelv és irodalom;közép;rendes;Nem;magyar;3;50;50;megjelent;21;7;14;8;0;0;50;-;-;-;-
2020;1;Bács-Kiskun;12;szakgimnázium/szakközépiskola (2016.09.01-től kifutó rendszerben);nő;nappali;magyar nyelv és irodalom;közép;rendes;Igen;magyar;3;55;51;megjelent;31;9;4;5;0;2;51;-;-;-;-
2020;1;Bács-Kiskun;12;gimnázium;nő;nappali;magyar nyelv és irodalom;közép;rendes;Nem;magyar;4;73;73;megjelent;36;8;12;12;4;1;73;-;-;-;-
2020;1;Bács-Kiskun;12;szakgimnázium/szakközépiskola (2016.09.01-től kifutó rendszerben);nő;nappali;magyar nyelv és irodalom;közép;rendes;Nem;magyar;3;58;58;megjelent;33;7;8;7;1;2;58;-;-;-;-
2020;1;Bács-Kiskun;12;gimnázium;férfi;nappali;magyar nyelv és irodalom;közép;rendes;Nem;magyar;5;87;87;megjelent;36;9;24;13;3;2;87;-;-;-;-
2020;1;Bács-Kiskun;12;szakgimnázium/szakközépiskola (2016.09.01-től kifutó rendszerben);nő;nappali;magyar nyelv és irodalom;közép;rendes;Nem;magyar;4;67;67;megjelent;32;10;12;8;4;1;67;-;-;-;-
2020;1;Bács-Kiskun;12;szakgimnázium/szakközépiskola (2016.09.01-től kifutó rendszerben);férfi;nappali;magyar nyelv és irodalom;közép;rendes;Nem;magyar;4;65;65;megjelent;29;7;18;11;0;0;65;-;-;-;-
2020;1;Bács-Kiskun;12;szakgimnázium/szakközépiskola (2016.09.01-től kifutó rendszerben);nő;nappali;magyar nyelv és irodalom;közép;rendes;Nem;magyar;5;80;80;megjelent;32;10;23;14;0;1;80;-;-;-;-
2020;1;Bács-Kiskun;12;szakgimnázium/szakközépiskola (2016.09.01-től kifutó rendszerben);férfi;nappali;magyar nyelv és irodalom;közép;rendes;Nem;magyar;5;90;90;megjelent;37;10;22;15;4;2;90;-;-;-;-
2020;1;Bács-Kiskun;12;szakgimnázium/szakközépiskola (2016.09.01-től kifutó rendszerben);férfi;nappali;magyar nyelv és irodalom;közép;rendes;Nem;magyar;3;53;53;megjelent;27;5;12;8;0;1;53;-;-;-;-
2020;1;Bács-Kiskun;12;gimnázium;férfi;nappali;magyar nyelv és irodalom;közép;rendes;Nem;magyar;4;68;68;megjelent;32;10;12;12;0;2;68;-;-;-;-
2020;1;Bács-Kiskun;12;szakgimnázium/szakközépiskola (2016.09.01-től kifutó rendszerben);nő;nappali;magyar nyelv és irodalom;közép;rendes;Nem;magyar;5;84;84;megjelent;32;8;19;15;8;2;84;-;-;-;-
2020;1;Bács-Kiskun;12;szakgimnázium/szakközépiskola (2016.09.01-től kifutó rendszerben);nő;nappali;magyar nyelv és irodalom;közép;rendes;Nem;magyar;2;34;34;megjelent;34;0;0;0;0;0;34;-;-;-;-
2020;1;Bács-Kiskun;12;gimnázium;nő;nappali;magyar nyelv és irodalom;közép;rendes;Nem;magyar;4;77;77;megjelent;34;9;20;11;1;2;77;-;-;-;-
2020;1;Bács-Kiskun;12;szakgimnázium/szakközépiskola (2016.09.01-től kifutó rendszerben);nő;nappali;magyar nyelv és irodalom;közép;rendes;Nem;magyar;5;80;80;megjelent;34;10;21;14;0;1;80;-;-;-;-
2020;1;Bács-Kiskun;12;szakgimnázium/szakközépiskola (2016.09.01-től kifutó rendszerben);nő;nappali;magyar nyelv és irodalom;közép;rendes;Nem;magyar;4;60;60;megjelent;29;8;11;10;0;2;60;-;-;-;-
2020;1;Bács-Kiskun;12;gimnázium;férfi;nappali;magyar nyelv és irodalom;közép;rendes;Nem;magyar;5;91;91;megjelent;37;9;22;13;8;2;91;-;-;-;-
2020;1;Bács-Kiskun;12;szakgimnázium/szakközépiskola (2016.09.01-től kifutó rendszerben);nő;nappali;magyar nyelv és irodalom;közép;rendes;Nem;magyar;3;46;46;megjelent;26;4;6;8;0;2;46;-;-;-;-
2020;1;Bács-Kiskun;12;szakgimnázium/szakközépiskola (2016.09.01-től kifutó rendszerben);nő;nappali;magyar nyelv és irodalom;közép;rendes;Nem;magyar;3;52;52;megjelent;22;6;13;11;0;0;52;-;-;-;-
2020;1;Bács-Kiskun;12;szakgimnázium/szakközépiskola (2016.09.01-től kifutó rendszerben);nő;nappali;magyar nyelv és irodalom;közép;rendes;Nem;magyar;4;64;64;megjelent;35;8;10;9;0;2;64;-;-;-;-
2020;1;Bács-Kiskun;12;gimnázium;férfi;nappali;magyar nyelv és irodalom;közép;rendes;Nem;magyar;4;72;72;megjelent;32;8;17;13;0;2;72;-;-;-;-
2020;1;Bács-Kiskun;12;szakgimnázium/szakközépiskola (2016.09.01-től kifutó rendszerben);nő;nappali;magyar nyelv és irodalom;közép;rendes;Nem;magyar;3;51;51;megjelent;30;8;2;3;7;1;51;-;-;-;-
2020;1;Bács-Kiskun;12;gimnázium;férfi;nappali;magyar nyelv és irodalom;közép;rendes;Nem;magyar;5;81;81;megjelent;32;10;17;14;6;2;81;-;-;-;-
2020;1;Bács-Kiskun;12;szakgimnázium/szakközépiskola (2016.09.01-től kifutó rendszerben);nő;nappali;magyar nyelv és irodalom;közép;rendes;Nem;magyar;4;71;71;megjelent;31;7;19;12;0;2;71;-;-;-;-
2020;1;Bács-Kiskun;12;gimnázium;férfi;nappali;magyar nyelv és irodalom;közép;rendes;Nem;magyar;4;73;73;megjelent;31;8;18;13;1;2;73;-;-;-;-
2020;1;Bács-Kiskun;12;szakgimnázium/szakközépiskola (2016.09.01-től kifutó rendszerben);nő;nappali;magyar nyelv és irodalom;közép;rendes;Nem;magyar;3;46;46;megjelent;31;5;6;2;0;2;46;-;-;-;-
2020;1;Bács-Kiskun;12;szakgimnázium/szakközépiskola (2016.09.01-től kifutó rendszerben);férfi;nappali;magyar nyelv és irodalom;közép;rendes;Nem;magyar;4;63;63;megjelent;21;10;19;13;0;0;63;-;-;-;-
2020;1;Bács-Kiskun;12;szakgimnázium/szakközépiskola (2016.09.01-től kifutó rendszerben);nő;nappali;magyar nyelv és irodalom;közép;rendes;Nem;magyar;3;54;54;megjelent;27;1;14;9;1;2;54;-;-;-;-
2020;1;Bács-Kiskun;12;szakgimnázium/szakközépiskola (2016.09.01-től kifutó rendszerben);férfi;nappali;magyar nyelv és irodalom;közép;rendes;Nem;magyar;3;51;51;megjelent;25;7;10;9;0;0;51;-;-;-;-
2020;1;Bács-Kiskun;12;szakgimnázium/szakközépiskola (2016.09.01-től kifutó rendszerben);nő;nappali;magyar nyelv és irodalom;közép;rendes;Nem;magyar;5;80;80;megjelent;34;9;17;13;5;2;80;-;-;-;-
2020;1;Bács-Kiskun;12;gimnázium;nő;nappali;magyar nyelv és irodalom;közép;rendes;Nem;magyar;5;94;94;megjelent;38;10;23;13;8;2;94;-;-;-;-
2020;1;Bács-Kiskun;12;szakgimnázium/szakközépiskola (2016.09.01-től kifutó rendszerben);férfi;nappali;magyar nyelv és irodalom;közép;rendes;Igen;magyar;3;56;52;megjelent;24;6;14;8;0;0;52;-;-;-;-
2020;1;Bács-Kiskun;12;szakgimnázium/szakközépiskola (2016.09.01-től kifutó rendszerben);nő;nappali;magyar nyelv és irodalom;közép;rendes;Nem;magyar;3;51;51;megjelent;24;9;10;7;0;1;51;-;-;-;-
2020;1;Bács-Kiskun;12;szakgimnázium/szakközépiskola (2016.09.01-től kifutó rendszerben);nő;nappali;magyar nyelv és irodalom;közép;rendes;Nem;magyar;3;51;51;megjelent;22;6;14;9;0;0;51;-;-;-;-
2020;1;Bács-Kiskun;12;gimnázium;férfi;nappali;magyar nyelv és irodalom;közép;rendes;Nem;magyar;5;81;81;megjelent;36;8;23;12;0;2;81;-;-;-;-
2020;1;Bács-Kiskun;12;szakgimnázium/szakközépiskola (2016.09.01-től kifutó rendszerben);férfi;nappali;magyar nyelv és irodalom;közép;rendes;Nem;magyar;4;70;70;megjelent;27;10;20;13;0;0;70;-;-;-;-
2020;1;Bács-Kiskun;12;gimnázium;nő;nappali;magyar nyelv és irodalom;közép;rendes;Nem;magyar;5;93;93;megjelent;39;10;23;13;6;2;93;-;-;-;-
2020;1;Bács-Kiskun;12;szakgimnázium/szakközépiskola (2016.09.01-től kifutó rendszerben);férfi;nappali;magyar nyelv és irodalom;közép;rendes;Nem;magyar;3;59;59;megjelent;33;4;10;6;6;0;59;-;-;-;-
2020;1;Bács-Kiskun;12;szakgimnázium/szakközépiskola (2016.09.01-től kifutó rendszerben);férfi;nappali;magyar nyelv és irodalom;közép;rendes;Nem;magyar;3;42;42;megjelent;20;5;10;7;0;0;42;-;-;-;-
2020;1;Bács-Kiskun;12;gimnázium;férfi;nappali;magyar nyelv és irodalom;közép;rendes;Nem;magyar;4;74;74;megjelent;32;9;18;13;0;2;74;-;-;-;-
2020;1;Bács-Kiskun;12;szakgimnázium/szakközépiskola (2016.09.01-től kifutó rendszerben);férfi;nappali;magyar nyelv és irodalom;közép;rendes;Nem;magyar;4;60;60;megjelent;27;7;13;13;0;0;60;-;-;-;-
2020;1;Bács-Kiskun;12;szakgimnázium/szakközépiskola (2016.09.01-től kifutó rendszerben);nő;nappali;magyar nyelv és irodalom;közép;rendes;Nem;magyar;3;42;42;megjelent;25;8;4;3;0;2;42;-;-;-;-
2020;1;Bács-Kiskun;12;szakgimnázium/szakközépiskola (2016.09.01-től kifutó rendszerben);férfi;nappali;magyar nyelv és irodalom;közép;rendes;Nem;magyar;3;48;48;megjelent;26;4;10;8;0;0;48;-;-;-;-
2020;1;Bács-Kiskun;12;gimnázium;férfi;nappali;magyar nyelv és irodalom;közép;rendes;Nem;magyar;5;87;87;megjelent;31;10;25;15;4;2;87;-;-;-;-
2020;1;Bács-Kiskun;12;szakgimnázium/szakközépiskola (2016.09.01-től kifutó rendszerben);férfi;nappali;magyar nyelv és irodalom;közép;rendes;Nem;magyar;4;66;66;megjelent;24;7;22;12;0;1;66;-;-;-;-
2020;1;Bács-Kiskun;12;gimnázium;férfi;nappali;magyar nyelv és irodalom;közép;rendes;Nem;magyar;5;86;86;megjelent;33;10;20;14;7;2;86;-;-;-;-
2020;1;Bács-Kiskun;12;szakgimnázium/szakközépiskola (2016.09.01-től kifutó rendszerben);nő;nappali;magyar nyelv és irodalom;közép;rendes;Nem;magyar;4;60;60;megjelent;29;6;12;10;1;2;60;-;-;-;-
2020;1;Bács-Kiskun;12;szakgimnázium/szakközépiskola (2016.09.01-től kifutó rendszerben);nő;nappali;magyar nyelv és irodalom;közép;rendes;Nem;magyar;3;52;52;megjelent;24;3;13;10;2;0;52;-;-;-;-
2020;1;Bács-Kiskun;12;szakgimnázium/szakközépiskola (2016.09.01-től kifutó rendszerben);férfi;nappali;magyar nyelv és irodalom;közép;rendes;Nem;magyar;3;45;45;megjelent;27;2;8;6;0;2;45;-;-;-;-
2020;1;Bács-Kiskun;12;gimnázium;férfi;nappali;magyar nyelv és irodalom;közép;rendes;Nem;magyar;3;57;57;megjelent;32;8;6;9;0;2;57;-;-;-;-
2020;1;Bács-Kiskun;12;szakgimnázium/szakközépiskola (2016.09.01-től kifutó rendszerben);férfi;nappali;magyar nyelv és irodalom;közép;rendes;Nem;magyar;4;60;60;megjelent;31;7;10;10;0;2;60;-;-;-;-
2020;1;Bács-Kiskun;12;szakgimnázium/szakközépiskola (2016.09.01-től kifutó rendszerben);nő;nappali;magyar nyelv és irodalom;közép;rendes;Nem;magyar;3;40;40;megjelent;17;6;8;8;0;1;40;-;-;-;-
2020;1;Bács-Kiskun;12;szakgimnázium/szakközépiskola (2016.09.01-től kifutó rendszerben);férfi;nappali;magyar nyelv és irodalom;közép;rendes;Nem;magyar;3;41;41;megjelent;27;3;4;7;0;0;41;-;-;-;-
2020;1;Bács-Kiskun;12;szakgimnázium/szakközépiskola (2016.09.01-től kifutó rendszerben);nő;nappali;magyar nyelv és irodalom;közép;rendes;Nem;magyar;4;62;62;megjelent;23;9;20;10;0;0;62;-;-;-;-
2020;1;Bács-Kiskun;12;szakgimnázium/szakközépiskola (2016.09.01-től kifutó rendszerben);férfi;nappali;magyar nyelv és irodalom;közép;rendes;Nem;magyar;3;44;44;megjelent;22;3;12;7;0;0;44;-;-;-;-
2020;1;Bács-Kiskun;12;szakgimnázium/szakközépiskola (2016.09.01-től kifutó rendszerben);nő;nappali;magyar nyelv és irodalom;közép;rendes;Nem;magyar;2;35;35;megjelent;16;5;8;5;0;1;35;-;-;-;-
2020;1;Bács-Kiskun;12;szakgimnázium/szakközépiskola (2016.09.01-től kifutó rendszerben);férfi;nappali;magyar nyelv és irodalom;közép;rendes;Nem;magyar;3;55;55;megjelent;25;6;14;10;0;0;55;-;-;-;-
2020;1;Bács-Kiskun;12;szakgimnázium/szakközépiskola (2016.09.01-től kifutó rendszerben);férfi;nappali;magyar nyelv és irodalom;közép;rendes;Nem;magyar;3;48;48;megjelent;27;5;9;7;0;0;48;-;-;-;-
2020;1;Bács-Kiskun;12;szakgimnázium/szakközépiskola (2016.09.01-től kifutó rendszerben);nő;nappali;magyar nyelv és irodalom;közép;rendes;Nem;magyar;4;66;66;megjelent;32;7;15;11;0;1;66;-;-;-;-
2020;1;Bács-Kiskun;12;szakgimnázium/szakközépiskola (2016.09.01-től kifutó rendszerben);férfi;nappali;magyar nyelv és irodalom;közép;rendes;Nem;magyar;4;60;60;megjelent;26;9;14;11;0;0;60;-;-;-;-
2020;1;Bács-Kiskun;12;szakgimnázium/szakközépiskola (2016.09.01-től kifutó rendszerben);nő;nappali;magyar nyelv és irodalom;közép;rendes;Nem;magyar;3;47;47;megjelent;18;6;14;9;0;0;47;-;-;-;-
2020;1;Bács-Kiskun;12;szakgimnázium/szakközépiskola (2016.09.01-től kifutó rendszerben);férfi;nappali;magyar nyelv és irodalom;közép;rendes;Nem;magyar;3;49;49;megjelent;22;7;9;11;0;0;49;-;-;-;-
2020;1;Bács-Kiskun;12;gimnázium;nő;nappali;magyar nyelv és irodalom;közép;rendes;Nem;magyar;5;89;89;megjelent;35;10;24;14;5;1;89;-;-;-;-
2020;1;Bács-Kiskun;12;gimnázium;nő;nappali;magyar nyelv és irodalom;közép;rendes;Nem;magyar;5;85;85;megjelent;32;10;25;15;3;0;85;-;-;-;-
2020;1;Bács-Kiskun;12;szakgimnázium/szakközépiskola (2016.09.01-től kifutó rendszerben);nő;nappali;magyar nyelv és irodalom;közép;rendes;Nem;magyar;4;64;64;megjelent;27;7;12;9;7;2;64;-;-;-;-
2020;1;Bács-Kiskun;12;gimnázium;nő;nappali;magyar nyelv és irodalom;közép;rendes;Nem;magyar;3;56;56;megjelent;23;5;13;8;5;2;56;-;-;-;-
2020;1;Bács-Kiskun;12;szakgimnázium/szakközépiskola (2016.09.01-től kifutó rendszerben);nő;nappali;magyar nyelv és irodalom;közép;rendes;Nem;magyar;3;42;42;megjelent;21;3;10;7;1;0;42;-;-;-;-
2020;1;Bács-Kiskun;12;gimnázium;nő;nappali;magyar nyelv és irodalom;közép;rendes;Nem;magyar;4;61;61;megjelent;32;7;11;9;0;2;61;-;-;-;-
2020;1;Bács-Kiskun;12;gimnázium;nő;nappali;magyar nyelv és irodalom;közép;rendes;Nem;magyar;5;93;93;megjelent;38;9;22;14;8;2;93;-;-;-;-
2020;1;Bács-Kiskun;12;szakgimnázium/szakközépiskola (2016.09.01-től kifutó rendszerben);nő;nappali;magyar nyelv és irodalom;közép;rendes;Nem;magyar;2;38;38;megjelent;19;3;8;7;0;1;38;-;-;-;-
2020;1;Bács-Kiskun;12;gimnázium;nő;nappali;magyar nyelv és irodalom;közép;rendes;Nem;magyar;3;50;50;megjelent;34;4;5;6;0;1;50;-;-;-;-
2020;1;Bács-Kiskun;12;gimnázium;nő;nappali;magyar nyelv és irodalom;közép;rendes;Nem;magyar;5;85;85;megjelent;36;8;20;12;7;2;85;-;-;-;-
2020;1;Bács-Kiskun;12;szakgimnázium/szakközépiskola (2016.09.01-től kifutó rendszerben);nő;nappali;magyar nyelv és irodalom;közép;rendes;Nem;magyar;4;68;68;megjelent;31;7;14;10;4;2;68;-;-;-;-
2020;1;Bács-Kiskun;12;gimnázium;nő;nappali;magyar nyelv és irodalom;közép;rendes;Nem;magyar;5;91;91;megjelent;38;7;25;14;5;2;91;-;-;-;-
2020;1;Bács-Kiskun;12;gimnázium;nő;nappali;magyar nyelv és irodalom;közép;rendes;Nem;magyar;4;71;71;megjelent;30;10;15;11;3;2;71;-;-;-;-
2020;1;Bács-Kiskun;12;gimnázium;nő;nappali;magyar nyelv és irodalom;közép;rendes;Nem;magyar;5;80;80;megjelent;32;6;21;13;6;2;80;-;-;-;-
2020;1;Bács-Kiskun;12;gimnázium;férfi;nappali;magyar nyelv és irodalom;közép;rendes;Nem;magyar;5;88;88;megjelent;32;9;24;14;7;2;88;-;-;-;-
2020;1;Bács-Kiskun;12;gimnázium;férfi;nappali;magyar nyelv és irodalom;közép;rendes;Nem;magyar;5;84;84;megjelent;32;10;20;13;7;2;84;-;-;-;-
2020;1;Bács-Kiskun;12;gimnázium;nő;nappali;magyar nyelv és irodalom;közép;rendes;Nem;magyar;5;92;92;megjelent;37;10;22;15;6;2;92;-;-;-;-
2020;1;Bács-Kiskun;12;gimnázium;férfi;nappali;magyar nyelv és irodalom;közép;rendes;Nem;magyar;5;90;90;megjelent;36;8;25;13;6;2;90;-;-;-;-
2020;1;Bács-Kiskun;12;gimnázium;férfi;nappali;magyar nyelv és irodalom;közép;rendes;Nem;magyar;5;88;88;megjelent;39;8;22;13;4;2;88;-;-;-;-
2020;1;Bács-Kiskun;12;szakgimnázium/szakközépiskola (2016.09.01-től kifutó rendszerben);nő;nappali;magyar nyelv és irodalom;közép;rendes;Nem;magyar;5;81;81;megjelent;33;10;22;13;1;2;81;-;-;-;-
2020;1;Bács-Kiskun;12;szakgimnázium/szakközépiskola (2016.09.01-től kifutó rendszerben);nő;nappali;magyar nyelv és irodalom;közép;rendes;Nem;magyar;4;60;60;megjelent;30;6;7;11;4;2;60;-;-;-;-
2020;1;Bács-Kiskun;12;gimnázium;nő;nappali;magyar nyelv és irodalom;közép;rendes;Nem;magyar;5;96;96;megjelent;38;10;23;15;8;2;96;-;-;-;-
2020;1;Bács-Kiskun;12;gimnázium;nő;nappali;magyar nyelv és irodalom;közép;rendes;Nem;magyar;5;91;91;megjelent;38;9;20;14;8;2;91;-;-;-;-
2020;1;Bács-Kiskun;12;szakgimnázium/szakközépiskola (2016.09.01-től kifutó rendszerben);férfi;nappali;magyar nyelv és irodalom;közép;rendes;Nem;magyar;3;46;46;megjelent;19;7;7;7;6;0;46;-;-;-;-
2020;1;Bács-Kiskun;12;szakgimnázium/szakközépiskola (2016.09.01-től kifutó rendszerben);férfi;nappali;magyar nyelv és irodalom;közép;rendes;Nem;magyar;3;48;48;megjelent;28;3;4;6;5;2;48;-;-;-;-
2020;1;Bács-Kiskun;12;gimnázium;nő;nappali;magyar nyelv és irodalom;közép;rendes;Nem;magyar;5;87;87;megjelent;36;8;20;13;8;2;87;-;-;-;-
2020;1;Bács-Kiskun;12;gimnázium;férfi;nappali;magyar nyelv és irodalom;közép;rendes;Nem;magyar;5;80;80;megjelent;33;10;21;13;1;2;80;-;-;-;-
2020;1;Bács-Kiskun;12;szakgimnázium/szakközépiskola (2016.09.01-től kifutó rendszerben);nő;nappali;magyar nyelv és irodalom;közép;rendes;Nem;magyar;5;80;80;megjelent;36;8;13;15;6;2;80;-;-;-;-
2020;1;Bács-Kiskun;12;szakgimnázium/szakközépiskola (2016.09.01-től kifutó rendszerben);nő;nappali;magyar nyelv és irodalom;közép;rendes;Nem;magyar;4;72;72;megjelent;31;7;21;11;0;2;72;-;-;-;-
2020;1;Bács-Kiskun;12;gimnázium;nő;nappali;magyar nyelv és irodalom;közép;rendes;Nem;magyar;5;83;83;megjelent;35;9;18;13;6;2;83;-;-;-;-
2020;1;Bács-Kiskun;12;gimnázium;nő;nappali;magyar nyelv és irodalom;közép;rendes;Nem;magyar;5;92;92;megjelent;37;9;25;14;5;2;92;-;-;-;-
2020;1;Bács-Kiskun;12;gimnázium;nő;nappali;magyar nyelv és irodalom;közép;rendes;Nem;magyar;5;88;88;megjelent;33;10;21;14;8;2;88;-;-;-;-
2020;1;Bács-Kiskun;12;gimnázium;férfi;nappali;magyar nyelv és irodalom;közép;rendes;Igen;magyar;4;61;57;megjelent;25;7;12;11;0;2;57;-;-;-;-
2020;1;Bács-Kiskun;12;gimnázium;nő;nappali;magyar nyelv és irodalom;közép;rendes;Nem;magyar;4;73;73;megjelent;27;10;18;13;3;2;73;-;-;-;-
2020;1;Bács-Kiskun;12;gimnázium;nő;nappali;magyar nyelv és irodalom;közép;rendes;Nem;magyar;5;91;91;megjelent;36;9;23;14;7;2;91;-;-;-;-
2020;1;Bács-Kiskun;12;gimnázium;nő;nappali;magyar nyelv és irodalom;közép;rendes;Nem;magyar;5;84;84;megjelent;31;10;19;15;7;2;84;-;-;-;-
2020;1;Bács-Kiskun;12;gimnázium;nő;nappali;magyar nyelv és irodalom;közép;rendes;Nem;magyar;4;73;73;megjelent;28;9;20;14;0;2;73;-;-;-;-
2020;1;Bács-Kiskun;12;gimnázium;nő;nappali;magyar nyelv és irodalom;közép;rendes;Nem;magyar;5;93;93;megjelent;36;10;24;15;6;2;93;-;-;-;-
2020;1;Bács-Kiskun;12;gimnázium;férfi;nappali;magyar nyelv és irodalom;közép;rendes;Nem;magyar;5;84;84;megjelent;31;10;21;15;5;2;84;-;-;-;-
2020;1;Bács-Kiskun;12;gimnázium;nő;nappali;magyar nyelv és irodalom;közép;rendes;Nem;magyar;5;95;95;megjelent;36;10;24;15;8;2;95;-;-;-;-
2020;1;Bács-Kiskun;12;szakgimnázium/szakközépiskola (2016.09.01-től kifutó rendszerben);férfi;nappali;magyar nyelv és irodalom;közép;rendes;Nem;magyar;3;49;49;megjelent;28;4;10;6;0;1;49;-;-;-;-
2020;1;Bács-Kiskun;12;szakgimnázium/szakközépiskola (2016.09.01-től kifutó rendszerben);férfi;nappali;magyar nyelv és irodalom;közép;rendes;Nem;magyar;3;51;51;megjelent;27;5;10;9;0;0;51;-;-;-;-
2020;1;Bács-Kiskun;12;szakgimnázium/szakközépiskola (2016.09.01-től kifutó rendszerben);férfi;nappali;magyar nyelv és irodalom;közép;rendes;Nem;magyar;5;80;80;megjelent;35;9;21;13;0;2;80;-;-;-;-
2020;1;Bács-Kiskun;12;gimnázium;nő;nappali;magyar nyelv és irodalom;közép;rendes;Nem;magyar;4;66;66;megjelent;29;9;17;9;0;2;66;-;-;-;-
2020;1;Bács-Kiskun;12;gimnázium;nő;nappali;magyar nyelv és irodalom;közép;rendes;Nem;magyar;5;90;90;megjelent;35;10;22;14;7;2;90;-;-;-;-
2020;1;Bács-Kiskun;12;gimnázium;férfi;nappali;magyar nyelv és irodalom;közép;rendes;Nem;magyar;4;63;63;megjelent;30;9;16;7;0;1;63;-;-;-;-
2020;1;Bács-Kiskun;12;gimnázium;nő;nappali;magyar nyelv és irodalom;közép;rendes;Nem;magyar;4;71;71;megjelent;27;9;19;13;1;2;71;-;-;-;-
2020;1;Bács-Kiskun;12;gimnázium;nő;nappali;magyar nyelv és irodalom;közép;rendes;Nem;magyar;5;90;90;megjelent;36;10;23;13;6;2;90;-;-;-;-
2020;1;Bács-Kiskun;12;gimnázium;nő;nappali;magyar nyelv és irodalom;közép;rendes;Nem;magyar;4;75;75;megjelent;37;9;12;13;2;2;75;-;-;-;-
2020;1;Bács-Kiskun;12;gimnázium;nő;nappali;magyar nyelv és irodalom;közép;rendes;Nem;magyar;4;78;78;megjelent;32;9;21;12;2;2;78;-;-;-;-
2020;1;Bács-Kiskun;12;gimnázium;nő;nappali;magyar nyelv és irodalom;közép;rendes;Nem;magyar;5;91;91;megjelent;36;10;24;13;6;2;91;-;-;-;-
2020;1;Bács-Kiskun;12;gimnázium;nő;nappali;magyar nyelv és irodalom;közép;rendes;Nem;magyar;4;78;78;megjelent;25;10;22;13;6;2;78;-;-;-;-
2020;1;Bács-Kiskun;12;gimnázium;nő;nappali;magyar nyelv és irodalom;közép;rendes;Nem;magyar;5;85;85;megjelent;32;8;25;13;5;2;85;-;-;-;-
2020;1;Bács-Kiskun;12;gimnázium;férfi;nappali;magyar nyelv és irodalom;közép;rendes;Nem;magyar;3;51;51;megjelent;31;5;4;9;0;2;51;-;-;-;-
2020;1;Bács-Kiskun;12;gimnázium;nő;nappali;magyar nyelv és irodalom;közép;rendes;Nem;magyar;4;70;70;megjelent;28;9;17;12;2;2;70;-;-;-;-
2020;1;Bács-Kiskun;12;gimnázium;férfi;nappali;magyar nyelv és irodalom;közép;rendes;Nem;magyar;5;81;81;megjelent;35;9;22;13;0;2;81;-;-;-;-
2020;1;Bács-Kiskun;12;gimnázium;nő;nappali;magyar nyelv és irodalom;közép;rendes;Nem;magyar;4;76;76;megjelent;31;10;22;11;0;2;76;-;-;-;-
2020;1;Bács-Kiskun;12;gimnázium;nő;nappali;magyar nyelv és irodalom;közép;rendes;Nem;magyar;4;78;78;megjelent;36;8;18;12;2;2;78;-;-;-;-
2020;1;Bács-Kiskun;12;gimnázium;férfi;nappali;magyar nyelv és irodalom;közép;rendes;Nem;magyar;5;81;81;megjelent;35;9;18;13;4;2;81;-;-;-;-
2020;1;Bács-Kiskun;12;gimnázium;nő;nappali;magyar nyelv és irodalom;közép;rendes;Nem;magyar;5;86;86;megjelent;37;10;14;15;8;2;86;-;-;-;-
2020;1;Bács-Kiskun;12;gimnázium;férfi;nappali;magyar nyelv és irodalom;közép;rendes;Nem;magyar;5;91;91;megjelent;36;9;25;14;5;2;91;-;-;-;-
2020;1;Bács-Kiskun;12;gimnázium;nő;nappali;magyar nyelv és irodalom;közép;rendes;Nem;magyar;4;69;69;megjelent;30;8;20;9;0;2;69;-;-;-;-
2020;1;Bács-Kiskun;12;gimnázium;nő;nappali;magyar nyelv és irodalom;közép;rendes;Nem;magyar;4;72;72;megjelent;32;7;16;12;3;2;72;-;-;-;-
2020;1;Bács-Kiskun;12;gimnázium;nő;nappali;magyar nyelv és irodalom;közép;rendes;Nem;magyar;5;88;88;megjelent;32;10;25;15;4;2;88;-;-;-;-
2020;1;Bács-Kiskun;12;gimnázium;nő;nappali;magyar nyelv és irodalom;közép;rendes;Nem;magyar;5;86;86;megjelent;36;7;20;13;8;2;86;-;-;-;-
2020;1;Bács-Kiskun;12;gimnázium;férfi;nappali;magyar nyelv és irodalom;közép;rendes;Nem;magyar;5;87;87;megjelent;35;10;24;14;2;2;87;-;-;-;-
2020;1;Bács-Kiskun;12;gimnázium;nő;nappali;magyar nyelv és irodalom;közép;rendes;Nem;magyar;5;89;89;megjelent;37;10;20;12;8;2;89;-;-;-;-
2020;1;Bács-Kiskun;12;gimnázium;férfi;nappali;magyar nyelv és irodalom;közép;rendes;Nem;magyar;4;75;75;megjelent;34;9;18;12;0;2;75;-;-;-;-
2020;1;Bács-Kiskun;12;gimnázium;férfi;nappali;magyar nyelv és irodalom;közép;rendes;Nem;magyar;4;75;75;megjelent;34;10;16;13;0;2;75;-;-;-;-
2020;1;Bács-Kiskun;12;gimnázium;férfi;nappali;magyar nyelv és irodalom;közép;rendes;Nem;magyar;4;68;68;megjelent;30;9;10;13;4;2;68;-;-;-;-
2020;1;Bács-Kiskun;12;gimnázium;férfi;nappali;magyar nyelv és irodalom;közép;rendes;Nem;magyar;5;88;88;megjelent;35;10;22;15;4;2;88;-;-;-;-
2020;1;Bács-Kiskun;12;gimnázium;nő;nappali;magyar nyelv és irodalom;közép;rendes;Nem;magyar;5;85;85;megjelent;34;10;25;15;0;1;85;-;-;-;-
2020;1;Bács-Kiskun;12;gimnázium;férfi;nappali;magyar nyelv és irodalom;közép;rendes;Nem;magyar;4;75;75;megjelent;30;10;14;11;8;2;75;-;-;-;-
2020;1;Bács-Kiskun;12;gimnázium;férfi;nappali;magyar nyelv és irodalom;közép;rendes;Nem;magyar;4;73;73;megjelent;36;9;14;12;0;2;73;-;-;-;-
2020;1;Bács-Kiskun;12;gimnázium;nő;nappali;magyar nyelv és irodalom;közép;rendes;Nem;magyar;5;83;83;megjelent;33;10;18;15;5;2;83;-;-;-;-
2020;1;Bács-Kiskun;12;gimnázium;férfi;nappali;magyar nyelv és irodalom;közép;rendes;Nem;magyar;5;83;83;megjelent;30;10;19;14;8;2;83;-;-;-;-
2020;1;Bács-Kiskun;12;gimnázium;nő;nappali;magyar nyelv és irodalom;közép;rendes;Nem;magyar;5;94;94;megjelent;38;10;25;15;4;2;94;-;-;-;-
2020;1;Bács-Kiskun;12;gimnázium;férfi;nappali;magyar nyelv és irodalom;közép;rendes;Nem;magyar;5;80;80;megjelent;31;8;22;13;4;2;80;-;-;-;-
2020;1;Bács-Kiskun;12;gimnázium;férfi;nappali;magyar nyelv és irodalom;közép;rendes;Nem;magyar;5;96;96;megjelent;37;10;24;15;8;2;96;-;-;-;-
2020;1;Bács-Kiskun;12;gimnázium;nő;nappali;magyar nyelv és irodalom;közép;rendes;Nem;magyar;5;91;91;megjelent;38;10;20;14;7;2;91;-;-;-;-
2020;1;Bács-Kiskun;12;gimnázium;férfi;nappali;magyar nyelv és irodalom;közép;rendes;Nem;magyar;5;92;92;megjelent;36;10;24;15;5;2;92;-;-;-;-
2020;1;Bács-Kiskun;12;gimnázium;nő;nappali;magyar nyelv és irodalom;közép;rendes;Nem;magyar;5;92;92;megjelent;39;10;18;15;8;2;92;-;-;-;-
2020;1;Bács-Kiskun;12;gimnázium;nő;nappali;magyar nyelv és irodalom;közép;rendes;Nem;magyar;5;86;86;megjelent;30;10;23;15;6;2;86;-;-;-;-
2020;1;Bács-Kiskun;12;gimnázium;nő;nappali;magyar nyelv és irodalom;közép;rendes;Nem;magyar;5;94;94;megjelent;34;10;25;15;8;2;94;-;-;-;-
2020;1;Bács-Kiskun;12;gimnázium;férfi;nappali;magyar nyelv és irodalom;közép;rendes;Igen;magyar;4;79;73;megjelent;33;8;18;12;0;2;73;-;-;-;-
2020;1;Bács-Kiskun;12;gimnázium;férfi;nappali;magyar nyelv és irodalom;közép;rendes;Nem;magyar;5;80;80;megjelent;31;9;19;15;4;2;80;-;-;-;-
2020;1;Bács-Kiskun;12;gimnázium;nő;nappali;magyar nyelv és irodalom;közép;rendes;Nem;magyar;4;74;74;megjelent;35;9;10;14;4;2;74;-;-;-;-
2020;1;Bács-Kiskun;12;gimnázium;férfi;nappali;magyar nyelv és irodalom;közép;rendes;Nem;magyar;4;78;78;megjelent;35;8;17;9;7;2;78;-;-;-;-
2020;1;Bács-Kiskun;12;gimnázium;nő;nappali;magyar nyelv és irodalom;közép;rendes;Nem;magyar;5;80;80;megjelent;35;9;20;11;3;2;80;-;-;-;-
2020;1;Bács-Kiskun;12;gimnázium;nő;nappali;magyar nyelv és irodalom;közép;rendes;Nem;magyar;5;86;86;megjelent;33;10;23;12;6;2;86;-;-;-;-
2020;1;Bács-Kiskun;12;gimnázium;nő;nappali;magyar nyelv és irodalom;közép;rendes;Nem;magyar;4;72;72;megjelent;36;8;9;12;5;2;72;-;-;-;-
2020;1;Bács-Kiskun;12;gimnázium;nő;nappali;magyar nyelv és irodalom;közép;rendes;Nem;magyar;5;90;90;megjelent;37;10;23;13;5;2;90;-;-;-;-
2020;1;Bács-Kiskun;12;gimnázium;nő;nappali;magyar nyelv és irodalom;közép;rendes;Nem;magyar;4;69;69;megjelent;29;9;15;10;4;2;69;-;-;-;-
2020;1;Bács-Kiskun;12;gimnázium;nő;nappali;magyar nyelv és irodalom;közép;rendes;Nem;magyar;4;75;75;megjelent;31;9;19;11;3;2;75;-;-;-;-
2020;1;Bács-Kiskun;12;szakgimnázium/szakközépiskola (2016.09.01-től kifutó rendszerben);férfi;nappali;magyar nyelv és irodalom;közép;rendes;Nem;magyar;4;70;70;megjelent;34;10;11;10;4;1;70;-;-;-;-
2020;1;Bács-Kiskun;12;gimnázium;nő;nappali;magyar nyelv és irodalom;közép;rendes;Nem;magyar;5;81;81;megjelent;37;8;18;12;4;2;81;-;-;-;-
2020;1;Bács-Kiskun;12;gimnázium;nő;nappali;magyar nyelv és irodalom;közép;rendes;Nem;magyar;5;84;84;megjelent;33;9;19;14;7;2;84;-;-;-;-
2020;1;Bács-Kiskun;12;gimnázium;nő;nappali;magyar nyelv és irodalom;közép;rendes;Nem;magyar;5;85;85;megjelent;34;9;20;15;5;2;85;-;-;-;-
2020;1;Bács-Kiskun;12;szakgimnázium/szakközépiskola (2016.09.01-től kifutó rendszerben);férfi;nappali;magyar nyelv és irodalom;közép;rendes;Nem;magyar;3;52;52;megjelent;29;9;6;6;0;2;52;-;-;-;-
2020;1;Bács-Kiskun;12;gimnázium;nő;nappali;magyar nyelv és irodalom;közép;rendes;Nem;magyar;4;72;72;megjelent;34;9;15;12;0;2;72;-;-;-;-
2020;1;Bács-Kiskun;12;gimnázium;férfi;nappali;magyar nyelv és irodalom;közép;rendes;Nem;magyar;4;69;69;megjelent;32;9;15;11;0;2;69;-;-;-;-
2020;1;Bács-Kiskun;12;szakgimnázium/szakközépiskola (2016.09.01-től kifutó rendszerben);férfi;nappali;magyar nyelv és irodalom;közép;rendes;Nem;magyar;4;73;73;megjelent;32;9;15;12;3;2;73;-;-;-;-
2020;1;Bács-Kiskun;12;gimnázium;nő;nappali;magyar nyelv és irodalom;közép;rendes;Nem;magyar;4;64;64;megjelent;29;7;15;11;0;2;64;-;-;-;-
2020;1;Bács-Kiskun;12;gimnázium;nő;nappali;magyar nyelv és irodalom;közép;rendes;Nem;magyar;5;94;94;megjelent;39;10;23;15;5;2;94;-;-;-;-
2020;1;Bács-Kiskun;12;gimnázium;nő;nappali;magyar nyelv és irodalom;közép;rendes;Nem;magyar;5;84;84;megjelent;35;9;19;13;6;2;84;-;-;-;-
2020;1;Bács-Kiskun;12;szakgimnázium/szakközépiskola (2016.09.01-től kifutó rendszerben);férfi;nappali;magyar nyelv és irodalom;közép;rendes;Nem;magyar;3;57;57;megjelent;29;5;14;7;0;2;57;-;-;-;-
2020;1;Bács-Kiskun;12;szakgimnázium/szakközépiskola (2016.09.01-től kifutó rendszerben);férfi;nappali;magyar nyelv és irodalom;közép;rendes;Nem;magyar;4;72;72;megjelent;34;7;19;10;0;2;72;-;-;-;-
2020;1;Bács-Kiskun;12;szakgimnázium/szakközépiskola (2016.09.01-től kifutó rendszerben);nő;nappali;magyar nyelv és irodalom;közép;rendes;Nem;magyar;4;69;69;megjelent;29;8;19;11;0;2;69;-;-;-;-
2020;1;Bács-Kiskun;12;szakgimnázium/szakközépiskola (2016.09.01-től kifutó rendszerben);férfi;nappali;magyar nyelv és irodalom;közép;rendes;Nem;magyar;3;57;57;megjelent;32;5;6;7;5;2;57;-;-;-;-
2020;1;Bács-Kiskun;12;szakgimnázium/szakközépiskola (2016.09.01-től kifutó rendszerben);férfi;nappali;magyar nyelv és irodalom;közép;rendes;Nem;magyar;2;39;39;megjelent;28;4;2;3;0;2;39;-;-;-;-
2020;1;Bács-Kiskun;12;szakgimnázium/szakközépiskola (2016.09.01-től kifutó rendszerben);férfi;nappali;magyar nyelv és irodalom;közép;rendes;Nem;magyar;3;40;40;megjelent;24;4;4;6;0;2;40;-;-;-;-
2020;1;Bács-Kiskun;12;szakgimnázium/szakközépiskola (2016.09.01-től kifutó rendszerben);férfi;nappali;magyar nyelv és irodalom;közép;rendes;Igen;magyar;4;71;66;megjelent;30;7;15;12;0;2;66;-;-;-;-
2020;1;Bács-Kiskun;12;szakgimnázium/szakközépiskola (2016.09.01-től kifutó rendszerben);férfi;nappali;magyar nyelv és irodalom;közép;rendes;Nem;magyar;3;44;44;megjelent;24;9;4;6;0;1;44;-;-;-;-
2020;1;Bács-Kiskun;12;szakgimnázium/szakközépiskola (2016.09.01-től kifutó rendszerben);férfi;nappali;magyar nyelv és irodalom;közép;rendes;Nem;magyar;3;55;55;megjelent;28;6;12;7;0;2;55;-;-;-;-
2020;1;Bács-Kiskun;12;szakgimnázium/szakközépiskola (2016.09.01-től kifutó rendszerben);férfi;nappali;magyar nyelv és irodalom;közép;rendes;Nem;magyar;4;74;74;megjelent;37;5;13;11;6;2;74;-;-;-;-
2020;1;Bács-Kiskun;12;szakgimnázium/szakközépiskola (2016.09.01-től kifutó rendszerben);férfi;nappali;magyar nyelv és irodalom;közép;rendes;Nem;magyar;4;62;62;megjelent;30;6;16;8;0;2;62;-;-;-;-
2020;1;Bács-Kiskun;12;szakgimnázium/szakközépiskola (2016.09.01-től kifutó rendszerben);nő;nappali;magyar nyelv és irodalom;közép;rendes;Nem;magyar;5;82;82;megjelent;29;9;23;14;5;2;82;-;-;-;-
2020;1;Bács-Kiskun;12;szakgimnázium/szakközépiskola (2016.09.01-től kifutó rendszerben);férfi;nappali;magyar nyelv és irodalom;közép;rendes;Nem;magyar;3;51;51;megjelent;29;7;7;6;0;2;51;-;-;-;-
2020;1;Bács-Kiskun;12;gimnázium;nő;nappali;magyar nyelv és irodalom;közép;rendes;Nem;magyar;4;66;66;megjelent;29;9;7;11;8;2;66;-;-;-;-
2020;1;Bács-Kiskun;12;gimnázium;nő;nappali;magyar nyelv és irodalom;közép;rendes;Nem;magyar;5;81;81;megjelent;34;9;20;15;1;2;81;-;-;-;-
2020;1;Bács-Kiskun;12;gimnázium;nő;nappali;magyar nyelv és irodalom;közép;rendes;Nem;magyar;5;82;82;megjelent;35;10;19;12;4;2;82;-;-;-;-
2020;1;Bács-Kiskun;12;gimnázium;férfi;nappali;magyar nyelv és irodalom;közép;rendes;Nem;magyar;4;74;74;megjelent;35;8;15;13;1;2;74;-;-;-;-
2020;1;Bács-Kiskun;12;gimnázium;nő;nappali;magyar nyelv és irodalom;közép;rendes;Nem;magyar;5;82;82;megjelent;35;8;18;15;4;2;82;-;-;-;-
2020;1;Bács-Kiskun;12;gimnázium;nő;nappali;magyar nyelv és irodalom;közép;rendes;Nem;magyar;4;68;68;megjelent;30;8;11;13;4;2;68;-;-;-;-
2020;1;Bács-Kiskun;12;gimnázium;nő;nappali;magyar nyelv és irodalom;közép;rendes;Nem;magyar;5;86;86;megjelent;33;10;24;14;3;2;86;-;-;-;-
2020;1;Bács-Kiskun;12;gimnázium;nő;nappali;magyar nyelv és irodalom;közép;rendes;Nem;magyar;5;86;86;megjelent;34;9;20;15;6;2;86;-;-;-;-
2020;1;Bács-Kiskun;12;gimnázium;nő;nappali;magyar nyelv és irodalom;közép;rendes;Nem;magyar;4;61;61;megjelent;27;9;14;9;0;2;61;-;-;-;-
2020;1;Bács-Kiskun;12;gimnázium;nő;nappali;magyar nyelv és irodalom;közép;rendes;Nem;magyar;5;90;90;megjelent;34;9;24;13;8;2;90;-;-;-;-
2020;1;Bács-Kiskun;12;gimnázium;nő;nappali;magyar nyelv és irodalom;közép;rendes;Nem;magyar;5;93;93;megjelent;37;10;23;15;6;2;93;-;-;-;-
2020;1;Bács-Kiskun;12;gimnázium;férfi;nappali;magyar nyelv és irodalom;közép;rendes;Nem;magyar;4;61;61;megjelent;29;6;14;10;0;2;61;-;-;-;-
2020;1;Bács-Kiskun;12;gimnázium;nő;nappali;magyar nyelv és irodalom;közép;rendes;Nem;magyar;5;88;88;megjelent;35;9;20;15;7;2;88;-;-;-;-
2020;1;Bács-Kiskun;12;gimnázium;nő;nappali;magyar nyelv és irodalom;közép;rendes;Nem;magyar;5;83;83;megjelent;34;9;16;14;8;2;83;-;-;-;-
2020;1;Bács-Kiskun;12;gimnázium;nő;nappali;magyar nyelv és irodalom;közép;rendes;Nem;magyar;4;75;75;megjelent;31;10;16;13;3;2;75;-;-;-;-
2020;1;Bács-Kiskun;12;gimnázium;nő;nappali;magyar nyelv és irodalom;közép;rendes;Nem;magyar;5;80;80;megjelent;36;7;18;14;3;2;80;-;-;-;-
2020;1;Bács-Kiskun;12;gimnázium;férfi;nappali;magyar nyelv és irodalom;közép;rendes;Nem;magyar;4;74;74;megjelent;29;7;19;12;5;2;74;-;-;-;-
2020;1;Bács-Kiskun;12;gimnázium;férfi;nappali;magyar nyelv és irodalom;közép;rendes;Nem;magyar;5;84;84;megjelent;31;9;23;13;6;2;84;-;-;-;-
2020;1;Bács-Kiskun;12;gimnázium;férfi;nappali;magyar nyelv és irodalom;közép;rendes;Nem;magyar;4;63;63;megjelent;28;8;13;10;2;2;63;-;-;-;-
2020;1;Bács-Kiskun;12;gimnázium;nő;nappali;magyar nyelv és irodalom;közép;rendes;Nem;magyar;5;84;84;megjelent;28;7;25;15;7;2;84;-;-;-;-
2020;1;Bács-Kiskun;12;gimnázium;nő;nappali;magyar nyelv és irodalom;közép;rendes;Nem;magyar;5;90;90;megjelent;36;10;21;15;6;2;90;-;-;-;-
2020;1;Bács-Kiskun;12;gimnázium;nő;nappali;magyar nyelv és irodalom;közép;rendes;Nem;magyar;5;88;88;megjelent;34;9;25;12;6;2;88;-;-;-;-
2020;1;Bács-Kiskun;12;gimnázium;férfi;nappali;magyar nyelv és irodalom;közép;rendes;Nem;magyar;4;75;75;megjelent;36;9;18;11;0;1;75;-;-;-;-
2020;1;Bács-Kiskun;12;gimnázium;férfi;nappali;magyar nyelv és irodalom;közép;rendes;Nem;magyar;5;92;92;megjelent;33;10;25;15;7;2;92;-;-;-;-
2020;1;Bács-Kiskun;12;gimnázium;férfi;nappali;magyar nyelv és irodalom;közép;rendes;Nem;magyar;5;87;87;megjelent;34;10;19;14;8;2;87;-;-;-;-
2020;1;Bács-Kiskun;12;gimnázium;férfi;nappali;magyar nyelv és irodalom;közép;rendes;Nem;magyar;4;76;76;megjelent;35;9;18;14;0;0;76;-;-;-;-
2020;1;Bács-Kiskun;12;gimnázium;nő;nappali;magyar nyelv és irodalom;közép;rendes;Nem;magyar;5;82;82;megjelent;23;10;24;15;8;2;82;-;-;-;-
2020;1;Bács-Kiskun;12;gimnázium;nő;nappali;magyar nyelv és irodalom;közép;rendes;Nem;magyar;4;70;70;megjelent;27;8;16;11;6;2;70;-;-;-;-
2020;1;Bács-Kiskun;12;gimnázium;nő;nappali;magyar nyelv és irodalom;közép;rendes;Nem;magyar;4;75;75;megjelent;36;10;15;12;0;2;75;-;-;-;-
2020;1;Bács-Kiskun;12;gimnázium;nő;nappali;magyar nyelv és irodalom;közép;rendes;Nem;magyar;4;78;78;megjelent;35;9;20;13;0;1;78;-;-;-;-
2020;1;Bács-Kiskun;12;gimnázium;férfi;nappali;magyar nyelv és irodalom;közép;rendes;Nem;magyar;4;72;72;megjelent;35;7;14;11;3;2;72;-;-;-;-
2020;1;Bács-Kiskun;12;gimnázium;nő;nappali;magyar nyelv és irodalom;közép;rendes;Nem;magyar;4;76;76;megjelent;32;10;16;10;6;2;76;-;-;-;-
2020;1;Bács-Kiskun;12;gimnázium;férfi;nappali;magyar nyelv és irodalom;közép;rendes;Nem;magyar;5;90;90;megjelent;38;10;25;15;1;1;90;-;-;-;-
2020;1;Bács-Kiskun;12;gimnázium;nő;nappali;magyar nyelv és irodalom;közép;rendes;Nem;magyar;4;69;69;megjelent;32;7;18;10;0;2;69;-;-;-;-
2020;1;Bács-Kiskun;12;gimnázium;férfi;nappali;magyar nyelv és irodalom;közép;rendes;Nem;magyar;4;75;75;megjelent;33;8;18;12;3;1;75;-;-;-;-
2020;1;Bács-Kiskun;12;gimnázium;nő;nappali;magyar nyelv és irodalom;közép;rendes;Nem;magyar;5;95;95;megjelent;38;10;24;15;6;2;95;-;-;-;-
2020;1;Bács-Kiskun;12;gimnázium;nő;nappali;magyar nyelv és irodalom;közép;rendes;Nem;magyar;5;81;81;megjelent;34;10;19;12;4;2;81;-;-;-;-
2020;1;Bács-Kiskun;12;gimnázium;nő;nappali;magyar nyelv és irodalom;közép;rendes;Nem;magyar;5;91;91;megjelent;37;10;21;15;6;2;91;-;-;-;-
2020;1;Bács-Kiskun;12;gimnázium;nő;nappali;magyar nyelv és irodalom;közép;rendes;Nem;magyar;5;91;91;megjelent;37;10;23;14;5;2;91;-;-;-;-
2020;1;Bács-Kiskun;12;gimnázium;nő;nappali;magyar nyelv és irodalom;közép;rendes;Nem;magyar;5;83;83;megjelent;35;9;19;13;5;2;83;-;-;-;-
2020;1;Bács-Kiskun;12;gimnázium;férfi;nappali;magyar nyelv és irodalom;közép;rendes;Nem;magyar;4;75;75;megjelent;34;9;17;10;4;1;75;-;-;-;-
2020;1;Bács-Kiskun;12;gimnázium;nő;nappali;magyar nyelv és irodalom;közép;rendes;Nem;magyar;5;97;97;megjelent;40;10;25;15;5;2;97;-;-;-;-
2020;1;Bács-Kiskun;12;gimnázium;nő;nappali;magyar nyelv és irodalom;közép;rendes;Nem;magyar;5;93;93;megjelent;37;10;23;14;7;2;93;-;-;-;-
2020;1;Bács-Kiskun;12;gimnázium;nő;nappali;magyar nyelv és irodalom;közép;rendes;Nem;magyar;5;96;96;megjelent;38;10;24;15;7;2;96;-;-;-;-
2020;1;Bács-Kiskun;12;gimnázium;férfi;nappali;magyar nyelv és irodalom;közép;rendes;Nem;magyar;4;75;75;megjelent;35;7;15;12;6;0;75;-;-;-;-
2020;1;Bács-Kiskun;12;gimnázium;nő;nappali;magyar nyelv és irodalom;közép;rendes;Nem;magyar;4;67;67;megjelent;31;7;12;11;4;2;67;-;-;-;-
2020;1;Bács-Kiskun;12;gimnázium;férfi;nappali;magyar nyelv és irodalom;közép;rendes;Nem;magyar;4;68;68;megjelent;33;5;14;11;3;2;68;-;-;-;-
2020;1;Bács-Kiskun;12;szakgimnázium/szakközépiskola (2016.09.01-től kifutó rendszerben);nő;nappali;magyar nyelv és irodalom;közép;rendes;Nem;magyar;3;40;40;megjelent;17;0;14;7;0;2;40;-;-;-;-
2020;1;Bács-Kiskun;12;gimnázium;férfi;nappali;magyar nyelv és irodalom;közép;rendes;Nem;magyar;4;64;64;megjelent;32;7;14;9;0;2;64;-;-;-;-
2020;1;Bács-Kiskun;12;gimnázium;nő;nappali;magyar nyelv és irodalom;közép;rendes;Nem;magyar;4;66;66;megjelent;28;9;15;10;2;2;66;-;-;-;-
2020;1;Bács-Kiskun;12;szakgimnázium/szakközépiskola (2016.09.01-től kifutó rendszerben);nő;nappali;magyar nyelv és irodalom;közép;rendes;Nem;magyar;5;83;83;megjelent;31;10;20;13;7;2;83;-;-;-;-
2020;1;Bács-Kiskun;12;gimnázium;férfi;nappali;magyar nyelv és irodalom;közép;rendes;Igen;magyar;5;82;76;megjelent;33;10;19;14;0;0;76;-;-;-;-
2020;1;Bács-Kiskun;12;gimnázium;nő;nappali;magyar nyelv és irodalom;közép;rendes;Nem;magyar;4;75;75;megjelent;32;10;12;12;7;2;75;-;-;-;-
2020;1;Bács-Kiskun;12;gimnázium;férfi;nappali;magyar nyelv és irodalom;közép;rendes;Nem;magyar;3;50;50;megjelent;25;8;7;5;4;1;50;-;-;-;-
2020;1;Bács-Kiskun;12;gimnázium;férfi;nappali;magyar nyelv és irodalom;közép;rendes;Igen;magyar;3;51;47;megjelent;26;6;7;7;0;1;47;-;-;-;-
2020;1;Bács-Kiskun;12;szakgimnázium/szakközépiskola (2016.09.01-től kifutó rendszerben);nő;nappali;magyar nyelv és irodalom;közép;rendes;Igen;magyar;3;45;42;megjelent;19;7;8;7;0;1;42;-;-;-;-
2020;1;Bács-Kiskun;12;gimnázium;férfi;nappali;magyar nyelv és irodalom;közép;rendes;Nem;magyar;4;73;73;megjelent;33;9;15;11;4;1;73;-;-;-;-
2020;1;Bács-Kiskun;12;gimnázium;nő;nappali;magyar nyelv és irodalom;közép;rendes;Nem;magyar;5;86;86;megjelent;34;10;19;14;8;1;86;-;-;-;-
2020;1;Bács-Kiskun;12;szakgimnázium/szakközépiskola (2016.09.01-től kifutó rendszerben);férfi;nappali;magyar nyelv és irodalom;közép;rendes;Nem;magyar;3;41;41;megjelent;26;3;5;6;0;1;41;-;-;-;-
2020;1;Bács-Kiskun;12;gimnázium;férfi;nappali;magyar nyelv és irodalom;közép;rendes;Nem;magyar;4;61;61;megjelent;34;7;12;8;0;0;61;-;-;-;-
2020;1;Bács-Kiskun;12;gimnázium;nő;nappali;magyar nyelv és irodalom;közép;rendes;Nem;magyar;5;84;84;megjelent;31;9;21;14;7;2;84;-;-;-;-
2020;1;Bács-Kiskun;12;szakgimnázium/szakközépiskola (2016.09.01-től kifutó rendszerben);nő;nappali;magyar nyelv és irodalom;közép;rendes;Nem;magyar;3;40;40;megjelent;22;6;4;6;0;2;40;-;-;-;-
2020;1;Bács-Kiskun;12;szakgimnázium/szakközépiskola (2016.09.01-től kifutó rendszerben);nő;nappali;magyar nyelv és irodalom;közép;rendes;Nem;magyar;4;66;66;megjelent;30;10;16;8;0;2;66;-;-;-;-
2020;1;Bács-Kiskun;12;szakgimnázium/szakközépiskola (2016.09.01-től kifutó rendszerben);nő;nappali;magyar nyelv és irodalom;közép;rendes;Nem;magyar;3;40;40;megjelent;18;6;8;7;0;1;40;-;-;-;-
2020;1;Bács-Kiskun;12;szakgimnázium/szakközépiskola (2016.09.01-től kifutó rendszerben);nő;nappali;magyar nyelv és irodalom;közép;rendes;Nem;magyar;4;65;65;megjelent;23;7;16;9;8;2;65;-;-;-;-
2020;1;Bács-Kiskun;12;szakgimnázium/szakközépiskola (2016.09.01-től kifutó rendszerben);nő;nappali;magyar nyelv és irodalom;közép;rendes;Nem;magyar;3;45;45;megjelent;18;4;14;8;0;1;45;-;-;-;-
2020;1;Bács-Kiskun;12;szakgimnázium/szakközépiskola (2016.09.01-től kifutó rendszerben);nő;nappali;magyar nyelv és irodalom;közép;rendes;Nem;magyar;2;28;28;megjelent;12;6;2;6;0;2;28;-;-;-;-
2020;1;Bács-Kiskun;12;szakgimnázium/szakközépiskola (2016.09.01-től kifutó rendszerben);nő;nappali;magyar nyelv és irodalom;közép;rendes;Nem;magyar;3;55;55;megjelent;21;8;12;8;4;2;55;-;-;-;-
2020;1;Bács-Kiskun;12;szakgimnázium/szakközépiskola (2016.09.01-től kifutó rendszerben);nő;nappali;magyar nyelv és irodalom;közép;rendes;Nem;magyar;4;60;60;megjelent;28;10;11;9;0;2;60;-;-;-;-
2020;1;Bács-Kiskun;12;szakgimnázium/szakközépiskola (2016.09.01-től kifutó rendszerben);nő;nappali;magyar nyelv és irodalom;közép;rendes;Nem;magyar;4;60;60;megjelent;27;7;13;8;3;2;60;-;-;-;-
2020;1;Bács-Kiskun;12;szakgimnázium/szakközépiskola (2016.09.01-től kifutó rendszerben);férfi;nappali;magyar nyelv és irodalom;közép;rendes;Nem;magyar;3;50;50;megjelent;22;6;13;7;1;1;50;-;-;-;-
2020;1;Bács-Kiskun;12;szakgimnázium/szakközépiskola (2016.09.01-től kifutó rendszerben);nő;nappali;magyar nyelv és irodalom;közép;rendes;Nem;magyar;2;26;39;megjelent;14;0;0;0;0;0;14;12;6;7;25
2020;1;Bács-Kiskun;12;szakgimnázium/szakközépiskola (2016.09.01-től kifutó rendszerben);nő;nappali;magyar nyelv és irodalom;közép;rendes;Nem;magyar;2;35;35;megjelent;11;6;5;5;7;1;35;-;-;-;-
2020;1;Bács-Kiskun;12;szakgimnázium/szakközépiskola (2016.09.01-től kifutó rendszerben);nő;nappali;magyar nyelv és irodalom;közép;rendes;Nem;magyar;4;60;60;megjelent;25;7;18;9;0;1;60;-;-;-;-
2020;1;Bács-Kiskun;12;szakgimnázium/szakközépiskola (2016.09.01-től kifutó rendszerben);nő;nappali;magyar nyelv és irodalom;közép;rendes;Nem;magyar;4;64;64;megjelent;25;10;14;10;3;2;64;-;-;-;-
2020;1;Bács-Kiskun;12;szakgimnázium/szakközépiskola (2016.09.01-től kifutó rendszerben);nő;nappali;magyar nyelv és irodalom;közép;rendes;Nem;magyar;5;82;82;megjelent;35;9;23;13;0;2;82;-;-;-;-
2020;1;Bács-Kiskun;12;gimnázium;férfi;nappali;magyar nyelv és irodalom;közép;rendes;Nem;magyar;4;79;79;megjelent;29;8;19;14;7;2;79;-;-;-;-
2020;1;Bács-Kiskun;12;szakgimnázium/szakközépiskola (2016.09.01-től kifutó rendszerben);nő;nappali;magyar nyelv és irodalom;közép;rendes;Nem;magyar;4;70;70;megjelent;31;9;17;12;0;1;70;-;-;-;-
2020;1;Bács-Kiskun;12;szakgimnázium/szakközépiskola (2016.09.01-től kifutó rendszerben);nő;nappali;magyar nyelv és irodalom;közép;rendes;Nem;magyar;3;40;40;megjelent;18;5;9;7;0;1;40;-;-;-;-
2020;1;Bács-Kiskun;12;szakgimnázium/szakközépiskola (2016.09.01-től kifutó rendszerben);nő;nappali;magyar nyelv és irodalom;közép;rendes;Igen;magyar;3;59;55;megjelent;25;8;14;7;0;1;55;-;-;-;-
2020;1;Bács-Kiskun;12;gimnázium;nő;nappali;magyar nyelv és irodalom;közép;rendes;Nem;magyar;5;92;92;megjelent;36;9;24;14;7;2;92;-;-;-;-
2020;1;Bács-Kiskun;12;szakgimnázium/szakközépiskola (2016.09.01-től kifutó rendszerben);férfi;nappali;magyar nyelv és irodalom;közép;rendes;Nem;magyar;3;59;59;megjelent;31;6;12;9;0;1;59;-;-;-;-
2020;1;Bács-Kiskun;12;szakgimnázium/szakközépiskola (2016.09.01-től kifutó rendszerben);nő;nappali;magyar nyelv és irodalom;közép;rendes;Nem;magyar;4;70;70;megjelent;32;10;17;10;0;1;70;-;-;-;-
2020;1;Bács-Kiskun;12;szakgimnázium/szakközépiskola (2016.09.01-től kifutó rendszerben);férfi;nappali;magyar nyelv és irodalom;közép;rendes;Nem;magyar;3;47;47;megjelent;29;3;7;8;0;0;47;-;-;-;-
2020;1;Bács-Kiskun;12;szakgimnázium/szakközépiskola (2016.09.01-től kifutó rendszerben);nő;nappali;magyar nyelv és irodalom;közép;rendes;Nem;magyar;3;40;40;megjelent;22;0;9;8;0;1;40;-;-;-;-
2020;1;Bács-Kiskun;12;gimnázium;férfi;nappali;magyar nyelv és irodalom;közép;rendes;Nem;magyar;4;68;68;megjelent;32;8;14;8;5;1;68;-;-;-;-
2020;1;Bács-Kiskun;12;gimnázium;nő;nappali;magyar nyelv és irodalom;közép;rendes;Nem;magyar;4;77;77;megjelent;28;10;18;11;8;2;77;-;-;-;-
2020;1;Bács-Kiskun;12;gimnázium;nő;nappali;magyar nyelv és irodalom;közép;rendes;Nem;magyar;4;74;74;megjelent;32;9;18;13;0;2;74;-;-;-;-
2020;1;Bács-Kiskun;12;gimnázium;nő;nappali;magyar nyelv és irodalom;közép;rendes;Nem;magyar;5;80;80;megjelent;34;8;24;13;0;1;80;-;-;-;-
2020;1;Bács-Kiskun;12;gimnázium;nő;nappali;magyar nyelv és irodalom;közép;rendes;Nem;magyar;5;89;89;megjelent;34;9;21;15;8;2;89;-;-;-;-
2020;1;Bács-Kiskun;12;gimnázium;nő;nappali;magyar nyelv és irodalom;közép;rendes;Nem;magyar;5;86;86;megjelent;35;10;22;15;2;2;86;-;-;-;-
2020;1;Bács-Kiskun;12;gimnázium;nő;nappali;magyar nyelv és irodalom;közép;rendes;Nem;magyar;5;92;92;megjelent;35;8;25;14;8;2;92;-;-;-;-
2020;1;Bács-Kiskun;12;gimnázium;nő;nappali;magyar nyelv és irodalom;közép;rendes;Nem;magyar;5;81;81;megjelent;34;8;22;15;0;2;81;-;-;-;-
2020;1;Bács-Kiskun;12;gimnázium;férfi;nappali;magyar nyelv és irodalom;közép;rendes;Nem;magyar;4;76;76;megjelent;28;10;22;15;0;1;76;-;-;-;-
2020;1;Bács-Kiskun;12;szakgimnázium/szakközépiskola (2016.09.01-től kifutó rendszerben);férfi;nappali;magyar nyelv és irodalom;közép;rendes;Nem;magyar;3;40;40;megjelent;26;4;4;5;0;1;40;-;-;-;-
2020;1;Bács-Kiskun;12;szakgimnázium/szakközépiskola (2016.09.01-től kifutó rendszerben);férfi;nappali;magyar nyelv és irodalom;közép;rendes;Nem;magyar;3;57;57;megjelent;30;3;13;10;0;1;57;-;-;-;-
2020;1;Bács-Kiskun;12;szakgimnázium/szakközépiskola (2016.09.01-től kifutó rendszerben);férfi;nappali;magyar nyelv és irodalom;közép;rendes;Nem;magyar;4;68;68;megjelent;26;7;20;13;1;1;68;-;-;-;-
2020;1;Bács-Kiskun;12;szakgimnázium/szakközépiskola (2016.09.01-től kifutó rendszerben);nő;nappali;magyar nyelv és irodalom;közép;rendes;Nem;magyar;5;80;80;megjelent;32;9;23;14;0;2;80;-;-;-;-
2020;1;Bács-Kiskun;12;szakgimnázium/szakközépiskola (2016.09.01-től kifutó rendszerben);nő;nappali;magyar nyelv és irodalom;közép;rendes;Nem;magyar;5;82;82;megjelent;31;8;23;13;5;2;82;-;-;-;-
2020;1;Bács-Kiskun;12;gimnázium;férfi;nappali;magyar nyelv és irodalom;közép;rendes;Nem;magyar;4;74;74;megjelent;26;10;19;12;5;2;74;-;-;-;-
2020;1;Bács-Kiskun;12;gimnázium;nő;nappali;magyar nyelv és irodalom;közép;rendes;Nem;magyar;4;63;63;megjelent;23;9;12;11;6;2;63;-;-;-;-
2020;1;Bács-Kiskun;12;gimnázium;nő;nappali;magyar nyelv és irodalom;közép;rendes;Nem;magyar;5;80;80;megjelent;26;10;20;14;8;2;80;-;-;-;-
2020;1;Bács-Kiskun;12;gimnázium;nő;nappali;magyar nyelv és irodalom;közép;rendes;Nem;magyar;4;61;61;megjelent;31;9;8;10;1;2;61;-;-;-;-
2020;1;Bács-Kiskun;12;gimnázium;nő;nappali;magyar nyelv és irodalom;közép;rendes;Nem;magyar;3;53;53;megjelent;23;8;10;10;0;2;53;-;-;-;-
2020;1;Bács-Kiskun;12;gimnázium;férfi;nappali;magyar nyelv és irodalom;közép;rendes;Nem;magyar;3;41;41;megjelent;17;7;7;8;0;2;41;-;-;-;-
2020;1;Bács-Kiskun;12;gimnázium;nő;nappali;magyar nyelv és irodalom;közép;rendes;Nem;magyar;4;61;61;megjelent;24;9;9;10;7;2;61;-;-;-;-
2020;1;Bács-Kiskun;12;gimnázium;nő;nappali;magyar nyelv és irodalom;közép;rendes;Nem;magyar;4;69;69;megjelent;24;9;15;13;6;2;69;-;-;-;-
2020;1;Bács-Kiskun;12;gimnázium;nő;nappali;magyar nyelv és irodalom;közép;rendes;Nem;magyar;3;53;53;megjelent;21;9;8;8;5;2;53;-;-;-;-
2020;1;Bács-Kiskun;12;gimnázium;férfi;nappali;magyar nyelv és irodalom;közép;rendes;Nem;magyar;4;60;60;megjelent;25;9;13;11;0;2;60;-;-;-;-
2020;1;Bács-Kiskun;12;gimnázium;nő;nappali;magyar nyelv és irodalom;közép;rendes;Nem;magyar;3;52;52;megjelent;23;9;7;9;2;2;52;-;-;-;-
2020;1;Bács-Kiskun;12;gimnázium;férfi;nappali;magyar nyelv és irodalom;közép;rendes;Nem;magyar;5;95;95;megjelent;36;10;25;15;8;1;95;-;-;-;-
2020;1;Bács-Kiskun;12;gimnázium;nő;nappali;magyar nyelv és irodalom;közép;rendes;Nem;magyar;4;76;76;megjelent;29;10;15;12;8;2;76;-;-;-;-
2020;1;Bács-Kiskun;12;gimnázium;nő;nappali;magyar nyelv és irodalom;közép;rendes;Igen;magyar;2;35;33;megjelent;17;5;4;5;0;2;33;-;-;-;-
2020;1;Bács-Kiskun;12;gimnázium;nő;nappali;magyar nyelv és irodalom;közép;rendes;Nem;magyar;4;64;64;megjelent;34;8;8;10;2;2;64;-;-;-;-
2020;1;Bács-Kiskun;12;gimnázium;nő;nappali;magyar nyelv és irodalom;közép;rendes;Nem;magyar;3;44;44;megjelent;23;6;5;8;0;2;44;-;-;-;-
2020;1;Bács-Kiskun;12;gimnázium;férfi;nappali;magyar nyelv és irodalom;közép;rendes;Nem;magyar;3;48;48;megjelent;23;7;8;8;0;2;48;-;-;-;-
2020;1;Bács-Kiskun;13;-;nő;nappali;magyar nyelv és irodalom;közép;ismétlő;Nem;magyar;4;70;70;megjelent;25;9;15;11;8;2;70;-;-;-;-
2020;1;Bács-Kiskun;12;gimnázium;férfi;nappali;magyar nyelv és irodalom;közép;rendes;Nem;magyar;3;57;57;megjelent;28;9;11;8;0;1;57;-;-;-;-
2020;1;Bács-Kiskun;12;gimnázium;nő;nappali;magyar nyelv és irodalom;közép;rendes;Nem;magyar;3;48;48;megjelent;25;6;8;8;0;1;48;-;-;-;-
2020;1;Bács-Kiskun;12;gimnázium;nő;nappali;magyar nyelv és irodalom;közép;rendes;Nem;magyar;4;64;64;megjelent;26;6;15;12;3;2;64;-;-;-;-
2020;1;Bács-Kiskun;12;gimnázium;nő;nappali;magyar nyelv és irodalom;közép;rendes;Nem;magyar;4;64;64;megjelent;26;8;10;11;7;2;64;-;-;-;-
2020;1;Bács-Kiskun;12;gimnázium;férfi;nappali;magyar nyelv és irodalom;közép;rendes;Nem;magyar;3;48;48;megjelent;20;9;9;9;0;1;48;-;-;-;-
2020;1;Bács-Kiskun;12;gimnázium;férfi;nappali;magyar nyelv és irodalom;közép;rendes;Nem;magyar;4;62;62;megjelent;27;8;11;10;4;2;62;-;-;-;-
2020;1;Bács-Kiskun;12;gimnázium;férfi;nappali;magyar nyelv és irodalom;közép;rendes;Nem;magyar;4;60;60;megjelent;23;6;16;12;1;2;60;-;-;-;-
2020;1;Bács-Kiskun;12;gimnázium;nő;nappali;magyar nyelv és irodalom;közép;rendes;Nem;magyar;4;60;60;megjelent;23;9;11;10;5;2;60;-;-;-;-
2020;1;Bács-Kiskun;12;gimnázium;nő;nappali;magyar nyelv és irodalom;közép;rendes;Nem;magyar;4;60;60;megjelent;30;9;10;9;1;1;60;-;-;-;-
2020;1;Bács-Kiskun;12;gimnázium;nő;nappali;magyar nyelv és irodalom;közép;rendes;Nem;magyar;4;68;68;megjelent;30;6;16;15;0;1;68;-;-;-;-
2020;1;Bács-Kiskun;12;gimnázium;nő;nappali;magyar nyelv és irodalom;közép;rendes;Nem;magyar;5;84;84;megjelent;36;8;23;14;1;2;84;-;-;-;-
2020;1;Bács-Kiskun;12;gimnázium;férfi;nappali;magyar nyelv és irodalom;közép;rendes;Nem;magyar;5;95;95;megjelent;36;10;25;15;8;1;95;-;-;-;-
2020;1;Bács-Kiskun;12;gimnázium;férfi;nappali;magyar nyelv és irodalom;közép;rendes;Nem;magyar;5;86;86;megjelent;32;10;24;14;4;2;86;-;-;-;-
2020;1;Bács-Kiskun;12;gimnázium;nő;nappali;magyar nyelv és irodalom;közép;rendes;Nem;magyar;5;99;99;megjelent;39;10;25;15;8;2;99;-;-;-;-
2020;1;Bács-Kiskun;12;gimnázium;nő;nappali;magyar nyelv és irodalom;közép;rendes;Nem;magyar;5;81;81;megjelent;35;9;20;15;0;2;81;-;-;-;-
2020;1;Bács-Kiskun;12;gimnázium;nő;nappali;magyar nyelv és irodalom;közép;rendes;Nem;magyar;5;80;80;megjelent;36;9;15;10;8;2;80;-;-;-;-
2020;1;Bács-Kiskun;12;gimnázium;nő;nappali;magyar nyelv és irodalom;közép;rendes;Nem;magyar;5;88;88;megjelent;33;10;22;15;6;2;88;-;-;-;-
2020;1;Bács-Kiskun;12;gimnázium;nő;nappali;magyar nyelv és irodalom;közép;rendes;Nem;magyar;5;82;82;megjelent;34;8;17;15;6;2;82;-;-;-;-
2020;1;Bács-Kiskun;12;gimnázium;férfi;nappali;magyar nyelv és irodalom;közép;rendes;Nem;magyar;4;78;78;megjelent;32;8;19;14;4;1;78;-;-;-;-
2020;1;Bács-Kiskun;12;gimnázium;férfi;nappali;magyar nyelv és irodalom;közép;rendes;Nem;magyar;4;65;65;megjelent;25;8;19;13;0;0;65;-;-;-;-
2020;1;Bács-Kiskun;12;gimnázium;nő;nappali;magyar nyelv és irodalom;közép;rendes;Nem;magyar;5;89;89;megjelent;34;10;22;15;6;2;89;-;-;-;-
2020;1;Bács-Kiskun;12;gimnázium;nő;nappali;magyar nyelv és irodalom;közép;rendes;Nem;magyar;4;73;73;megjelent;31;6;18;13;4;1;73;-;-;-;-
2020;1;Bács-Kiskun;12;gimnázium;nő;nappali;magyar nyelv és irodalom;közép;rendes;Nem;magyar;5;89;89;megjelent;32;10;23;15;7;2;89;-;-;-;-
2020;1;Bács-Kiskun;12;gimnázium;nő;nappali;magyar nyelv és irodalom;közép;rendes;Nem;magyar;5;99;99;megjelent;39;10;25;15;8;2;99;-;-;-;-
2020;1;Bács-Kiskun;12;gimnázium;nő;nappali;magyar nyelv és irodalom;közép;rendes;Nem;magyar;5;98;98;megjelent;38;10;25;15;8;2;98;-;-;-;-
2020;1;Bács-Kiskun;12;gimnázium;nő;nappali;magyar nyelv és irodalom;közép;rendes;Nem;magyar;5;81;81;megjelent;32;9;19;14;5;2;81;-;-;-;-
2020;1;Bács-Kiskun;12;gimnázium;nő;nappali;magyar nyelv és irodalom;közép;rendes;Nem;magyar;4;71;71;megjelent;31;8;19;9;3;1;71;-;-;-;-
2020;1;Bács-Kiskun;12;gimnázium;nő;nappali;magyar nyelv és irodalom;közép;rendes;Nem;magyar;5;89;89;megjelent;36;10;19;14;8;2;89;-;-;-;-
2020;1;Bács-Kiskun;12;gimnázium;férfi;nappali;magyar nyelv és irodalom;közép;rendes;Nem;magyar;5;80;80;megjelent;33;9;19;13;5;1;80;-;-;-;-
2020;1;Bács-Kiskun;12;gimnázium;férfi;nappali;magyar nyelv és irodalom;közép;rendes;Nem;magyar;5;80;80;megjelent;32;9;20;14;3;2;80;-;-;-;-
2020;1;Bács-Kiskun;12;gimnázium;nő;nappali;magyar nyelv és irodalom;közép;rendes;Nem;magyar;5;96;96;megjelent;36;10;25;15;8;2;96;-;-;-;-
2020;1;Bács-Kiskun;12;gimnázium;férfi;nappali;magyar nyelv és irodalom;közép;rendes;Nem;magyar;5;88;88;megjelent;33;10;23;15;5;2;88;-;-;-;-
2020;1;Bács-Kiskun;12;gimnázium;nő;nappali;magyar nyelv és irodalom;közép;rendes;Nem;magyar;5;86;86;megjelent;36;9;23;13;4;1;86;-;-;-;-
2020;1;Bács-Kiskun;12;gimnázium;férfi;nappali;magyar nyelv és irodalom;közép;rendes;Nem;magyar;5;88;88;megjelent;36;10;20;14;6;2;88;-;-;-;-
2020;1;Bács-Kiskun;12;gimnázium;férfi;nappali;magyar nyelv és irodalom;közép;rendes;Nem;magyar;5;80;80;megjelent;36;7;23;13;0;1;80;-;-;-;-
2020;1;Bács-Kiskun;12;gimnázium;nő;nappali;magyar nyelv és irodalom;közép;rendes;Nem;magyar;5;96;96;megjelent;36;10;25;15;8;2;96;-;-;-;-
2020;1;Bács-Kiskun;12;gimnázium;férfi;nappali;magyar nyelv és irodalom;közép;rendes;Nem;magyar;5;87;87;megjelent;38;9;25;14;0;1;87;-;-;-;-
2020;1;Bács-Kiskun;12;gimnázium;férfi;nappali;magyar nyelv és irodalom;közép;rendes;Nem;magyar;5;82;82;megjelent;36;8;19;14;4;1;82;-;-;-;-
2020;1;Bács-Kiskun;12;gimnázium;nő;nappali;magyar nyelv és irodalom;közép;rendes;Nem;magyar;5;92;92;megjelent;37;10;22;14;7;2;92;-;-;-;-
2020;1;Bács-Kiskun;12;gimnázium;nő;nappali;magyar nyelv és irodalom;közép;rendes;Nem;magyar;5;91;91;megjelent;34;10;23;15;7;2;91;-;-;-;-
2020;1;Bács-Kiskun;12;gimnázium;férfi;nappali;magyar nyelv és irodalom;közép;rendes;Nem;magyar;5;92;92;megjelent;36;10;23;14;7;2;92;-;-;-;-
2020;1;Bács-Kiskun;12;gimnázium;nő;nappali;magyar nyelv és irodalom;közép;rendes;Nem;magyar;5;89;89;megjelent;37;7;24;15;5;1;89;-;-;-;-
2020;1;Bács-Kiskun;12;gimnázium;nő;nappali;magyar nyelv és irodalom;közép;rendes;Nem;magyar;5;99;99;megjelent;39;10;25;15;8;2;99;-;-;-;-
2020;1;Bács-Kiskun;12;gimnázium;nő;nappali;magyar nyelv és irodalom;közép;rendes;Nem;magyar;5;94;94;megjelent;34;10;25;15;8;2;94;-;-;-;-
2020;1;Bács-Kiskun;12;gimnázium;férfi;nappali;magyar nyelv és irodalom;közép;rendes;Nem;magyar;5;96;96;megjelent;37;10;25;15;8;1;96;-;-;-;-
2020;1;Bács-Kiskun;12;gimnázium;férfi;nappali;magyar nyelv és irodalom;közép;rendes;Nem;magyar;5;92;92;megjelent;38;10;21;14;7;2;92;-;-;-;-
2020;1;Bács-Kiskun;12;gimnázium;nő;nappali;magyar nyelv és irodalom;közép;rendes;Nem;magyar;5;91;91;megjelent;36;9;22;14;8;2;91;-;-;-;-
2020;1;Bács-Kiskun;12;gimnázium;férfi;nappali;magyar nyelv és irodalom;közép;rendes;Nem;magyar;5;84;84;megjelent;33;9;23;15;3;1;84;-;-;-;-
2020;1;Bács-Kiskun;12;gimnázium;nő;nappali;magyar nyelv és irodalom;közép;rendes;Nem;magyar;5;98;98;megjelent;39;9;25;15;8;2;98;-;-;-;-
2020;1;Bács-Kiskun;12;gimnázium;nő;nappali;magyar nyelv és irodalom;közép;rendes;Nem;magyar;5;80;80;megjelent;32;8;18;13;7;2;80;-;-;-;-
2020;1;Bács-Kiskun;12;gimnázium;nő;nappali;magyar nyelv és irodalom;közép;rendes;Nem;magyar;5;89;89;megjelent;37;10;20;13;7;2;89;-;-;-;-
2020;1;Bács-Kiskun;12;gimnázium;férfi;nappali;magyar nyelv és irodalom;közép;rendes;Nem;magyar;5;89;89;megjelent;35;10;20;14;8;2;89;-;-;-;-
2020;1;Bács-Kiskun;12;gimnázium;férfi;nappali;magyar nyelv és irodalom;közép;rendes;Nem;magyar;4;61;61;megjelent;30;8;12;9;0;2;61;-;-;-;-
2020;1;Bács-Kiskun;12;gimnázium;nő;nappali;magyar nyelv és irodalom;közép;rendes;Nem;magyar;4;61;61;megjelent;26;8;12;13;0;2;61;-;-;-;-
2020;1;Bács-Kiskun;12;gimnázium;férfi;nappali;magyar nyelv és irodalom;közép;rendes;Nem;magyar;5;81;81;megjelent;36;9;21;13;0;2;81;-;-;-;-
2020;1;Bács-Kiskun;12;gimnázium;nő;nappali;magyar nyelv és irodalom;közép;rendes;Nem;magyar;5;81;81;megjelent;30;9;19;13;8;2;81;-;-;-;-
2020;1;Bács-Kiskun;12;gimnázium;nő;nappali;magyar nyelv és irodalom;közép;rendes;Nem;magyar;5;94;94;megjelent;35;10;24;15;8;2;94;-;-;-;-
2020;1;Bács-Kiskun;12;gimnázium;nő;nappali;magyar nyelv és irodalom;közép;rendes;Nem;magyar;5;81;81;megjelent;28;10;21;15;6;1;81;-;-;-;-
2020;1;Bács-Kiskun;12;gimnázium;férfi;nappali;magyar nyelv és irodalom;közép;rendes;Nem;magyar;4;68;68;megjelent;32;4;13;9;8;2;68;-;-;-;-
2020;1;Bács-Kiskun;12;gimnázium;férfi;nappali;magyar nyelv és irodalom;közép;rendes;Nem;magyar;4;70;70;megjelent;31;7;17;13;0;2;70;-;-;-;-
2020;1;Bács-Kiskun;12;gimnázium;nő;nappali;magyar nyelv és irodalom;közép;rendes;Nem;magyar;5;92;92;megjelent;38;10;23;14;6;1;92;-;-;-;-
2020;1;Bács-Kiskun;12;gimnázium;nő;nappali;magyar nyelv és irodalom;közép;rendes;Nem;magyar;5;92;92;megjelent;35;10;23;15;7;2;92;-;-;-;-
2020;1;Bács-Kiskun;12;gimnázium;nő;nappali;magyar nyelv és irodalom;közép;rendes;Nem;magyar;3;55;55;megjelent;25;7;12;9;0;2;55;-;-;-;-
2020;1;Bács-Kiskun;12;gimnázium;férfi;nappali;magyar nyelv és irodalom;közép;rendes;Nem;magyar;4;78;78;megjelent;32;9;18;12;5;2;78;-;-;-;-
2020;1;Bács-Kiskun;12;gimnázium;férfi;nappali;magyar nyelv és irodalom;közép;rendes;Nem;magyar;3;49;49;megjelent;30;9;4;3;2;1;49;-;-;-;-
2020;1;Bács-Kiskun;12;gimnázium;férfi;nappali;magyar nyelv és irodalom;közép;rendes;Nem;magyar;2;31;31;megjelent;24;4;1;2;0;0;31;-;-;-;-
2020;1;Bács-Kiskun;12;gimnázium;férfi;nappali;magyar nyelv és irodalom;közép;rendes;Nem;magyar;4;64;64;megjelent;27;7;15;12;1;2;64;-;-;-;-
2020;1;Bács-Kiskun;12;gimnázium;férfi;nappali;magyar nyelv és irodalom;közép;rendes;Nem;magyar;3;43;43;megjelent;20;5;9;7;0;2;43;-;-;-;-
2020;1;Bács-Kiskun;12;gimnázium;nő;nappali;magyar nyelv és irodalom;közép;rendes;Nem;magyar;5;93;93;megjelent;35;10;24;15;8;1;93;-;-;-;-
2020;1;Bács-Kiskun;12;gimnázium;nő;nappali;magyar nyelv és irodalom;közép;rendes;Nem;magyar;5;82;82;megjelent;36;8;18;11;7;2;82;-;-;-;-
2020;1;Bács-Kiskun;12;gimnázium;nő;nappali;magyar nyelv és irodalom;közép;rendes;Nem;magyar;3;49;49;megjelent;26;4;9;8;0;2;49;-;-;-;-
2020;1;Bács-Kiskun;12;gimnázium;nő;nappali;magyar nyelv és irodalom;közép;rendes;Nem;magyar;5;80;80;megjelent;32;10;21;14;1;2;80;-;-;-;-
2020;1;Bács-Kiskun;12;gimnázium;nő;nappali;magyar nyelv és irodalom;közép;rendes;Nem;magyar;5;81;81;megjelent;36;10;15;13;6;1;81;-;-;-;-
2020;1;Bács-Kiskun;12;gimnázium;nő;nappali;magyar nyelv és irodalom;közép;rendes;Nem;magyar;4;61;61;megjelent;25;9;11;10;4;2;61;-;-;-;-
2020;1;Bács-Kiskun;12;gimnázium;nő;nappali;magyar nyelv és irodalom;közép;rendes;Nem;magyar;5;91;91;megjelent;36;10;20;15;8;2;91;-;-;-;-
2020;1;Bács-Kiskun;12;gimnázium;férfi;nappali;magyar nyelv és irodalom;közép;rendes;Nem;magyar;3;47;47;megjelent;31;5;4;3;3;1;47;-;-;-;-
2020;1;Bács-Kiskun;12;gimnázium;nő;nappali;magyar nyelv és irodalom;közép;rendes;Nem;magyar;5;82;82;megjelent;30;10;21;14;6;1;82;-;-;-;-
2020;1;Bács-Kiskun;12;gimnázium;nő;nappali;magyar nyelv és irodalom;közép;rendes;Nem;magyar;5;81;81;megjelent;34;9;19;13;4;2;81;-;-;-;-
2020;1;Bács-Kiskun;12;gimnázium;nő;nappali;magyar nyelv és irodalom;közép;rendes;Nem;magyar;3;52;52;megjelent;24;4;14;8;0;2;52;-;-;-;-
2020;1;Bács-Kiskun;12;gimnázium;nő;nappali;magyar nyelv és irodalom;közép;rendes;Nem;magyar;4;64;64;megjelent;32;8;13;9;0;2;64;-;-;-;-
2020;1;Bács-Kiskun;12;gimnázium;nő;nappali;magyar nyelv és irodalom;közép;rendes;Nem;magyar;5;95;95;megjelent;36;10;25;15;7;2;95;-;-;-;-
2020;1;Bács-Kiskun;12;gimnázium;nő;nappali;magyar nyelv és irodalom;közép;rendes;Nem;magyar;4;65;65;megjelent;22;10;15;10;6;2;65;-;-;-;-
2020;1;Bács-Kiskun;12;gimnázium;nő;nappali;magyar nyelv és irodalom;közép;rendes;Nem;magyar;5;92;92;megjelent;36;9;22;15;8;2;92;-;-;-;-
2020;1;Bács-Kiskun;12;gimnázium;férfi;nappali;magyar nyelv és irodalom;közép;rendes;Nem;magyar;2;33;33;megjelent;15;5;5;6;0;2;33;-;-;-;-
2020;1;Bács-Kiskun;12;gimnázium;férfi;nappali;magyar nyelv és irodalom;közép;rendes;Nem;magyar;4;73;73;megjelent;36;8;13;8;7;1;73;-;-;-;-
2020;1;Bács-Kiskun;12;gimnázium;nő;nappali;magyar nyelv és irodalom;közép;rendes;Nem;magyar;5;90;90;megjelent;34;10;21;15;8;2;90;-;-;-;-
2020;1;Bács-Kiskun;12;gimnázium;nő;nappali;magyar nyelv és irodalom;közép;rendes;Nem;magyar;5;96;96;megjelent;38;9;25;14;8;2;96;-;-;-;-
2020;1;Bács-Kiskun;12;gimnázium;férfi;nappali;magyar nyelv és irodalom;közép;rendes;Nem;magyar;3;52;52;megjelent;24;7;9;8;2;2;52;-;-;-;-
2020;1;Bács-Kiskun;12;gimnázium;nő;nappali;magyar nyelv és irodalom;közép;rendes;Nem;magyar;4;66;66;megjelent;21;9;15;11;8;2;66;-;-;-;-
2020;1;Bács-Kiskun;12;gimnázium;férfi;nappali;magyar nyelv és irodalom;közép;rendes;Nem;magyar;4;69;69;megjelent;32;7;15;8;5;2;69;-;-;-;-
2020;1;Bács-Kiskun;12;gimnázium;nő;nappali;magyar nyelv és irodalom;közép;rendes;Nem;magyar;4;71;71;megjelent;30;6;15;11;8;1;71;-;-;-;-
2020;1;Bács-Kiskun;12;gimnázium;férfi;nappali;magyar nyelv és irodalom;közép;rendes;Nem;magyar;4;61;61;megjelent;36;5;11;8;0;1;61;-;-;-;-
2020;1;Bács-Kiskun;12;gimnázium;férfi;nappali;magyar nyelv és irodalom;közép;rendes;Nem;magyar;3;44;44;megjelent;21;5;9;7;0;2;44;-;-;-;-
2020;1;Bács-Kiskun;12;gimnázium;nő;nappali;magyar nyelv és irodalom;közép;rendes;Nem;magyar;4;69;69;megjelent;32;8;12;9;7;1;69;-;-;-;-
2020;1;Bács-Kiskun;12;gimnázium;nő;nappali;magyar nyelv és irodalom;közép;rendes;Nem;magyar;5;80;80;megjelent;37;8;13;12;8;2;80;-;-;-;-
2020;1;Bács-Kiskun;12;gimnázium;nő;nappali;magyar nyelv és irodalom;közép;rendes;Nem;magyar;5;80;80;megjelent;30;9;16;15;8;2;80;-;-;-;-
2020;1;Bács-Kiskun;12;gimnázium;nő;nappali;magyar nyelv és irodalom;közép;rendes;Nem;magyar;3;57;57;megjelent;29;7;12;8;0;1;57;-;-;-;-
2020;1;Bács-Kiskun;12;gimnázium;férfi;nappali;magyar nyelv és irodalom;közép;rendes;Nem;magyar;4;73;73;megjelent;30;9;17;7;8;2;73;-;-;-;-
2020;1;Bács-Kiskun;12;gimnázium;nő;nappali;magyar nyelv és irodalom;közép;rendes;Nem;magyar;4;66;66;megjelent;35;8;13;8;0;2;66;-;-;-;-
2020;1;Bács-Kiskun;12;gimnázium;férfi;nappali;magyar nyelv és irodalom;közép;rendes;Nem;magyar;5;80;80;megjelent;36;9;20;13;0;2;80;-;-;-;-
2020;1;Bács-Kiskun;12;gimnázium;férfi;nappali;magyar nyelv és irodalom;közép;rendes;Nem;magyar;4;66;66;megjelent;26;9;15;12;2;2;66;-;-;-;-
2020;1;Bács-Kiskun;12;szakgimnázium/szakközépiskola (2016.09.01-től kifutó rendszerben);nő;nappali;magyar nyelv és irodalom;közép;rendes;Nem;magyar;2;29;29;megjelent;13;2;6;6;0;2;29;-;-;-;-
2020;1;Bács-Kiskun;12;szakgimnázium/szakközépiskola (2016.09.01-től kifutó rendszerben);férfi;nappali;magyar nyelv és irodalom;közép;rendes;Nem;magyar;3;40;40;megjelent;22;4;6;8;0;0;40;-;-;-;-
2020;1;Bács-Kiskun;12;szakgimnázium/szakközépiskola (2016.09.01-től kifutó rendszerben);nő;nappali;magyar nyelv és irodalom;közép;rendes;Nem;magyar;3;48;48;megjelent;21;4;13;9;0;1;48;-;-;-;-
2020;1;Bács-Kiskun;12;szakgimnázium/szakközépiskola (2016.09.01-től kifutó rendszerben);nő;nappali;magyar nyelv és irodalom;közép;rendes;Nem;magyar;2;26;26;megjelent;13;3;2;6;0;2;26;-;-;-;-
2020;1;Bács-Kiskun;12;szakgimnázium/szakközépiskola (2016.09.01-től kifutó rendszerben);nő;nappali;magyar nyelv és irodalom;közép;rendes;Nem;magyar;4;60;60;megjelent;24;7;9;11;7;2;60;-;-;-;-
2020;1;Bács-Kiskun;12;szakgimnázium/szakközépiskola (2016.09.01-től kifutó rendszerben);nő;nappali;magyar nyelv és irodalom;közép;rendes;Nem;magyar;2;37;37;megjelent;17;7;3;4;4;2;37;-;-;-;-
2020;1;Bács-Kiskun;12;szakgimnázium/szakközépiskola (2016.09.01-től kifutó rendszerben);nő;nappali;magyar nyelv és irodalom;közép;rendes;Nem;magyar;2;35;35;megjelent;19;0;5;6;3;2;35;-;-;-;-
2020;1;Bács-Kiskun;12;szakgimnázium/szakközépiskola (2016.09.01-től kifutó rendszerben);férfi;nappali;magyar nyelv és irodalom;közép;rendes;Nem;magyar;4;63;63;megjelent;29;8;16;10;0;0;63;-;-;-;-
2020;1;Bács-Kiskun;12;szakgimnázium/szakközépiskola (2016.09.01-től kifutó rendszerben);nő;nappali;magyar nyelv és irodalom;közép;rendes;Nem;magyar;3;53;53;megjelent;22;8;11;10;0;2;53;-;-;-;-
2020;1;Bács-Kiskun;12;szakgimnázium/szakközépiskola (2016.09.01-től kifutó rendszerben);nő;nappali;magyar nyelv és irodalom;közép;rendes;Nem;magyar;3;46;46;megjelent;19;8;8;6;4;1;46;-;-;-;-
2020;1;Bács-Kiskun;12;szakgimnázium/szakközépiskola (2016.09.01-től kifutó rendszerben);férfi;nappali;magyar nyelv és irodalom;közép;rendes;Nem;magyar;3;53;53;megjelent;25;6;12;9;0;1;53;-;-;-;-
2020;1;Bács-Kiskun;12;szakgimnázium/szakközépiskola (2016.09.01-től kifutó rendszerben);nő;nappali;magyar nyelv és irodalom;közép;rendes;Nem;magyar;3;40;40;megjelent;18;4;8;7;1;2;40;-;-;-;-
2020;1;Bács-Kiskun;12;szakgimnázium/szakközépiskola (2016.09.01-től kifutó rendszerben);nő;nappali;magyar nyelv és irodalom;közép;rendes;Nem;magyar;3;40;40;megjelent;21;6;5;6;0;2;40;-;-;-;-
2020;1;Bács-Kiskun;12;szakgimnázium/szakközépiskola (2016.09.01-től kifutó rendszerben);nő;nappali;magyar nyelv és irodalom;közép;rendes;Nem;magyar;3;49;49;megjelent;25;3;12;9;0;0;49;-;-;-;-
2020;1;Bács-Kiskun;12;szakgimnázium/szakközépiskola (2016.09.01-től kifutó rendszerben);férfi;nappali;magyar nyelv és irodalom;közép;rendes;Nem;magyar;2;28;28;megjelent;17;3;4;4;0;0;28;-;-;-;-
2020;1;Bács-Kiskun;12;szakgimnázium/szakközépiskola (2016.09.01-től kifutó rendszerben);férfi;nappali;magyar nyelv és irodalom;közép;rendes;Nem;magyar;3;50;50;megjelent;24;4;11;10;0;1;50;-;-;-;-
2020;1;Bács-Kiskun;12;szakgimnázium/szakközépiskola (2016.09.01-től kifutó rendszerben);nő;nappali;magyar nyelv és irodalom;közép;rendes;Nem;magyar;2;34;34;megjelent;16;3;5;6;2;2;34;-;-;-;-
2020;1;Bács-Kiskun;12;szakgimnázium/szakközépiskola (2016.09.01-től kifutó rendszerben);nő;nappali;magyar nyelv és irodalom;közép;rendes;Nem;magyar;3;52;52;megjelent;26;7;8;9;0;2;52;-;-;-;-
2020;1;Bács-Kiskun;12;szakgimnázium/szakközépiskola (2016.09.01-től kifutó rendszerben);nő;nappali;magyar nyelv és irodalom;közép;rendes;Nem;magyar;3;45;45;megjelent;20;5;5;9;4;2;45;-;-;-;-
2020;1;Bács-Kiskun;12;gimnázium;férfi;nappali;magyar nyelv és irodalom;közép;rendes;Nem;magyar;4;70;70;megjelent;34;7;15;12;0;2;70;-;-;-;-
2020;1;Bács-Kiskun;12;gimnázium;nő;nappali;magyar nyelv és irodalom;közép;rendes;Nem;magyar;5;83;83;megjelent;31;6;22;15;7;2;83;-;-;-;-
2020;1;Bács-Kiskun;12;gimnázium;férfi;nappali;magyar nyelv és irodalom;közép;rendes;Nem;magyar;3;55;55;megjelent;28;3;15;8;0;1;55;-;-;-;-
2020;1;Bács-Kiskun;12;gimnázium;férfi;nappali;magyar nyelv és irodalom;közép;rendes;Nem;magyar;4;71;71;megjelent;34;8;16;11;1;1;71;-;-;-;-
2020;1;Bács-Kiskun;12;gimnázium;férfi;nappali;magyar nyelv és irodalom;közép;rendes;Nem;magyar;4;71;71;megjelent;31;9;18;11;0;2;71;-;-;-;-
2020;1;Bács-Kiskun;12;gimnázium;férfi;nappali;magyar nyelv és irodalom;közép;rendes;Nem;magyar;4;61;61;megjelent;24;8;15;12;0;2;61;-;-;-;-
2020;1;Bács-Kiskun;12;gimnázium;nő;nappali;magyar nyelv és irodalom;közép;rendes;Nem;magyar;5;91;91;megjelent;33;10;25;15;6;2;91;-;-;-;-
2020;1;Bács-Kiskun;12;gimnázium;férfi;nappali;magyar nyelv és irodalom;közép;rendes;Nem;magyar;4;68;68;megjelent;33;8;15;10;1;1;68;-;-;-;-
2020;1;Bács-Kiskun;12;gimnázium;nő;nappali;magyar nyelv és irodalom;közép;rendes;Nem;magyar;5;95;95;megjelent;36;10;25;15;7;2;95;-;-;-;-
2020;1;Bács-Kiskun;12;gimnázium;nő;nappali;magyar nyelv és irodalom;közép;rendes;Nem;magyar;4;67;67;megjelent;28;9;17;11;0;2;67;-;-;-;-
2020;1;Bács-Kiskun;12;gimnázium;nő;nappali;magyar nyelv és irodalom;közép;rendes;Nem;magyar;5;83;83;megjelent;33;8;22;14;4;2;83;-;-;-;-
2020;1;Bács-Kiskun;12;gimnázium;nő;nappali;magyar nyelv és irodalom;közép;rendes;Nem;magyar;5;89;89;megjelent;35;9;23;14;6;2;89;-;-;-;-
2020;1;Bács-Kiskun;12;gimnázium;férfi;nappali;magyar nyelv és irodalom;közép;rendes;Nem;magyar;4;65;65;megjelent;29;7;15;12;0;2;65;-;-;-;-
2020;1;Bács-Kiskun;12;gimnázium;férfi;nappali;magyar nyelv és irodalom;közép;rendes;Nem;magyar;5;81;81;megjelent;35;10;17;13;4;2;81;-;-;-;-
2020;1;Bács-Kiskun;12;gimnázium;férfi;nappali;magyar nyelv és irodalom;közép;rendes;Nem;magyar;4;67;67;megjelent;30;9;16;11;0;1;67;-;-;-;-
2020;1;Bács-Kiskun;12;gimnázium;nő;nappali;magyar nyelv és irodalom;közép;rendes;Nem;magyar;4;72;72;megjelent;22;9;23;14;2;2;72;-;-;-;-
2020;1;Bács-Kiskun;12;gimnázium;férfi;nappali;magyar nyelv és irodalom;közép;rendes;Nem;magyar;3;54;54;megjelent;27;7;11;8;0;1;54;-;-;-;-
2020;1;Bács-Kiskun;12;gimnázium;férfi;nappali;magyar nyelv és irodalom;közép;rendes;Nem;magyar;3;54;54;megjelent;28;6;11;8;0;1;54;-;-;-;-
2020;1;Bács-Kiskun;12;gimnázium;férfi;nappali;magyar nyelv és irodalom;közép;rendes;Nem;magyar;4;70;70;megjelent;27;8;21;12;0;2;70;-;-;-;-
2020;1;Bács-Kiskun;12;gimnázium;férfi;nappali;magyar nyelv és irodalom;közép;rendes;Nem;magyar;3;50;50;megjelent;27;5;10;6;0;2;50;-;-;-;-
2020;1;Bács-Kiskun;12;gimnázium;nő;nappali;magyar nyelv és irodalom;közép;rendes;Nem;magyar;4;70;70;megjelent;28;7;21;12;0;2;70;-;-;-;-
2020;1;Bács-Kiskun;12;szakgimnázium/szakközépiskola (2016.09.01-től kifutó rendszerben);férfi;nappali;magyar nyelv és irodalom;közép;rendes;Nem;magyar;3;42;42;megjelent;25;4;8;5;0;0;42;-;-;-;-
2020;1;Bács-Kiskun;12;gimnázium;nő;nappali;magyar nyelv és irodalom;közép;rendes;Nem;magyar;4;71;71;megjelent;27;9;16;13;4;2;71;-;-;-;-
2020;1;Bács-Kiskun;12;gimnázium;nő;nappali;magyar nyelv és irodalom;közép;rendes;Nem;magyar;4;69;69;megjelent;25;9;20;13;0;2;69;-;-;-;-
2020;1;Bács-Kiskun;12;szakgimnázium/szakközépiskola (2016.09.01-től kifutó rendszerben);férfi;nappali;magyar nyelv és irodalom;közép;rendes;Nem;magyar;5;82;82;megjelent;36;10;23;12;0;1;82;-;-;-;-
2020;1;Bács-Kiskun;12;gimnázium;férfi;nappali;magyar nyelv és irodalom;közép;rendes;Nem;magyar;3;56;56;megjelent;29;6;12;8;0;1;56;-;-;-;-
2020;1;Bács-Kiskun;12;gimnázium;férfi;nappali;magyar nyelv és irodalom;közép;rendes;Nem;magyar;4;60;60;megjelent;27;7;13;11;0;2;60;-;-;-;-
2020;1;Bács-Kiskun;12;gimnázium;nő;nappali;magyar nyelv és irodalom;közép;rendes;Nem;magyar;3;40;40;megjelent;18;0;8;5;7;2;40;-;-;-;-
2020;1;Bács-Kiskun;12;szakgimnázium/szakközépiskola (2016.09.01-től kifutó rendszerben);férfi;nappali;magyar nyelv és irodalom;közép;rendes;Igen;magyar;3;58;54;megjelent;25;9;11;7;0;2;54;-;-;-;-
2020;1;Bács-Kiskun;12;gimnázium;nő;nappali;magyar nyelv és irodalom;közép;rendes;Nem;magyar;5;80;80;megjelent;29;9;18;14;8;2;80;-;-;-;-
2020;1;Bács-Kiskun;12;szakgimnázium/szakközépiskola (2016.09.01-től kifutó rendszerben);férfi;nappali;magyar nyelv és irodalom;közép;rendes;Nem;magyar;3;41;41;megjelent;31;4;2;4;0;0;41;-;-;-;-
2020;1;Bács-Kiskun;12;szakgimnázium/szakközépiskola (2016.09.01-től kifutó rendszerben);férfi;nappali;magyar nyelv és irodalom;közép;rendes;Nem;magyar;3;50;50;megjelent;24;6;12;8;0;0;50;-;-;-;-
2020;1;Bács-Kiskun;12;gimnázium;nő;nappali;magyar nyelv és irodalom;közép;rendes;Nem;magyar;5;80;80;megjelent;35;8;16;15;4;2;80;-;-;-;-
2020;1;Bács-Kiskun;12;szakgimnázium/szakközépiskola (2016.09.01-től kifutó rendszerben);férfi;nappali;magyar nyelv és irodalom;közép;rendes;Nem;magyar;2;32;32;megjelent;19;3;4;5;0;1;32;-;-;-;-
2020;1;Bács-Kiskun;12;szakgimnázium/szakközépiskola (2016.09.01-től kifutó rendszerben);férfi;nappali;magyar nyelv és irodalom;közép;rendes;Nem;magyar;4;69;69;megjelent;33;6;10;10;8;2;69;-;-;-;-
2020;1;Bács-Kiskun;12;gimnázium;nő;nappali;magyar nyelv és irodalom;közép;rendes;Nem;magyar;3;49;49;megjelent;24;3;8;10;2;2;49;-;-;-;-
2020;1;Bács-Kiskun;12;szakgimnázium/szakközépiskola (2016.09.01-től kifutó rendszerben);férfi;nappali;magyar nyelv és irodalom;közép;rendes;Nem;magyar;3;41;41;megjelent;22;6;6;7;0;0;41;-;-;-;-
2020;1;Bács-Kiskun;12;gimnázium;nő;nappali;magyar nyelv és irodalom;közép;rendes;Nem;magyar;4;62;62;megjelent;22;7;14;13;4;2;62;-;-;-;-
2020;1;Bács-Kiskun;12;szakgimnázium/szakközépiskola (2016.09.01-től kifutó rendszerben);férfi;nappali;magyar nyelv és irodalom;közép;rendes;Nem;magyar;2;39;39;megjelent;24;5;5;5;0;0;39;-;-;-;-
2020;1;Bács-Kiskun;12;szakgimnázium/szakközépiskola (2016.09.01-től kifutó rendszerben);férfi;nappali;magyar nyelv és irodalom;közép;rendes;Nem;magyar;2;27;27;megjelent;13;0;8;6;0;0;27;-;-;-;-
2020;1;Bács-Kiskun;12;gimnázium;nő;nappali;magyar nyelv és irodalom;közép;rendes;Nem;magyar;4;74;74;megjelent;32;8;20;12;0;2;74;-;-;-;-
2020;1;Bács-Kiskun;12;gimnázium;nő;nappali;magyar nyelv és irodalom;közép;rendes;Nem;magyar;4;60;60;megjelent;29;7;10;5;7;2;60;-;-;-;-
2020;1;Bács-Kiskun;12;gimnázium;nő;nappali;magyar nyelv és irodalom;közép;rendes;Nem;magyar;4;69;69;megjelent;31;7;17;12;1;1;69;-;-;-;-
2020;1;Bács-Kiskun;12;gimnázium;nő;nappali;magyar nyelv és irodalom;közép;rendes;Nem;magyar;5;83;83;megjelent;31;9;20;14;7;2;83;-;-;-;-
2020;1;Bács-Kiskun;12;gimnázium;nő;nappali;magyar nyelv és irodalom;közép;rendes;Nem;magyar;4;75;75;megjelent;31;8;19;13;2;2;75;-;-;-;-
2020;1;Bács-Kiskun;12;gimnázium;férfi;nappali;magyar nyelv és irodalom;közép;rendes;Nem;magyar;4;60;60;megjelent;28;6;16;9;0;1;60;-;-;-;-
2020;1;Bács-Kiskun;12;gimnázium;férfi;nappali;magyar nyelv és irodalom;közép;rendes;Nem;magyar;4;66;66;megjelent;26;8;17;14;0;1;66;-;-;-;-
2020;1;Bács-Kiskun;12;gimnázium;nő;nappali;magyar nyelv és irodalom;közép;rendes;Nem;magyar;2;31;31;megjelent;20;0;4;6;0;1;31;-;-;-;-
2020;1;Bács-Kiskun;12;gimnázium;nő;nappali;magyar nyelv és irodalom;közép;rendes;Nem;magyar;2;39;39;megjelent;23;6;4;4;0;2;39;-;-;-;-
2020;1;Bács-Kiskun;12;gimnázium;nő;nappali;magyar nyelv és irodalom;közép;rendes;Nem;magyar;2;38;38;megjelent;18;5;4;8;1;2;38;-;-;-;-
2020;1;Bács-Kiskun;12;gimnázium;nő;nappali;magyar nyelv és irodalom;közép;rendes;Nem;magyar;3;44;44;megjelent;22;6;7;7;0;2;44;-;-;-;-
2020;1;Bács-Kiskun;12;gimnázium;nő;nappali;magyar nyelv és irodalom;közép;rendes;Nem;magyar;3;44;44;megjelent;24;7;4;7;0;2;44;-;-;-;-
2020;1;Bács-Kiskun;12;gimnázium;nő;nappali;magyar nyelv és irodalom;közép;rendes;Nem;magyar;4;62;62;megjelent;31;9;11;9;0;2;62;-;-;-;-
2020;1;Bács-Kiskun;12;gimnázium;férfi;nappali;magyar nyelv és irodalom;közép;rendes;Igen;magyar;3;42;39;megjelent;25;5;4;5;0;0;39;-;-;-;-
2020;1;Bács-Kiskun;12;gimnázium;férfi;nappali;magyar nyelv és irodalom;közép;rendes;Nem;magyar;3;40;40;megjelent;22;5;5;7;0;1;40;-;-;-;-
2020;1;Bács-Kiskun;12;gimnázium;nő;nappali;magyar nyelv és irodalom;közép;rendes;Nem;magyar;3;45;45;megjelent;21;6;7;9;0;2;45;-;-;-;-
2020;1;Bács-Kiskun;12;gimnázium;nő;nappali;magyar nyelv és irodalom;közép;rendes;Nem;magyar;3;49;49;megjelent;19;8;11;9;0;2;49;-;-;-;-
2020;1;Bács-Kiskun;12;gimnázium;nő;nappali;magyar nyelv és irodalom;közép;rendes;Nem;magyar;2;28;28;megjelent;10;5;4;4;3;2;28;-;-;-;-
2020;1;Bács-Kiskun;12;gimnázium;férfi;nappali;magyar nyelv és irodalom;közép;rendes;Nem;magyar;3;44;44;megjelent;26;6;5;6;0;1;44;-;-;-;-
2020;1;Bács-Kiskun;12;gimnázium;nő;nappali;magyar nyelv és irodalom;közép;rendes;Nem;magyar;3;43;43;megjelent;22;6;6;7;1;1;43;-;-;-;-
2020;1;Bács-Kiskun;12;gimnázium;nő;nappali;magyar nyelv és irodalom;közép;rendes;Nem;magyar;2;36;36;megjelent;15;5;6;8;0;2;36;-;-;-;-
2020;1;Bács-Kiskun;12;gimnázium;férfi;nappali;magyar nyelv és irodalom;közép;rendes;Nem;magyar;2;33;33;megjelent;18;4;4;5;0;2;33;-;-;-;-
2020;1;Bács-Kiskun;12;gimnázium;férfi;nappali;magyar nyelv és irodalom;közép;rendes;Nem;magyar;2;31;31;megjelent;15;5;4;5;0;2;31;-;-;-;-
2020;1;Bács-Kiskun;12;gimnázium;férfi;nappali;magyar nyelv és irodalom;közép;rendes;Nem;magyar;4;61;61;megjelent;31;8;7;7;6;2;61;-;-;-;-
2020;1;Bács-Kiskun;12;gimnázium;férfi;nappali;magyar nyelv és irodalom;közép;rendes;Igen;magyar;2;32;30;megjelent;14;6;4;5;0;1;30;-;-;-;-
2020;1;Bács-Kiskun;12;szakgimnázium/szakközépiskola (2016.09.01-től kifutó rendszerben);férfi;nappali;magyar nyelv és irodalom;közép;rendes;Nem;magyar;3;48;48;megjelent;22;6;10;9;0;1;48;-;-;-;-
2020;1;Bács-Kiskun;12;szakgimnázium/szakközépiskola (2016.09.01-től kifutó rendszerben);nő;nappali;magyar nyelv és irodalom;közép;rendes;Nem;magyar;3;53;53;megjelent;23;7;11;9;2;1;53;-;-;-;-
2020;1;Bács-Kiskun;12;szakgimnázium/szakközépiskola (2016.09.01-től kifutó rendszerben);férfi;nappali;magyar nyelv és irodalom;közép;rendes;Nem;magyar;4;64;64;megjelent;30;8;16;9;0;1;64;-;-;-;-
2020;1;Bács-Kiskun;12;szakgimnázium/szakközépiskola (2016.09.01-től kifutó rendszerben);nő;nappali;magyar nyelv és irodalom;közép;rendes;Nem;magyar;3;54;54;megjelent;20;7;11;11;3;2;54;-;-;-;-
2020;1;Bács-Kiskun;12;szakgimnázium/szakközépiskola (2016.09.01-től kifutó rendszerben);férfi;nappali;magyar nyelv és irodalom;közép;rendes;Nem;magyar;3;53;53;megjelent;28;7;10;8;0;0;53;-;-;-;-
2020;1;Bács-Kiskun;12;szakgimnázium/szakközépiskola (2016.09.01-től kifutó rendszerben);nő;nappali;magyar nyelv és irodalom;közép;rendes;Nem;magyar;3;41;41;megjelent;15;4;10;6;4;2;41;-;-;-;-
2020;1;Bács-Kiskun;12;szakgimnázium/szakközépiskola (2016.09.01-től kifutó rendszerben);nő;nappali;magyar nyelv és irodalom;közép;rendes;Nem;magyar;4;61;61;megjelent;23;8;18;10;0;2;61;-;-;-;-
2020;1;Bács-Kiskun;12;szakgimnázium/szakközépiskola (2016.09.01-től kifutó rendszerben);férfi;nappali;magyar nyelv és irodalom;közép;rendes;Nem;magyar;3;40;40;megjelent;16;6;10;7;0;1;40;-;-;-;-
2020;1;Bács-Kiskun;12;szakgimnázium/szakközépiskola (2016.09.01-től kifutó rendszerben);férfi;nappali;magyar nyelv és irodalom;közép;rendes;Nem;magyar;3;47;47;megjelent;22;5;13;7;0;0;47;-;-;-;-
2020;1;Bács-Kiskun;12;szakgimnázium/szakközépiskola (2016.09.01-től kifutó rendszerben);férfi;nappali;magyar nyelv és irodalom;közép;rendes;Nem;magyar;3;51;51;megjelent;23;7;13;8;0;0;51;-;-;-;-
2020;1;Bács-Kiskun;12;szakgimnázium/szakközépiskola (2016.09.01-től kifutó rendszerben);férfi;nappali;magyar nyelv és irodalom;közép;rendes;Nem;magyar;3;41;41;megjelent;19;4;9;8;0;1;41;-;-;-;-
2020;1;Bács-Kiskun;12;szakgimnázium/szakközépiskola (2016.09.01-től kifutó rendszerben);nő;nappali;magyar nyelv és irodalom;közép;rendes;Nem;magyar;2;31;31;megjelent;9;6;10;5;0;1;31;-;-;-;-
2020;1;Bács-Kiskun;12;szakgimnázium/szakközépiskola (2016.09.01-től kifutó rendszerben);nő;nappali;magyar nyelv és irodalom;közép;rendes;Nem;magyar;3;52;52;megjelent;23;8;13;7;0;1;52;-;-;-;-
2020;1;Bács-Kiskun;12;szakgimnázium/szakközépiskola (2016.09.01-től kifutó rendszerben);férfi;nappali;magyar nyelv és irodalom;közép;rendes;Nem;magyar;2;36;36;megjelent;21;4;2;6;1;2;36;-;-;-;-
2020;1;Bács-Kiskun;12;szakgimnázium/szakközépiskola (2016.09.01-től kifutó rendszerben);férfi;nappali;magyar nyelv és irodalom;közép;rendes;Nem;magyar;2;25;25;megjelent;15;0;5;4;0;1;25;-;-;-;-
2020;1;Bács-Kiskun;12;szakgimnázium/szakközépiskola (2016.09.01-től kifutó rendszerben);férfi;nappali;magyar nyelv és irodalom;közép;rendes;Nem;magyar;2;36;36;megjelent;15;6;8;7;0;0;36;-;-;-;-
2020;1;Bács-Kiskun;12;szakgimnázium/szakközépiskola (2016.09.01-től kifutó rendszerben);férfi;nappali;magyar nyelv és irodalom;közép;rendes;Nem;magyar;3;44;44;megjelent;29;3;5;7;0;0;44;-;-;-;-
2020;1;Bács-Kiskun;12;szakgimnázium/szakközépiskola (2016.09.01-től kifutó rendszerben);férfi;nappali;magyar nyelv és irodalom;közép;rendes;Nem;magyar;3;44;44;megjelent;28;5;5;6;0;0;44;-;-;-;-
2020;1;Bács-Kiskun;12;szakgimnázium/szakközépiskola (2016.09.01-től kifutó rendszerben);férfi;nappali;magyar nyelv és irodalom;közép;rendes;Nem;magyar;3;40;40;megjelent;21;4;6;8;0;1;40;-;-;-;-
2020;1;Bács-Kiskun;12;szakgimnázium/szakközépiskola (2016.09.01-től kifutó rendszerben);nő;nappali;magyar nyelv és irodalom;közép;rendes;Nem;magyar;5;98;98;megjelent;38;10;25;15;8;2;98;-;-;-;-
2020;1;Bács-Kiskun;12;gimnázium;férfi;nappali;magyar nyelv és irodalom;közép;rendes;Nem;magyar;5;90;90;megjelent;35;9;22;14;8;2;90;-;-;-;-
2020;1;Bács-Kiskun;12;szakgimnázium/szakközépiskola (2016.09.01-től kifutó rendszerben);férfi;nappali;magyar nyelv és irodalom;közép;rendes;Nem;magyar;3;49;49;megjelent;33;4;6;6;0;0;49;-;-;-;-
2020;1;Bács-Kiskun;12;szakgimnázium/szakközépiskola (2016.09.01-től kifutó rendszerben);férfi;nappali;magyar nyelv és irodalom;közép;rendes;Nem;magyar;4;73;73;megjelent;37;8;18;9;0;1;73;-;-;-;-
2020;1;Bács-Kiskun;12;gimnázium;férfi;nappali;magyar nyelv és irodalom;közép;rendes;Nem;magyar;5;88;88;megjelent;35;10;19;14;8;2;88;-;-;-;-
2020;1;Bács-Kiskun;12;szakgimnázium/szakközépiskola (2016.09.01-től kifutó rendszerben);nő;nappali;magyar nyelv és irodalom;közép;rendes;Nem;magyar;3;47;47;megjelent;17;8;12;9;0;1;47;-;-;-;-
2020;1;Bács-Kiskun;12;gimnázium;férfi;nappali;magyar nyelv és irodalom;közép;rendes;Nem;magyar;4;75;75;megjelent;33;10;17;13;0;2;75;-;-;-;-
2020;1;Bács-Kiskun;12;szakgimnázium/szakközépiskola (2016.09.01-től kifutó rendszerben);nő;nappali;magyar nyelv és irodalom;közép;rendes;Nem;magyar;3;49;49;megjelent;18;8;11;9;1;2;49;-;-;-;-
2020;1;Bács-Kiskun;12;szakgimnázium/szakközépiskola (2016.09.01-től kifutó rendszerben);férfi;nappali;magyar nyelv és irodalom;közép;előrehozott;Nem;magyar;2;25;25;megjelent;13;3;4;5;0;0;25;-;-;-;-
2020;1;Bács-Kiskun;12;szakgimnázium/szakközépiskola (2016.09.01-től kifutó rendszerben);férfi;nappali;magyar nyelv és irodalom;közép;rendes;Nem;magyar;2;33;33;megjelent;16;5;7;5;0;0;33;-;-;-;-
2020;1;Bács-Kiskun;12;szakgimnázium/szakközépiskola (2016.09.01-től kifutó rendszerben);férfi;nappali;magyar nyelv és irodalom;közép;rendes;Nem;magyar;3;49;49;megjelent;20;5;14;9;0;1;49;-;-;-;-
2020;1;Bács-Kiskun;12;gimnázium;férfi;nappali;magyar nyelv és irodalom;közép;rendes;Nem;magyar;4;74;74;megjelent;30;8;18;12;4;2;74;-;-;-;-
2020;1;Bács-Kiskun;12;szakgimnázium/szakközépiskola (2016.09.01-től kifutó rendszerben);férfi;nappali;magyar nyelv és irodalom;közép;rendes;Nem;magyar;2;25;25;megjelent;13;4;4;4;0;0;25;-;-;-;-
2020;1;Bács-Kiskun;12;gimnázium;férfi;nappali;magyar nyelv és irodalom;közép;rendes;Nem;magyar;4;66;66;megjelent;32;7;15;11;0;1;66;-;-;-;-
2020;1;Bács-Kiskun;12;szakgimnázium/szakközépiskola (2016.09.01-től kifutó rendszerben);nő;nappali;magyar nyelv és irodalom;közép;rendes;Nem;magyar;3;41;41;megjelent;17;6;5;7;4;2;41;-;-;-;-
2020;1;Bács-Kiskun;12;szakgimnázium/szakközépiskola (2016.09.01-től kifutó rendszerben);nő;nappali;magyar nyelv és irodalom;közép;rendes;Nem;magyar;2;34;34;megjelent;16;6;4;7;0;1;34;-;-;-;-
2020;1;Bács-Kiskun;12;gimnázium;férfi;nappali;magyar nyelv és irodalom;közép;rendes;Nem;magyar;5;89;89;megjelent;36;10;23;13;5;2;89;-;-;-;-
2020;1;Bács-Kiskun;12;gimnázium;férfi;nappali;magyar nyelv és irodalom;közép;rendes;Nem;magyar;4;69;69;megjelent;33;6;13;11;4;2;69;-;-;-;-
2020;1;Bács-Kiskun;12;gimnázium;nő;nappali;magyar nyelv és irodalom;közép;rendes;Nem;magyar;4;65;65;megjelent;33;6;14;10;0;2;65;-;-;-;-
2020;1;Bács-Kiskun;12;gimnázium;nő;nappali;magyar nyelv és irodalom;közép;rendes;Nem;magyar;5;82;82;megjelent;35;10;19;11;5;2;82;-;-;-;-
2020;1;Bács-Kiskun;12;gimnázium;nő;nappali;magyar nyelv és irodalom;közép;rendes;Nem;magyar;5;80;80;megjelent;31;10;19;10;8;2;80;-;-;-;-
2020;1;Bács-Kiskun;12;gimnázium;nő;nappali;magyar nyelv és irodalom;közép;rendes;Nem;magyar;5;92;92;megjelent;33;10;24;15;8;2;92;-;-;-;-
2020;1;Bács-Kiskun;12;gimnázium;nő;nappali;magyar nyelv és irodalom;közép;rendes;Nem;magyar;5;85;85;megjelent;34;8;19;14;8;2;85;-;-;-;-
2020;1;Bács-Kiskun;12;gimnázium;nő;nappali;magyar nyelv és irodalom;közép;rendes;Nem;magyar;5;81;81;megjelent;33;9;19;14;4;2;81;-;-;-;-
2020;1;Bács-Kiskun;12;gimnázium;férfi;nappali;magyar nyelv és irodalom;közép;rendes;Nem;magyar;4;78;78;megjelent;32;9;21;13;1;2;78;-;-;-;-
2020;1;Bács-Kiskun;12;gimnázium;nő;nappali;magyar nyelv és irodalom;közép;rendes;Nem;magyar;5;86;86;megjelent;38;9;22;14;1;2;86;-;-;-;-
2020;1;Bács-Kiskun;12;gimnázium;férfi;nappali;magyar nyelv és irodalom;közép;rendes;Nem;magyar;5;80;80;megjelent;30;10;20;12;6;2;80;-;-;-;-
2020;1;Bács-Kiskun;12;gimnázium;nő;nappali;magyar nyelv és irodalom;közép;rendes;Nem;magyar;4;70;70;megjelent;33;9;14;12;0;2;70;-;-;-;-
2020;1;Bács-Kiskun;12;gimnázium;férfi;nappali;magyar nyelv és irodalom;közép;rendes;Nem;magyar;5;92;92;megjelent;36;10;23;15;6;2;92;-;-;-;-
2020;1;Bács-Kiskun;12;gimnázium;nő;nappali;magyar nyelv és irodalom;közép;rendes;Nem;magyar;5;81;81;megjelent;33;10;23;13;0;2;81;-;-;-;-
2020;1;Bács-Kiskun;12;gimnázium;nő;nappali;magyar nyelv és irodalom;közép;rendes;Nem;magyar;4;77;77;megjelent;32;9;20;14;0;2;77;-;-;-;-
2020;1;Bács-Kiskun;12;gimnázium;nő;nappali;magyar nyelv és irodalom;közép;rendes;Nem;magyar;4;77;77;megjelent;30;9;15;15;6;2;77;-;-;-;-
2020;1;Bács-Kiskun;12;gimnázium;nő;nappali;magyar nyelv és irodalom;közép;rendes;Nem;magyar;5;80;80;megjelent;32;8;18;13;7;2;80;-;-;-;-
2020;1;Bács-Kiskun;12;gimnázium;nő;nappali;magyar nyelv és irodalom;közép;rendes;Nem;magyar;5;91;91;megjelent;35;9;23;15;7;2;91;-;-;-;-
2020;1;Bács-Kiskun;12;gimnázium;férfi;nappali;magyar nyelv és irodalom;közép;rendes;Nem;magyar;4;67;67;megjelent;29;8;15;9;4;2;67;-;-;-;-
2020;1;Bács-Kiskun;12;gimnázium;férfi;nappali;magyar nyelv és irodalom;közép;rendes;Nem;magyar;4;68;68;megjelent;33;9;14;11;0;1;68;-;-;-;-
2020;1;Bács-Kiskun;12;gimnázium;nő;nappali;magyar nyelv és irodalom;közép;rendes;Nem;magyar;5;85;85;megjelent;33;6;21;15;8;2;85;-;-;-;-
2020;1;Bács-Kiskun;12;gimnázium;férfi;nappali;magyar nyelv és irodalom;közép;rendes;Nem;magyar;4;69;69;megjelent;31;10;14;12;0;2;69;-;-;-;-
2020;1;Bács-Kiskun;12;gimnázium;férfi;nappali;magyar nyelv és irodalom;közép;rendes;Nem;magyar;4;69;69;megjelent;29;7;15;9;7;2;69;-;-;-;-
2020;1;Bács-Kiskun;12;gimnázium;nő;nappali;magyar nyelv és irodalom;közép;rendes;Nem;magyar;5;80;80;megjelent;33;10;19;15;1;2;80;-;-;-;-
2020;1;Bács-Kiskun;12;gimnázium;férfi;nappali;magyar nyelv és irodalom;közép;rendes;Nem;magyar;4;60;60;megjelent;27;6;10;7;8;2;60;-;-;-;-
2020;1;Bács-Kiskun;12;gimnázium;férfi;nappali;magyar nyelv és irodalom;közép;rendes;Nem;magyar;4;66;66;megjelent;29;0;18;12;5;2;66;-;-;-;-
2020;1;Bács-Kiskun;12;gimnázium;nő;nappali;magyar nyelv és irodalom;közép;rendes;Nem;magyar;5;84;84;megjelent;31;10;19;14;8;2;84;-;-;-;-
2020;1;Bács-Kiskun;12;gimnázium;férfi;nappali;magyar nyelv és irodalom;közép;rendes;Nem;magyar;4;68;68;megjelent;32;6;10;13;5;2;68;-;-;-;-
2020;1;Bács-Kiskun;12;gimnázium;férfi;nappali;magyar nyelv és irodalom;közép;rendes;Nem;magyar;5;80;80;megjelent;35;6;19;13;5;2;80;-;-;-;-
2020;1;Bács-Kiskun;12;gimnázium;férfi;nappali;magyar nyelv és irodalom;közép;rendes;Nem;magyar;4;75;75;megjelent;27;7;19;13;8;1;75;-;-;-;-
2020;1;Bács-Kiskun;12;gimnázium;nő;nappali;magyar nyelv és irodalom;közép;rendes;Nem;magyar;4;60;60;megjelent;29;5;10;6;8;2;60;-;-;-;-
2020;1;Bács-Kiskun;12;gimnázium;nő;nappali;magyar nyelv és irodalom;közép;rendes;Nem;magyar;5;80;80;megjelent;31;9;20;13;5;2;80;-;-;-;-
2020;1;Bács-Kiskun;12;gimnázium;férfi;nappali;magyar nyelv és irodalom;közép;rendes;Nem;magyar;5;92;92;megjelent;36;10;25;15;4;2;92;-;-;-;-
2020;1;Bács-Kiskun;12;gimnázium;nő;nappali;magyar nyelv és irodalom;közép;rendes;Nem;magyar;4;76;76;megjelent;35;8;20;11;0;2;76;-;-;-;-
2020;1;Bács-Kiskun;12;gimnázium;nő;nappali;magyar nyelv és irodalom;közép;rendes;Nem;magyar;5;81;81;megjelent;36;8;17;11;8;1;81;-;-;-;-
2020;1;Bács-Kiskun;12;gimnázium;nő;nappali;magyar nyelv és irodalom;közép;rendes;Nem;magyar;4;65;65;megjelent;30;8;14;11;0;2;65;-;-;-;-
2020;1;Bács-Kiskun;12;gimnázium;nő;nappali;magyar nyelv és irodalom;közép;rendes;Nem;magyar;4;63;63;megjelent;30;7;15;9;0;2;63;-;-;-;-
2020;1;Bács-Kiskun;12;gimnázium;nő;nappali;magyar nyelv és irodalom;közép;rendes;Nem;magyar;4;74;74;megjelent;31;9;18;11;3;2;74;-;-;-;-
2020;1;Bács-Kiskun;12;gimnázium;nő;nappali;magyar nyelv és irodalom;közép;rendes;Nem;magyar;3;52;52;megjelent;20;5;12;9;4;2;52;-;-;-;-
2020;1;Bács-Kiskun;12;gimnázium;nő;nappali;magyar nyelv és irodalom;közép;rendes;Nem;magyar;4;70;70;megjelent;30;8;19;11;0;2;70;-;-;-;-
2020;1;Bács-Kiskun;12;gimnázium;nő;nappali;magyar nyelv és irodalom;közép;rendes;Nem;magyar;4;69;69;megjelent;34;9;14;10;0;2;69;-;-;-;-
2020;1;Bács-Kiskun;12;gimnázium;férfi;nappali;magyar nyelv és irodalom;közép;rendes;Igen;magyar;5;82;81;megjelent;33;10;17;13;8;0;81;-;-;-;-
2020;1;Bács-Kiskun;12;gimnázium;férfi;nappali;magyar nyelv és irodalom;közép;rendes;Nem;magyar;4;75;75;megjelent;34;9;17;11;3;1;75;-;-;-;-
2020;1;Bács-Kiskun;12;gimnázium;férfi;nappali;magyar nyelv és irodalom;közép;rendes;Nem;magyar;5;80;80;megjelent;31;9;17;15;6;2;80;-;-;-;-
2020;1;Bács-Kiskun;12;gimnázium;nő;nappali;magyar nyelv és irodalom;közép;rendes;Nem;magyar;5;84;84;megjelent;32;9;22;12;7;2;84;-;-;-;-
2020;1;Bács-Kiskun;12;gimnázium;nő;nappali;magyar nyelv és irodalom;közép;rendes;Nem;magyar;5;82;82;megjelent;30;10;20;12;8;2;82;-;-;-;-
2020;1;Bács-Kiskun;12;gimnázium;nő;nappali;magyar nyelv és irodalom;közép;rendes;Nem;magyar;5;92;92;megjelent;38;9;25;15;3;2;92;-;-;-;-
2020;1;Bács-Kiskun;12;gimnázium;férfi;nappali;magyar nyelv és irodalom;közép;rendes;Nem;magyar;4;78;78;megjelent;33;9;15;13;6;2;78;-;-;-;-
2020;1;Bács-Kiskun;12;gimnázium;nő;nappali;magyar nyelv és irodalom;közép;rendes;Nem;magyar;5;95;95;megjelent;37;10;25;13;8;2;95;-;-;-;-
2020;1;Bács-Kiskun;12;gimnázium;nő;nappali;magyar nyelv és irodalom;közép;rendes;Nem;magyar;5;81;81;megjelent;38;9;19;10;4;1;81;-;-;-;-
2020;1;Bács-Kiskun;12;gimnázium;nő;nappali;magyar nyelv és irodalom;közép;rendes;Nem;magyar;4;60;60;megjelent;26;9;14;9;0;2;60;-;-;-;-
2020;1;Bács-Kiskun;12;gimnázium;nő;nappali;magyar nyelv és irodalom;közép;rendes;Nem;magyar;4;67;67;megjelent;29;7;14;7;8;2;67;-;-;-;-
2020;1;Bács-Kiskun;12;gimnázium;nő;nappali;magyar nyelv és irodalom;közép;rendes;Nem;magyar;4;73;73;megjelent;29;8;19;13;2;2;73;-;-;-;-
2020;1;Bács-Kiskun;12;gimnázium;nő;nappali;magyar nyelv és irodalom;közép;rendes;Nem;magyar;4;68;68;megjelent;25;10;16;9;7;1;68;-;-;-;-
2020;1;Bács-Kiskun;12;gimnázium;nő;nappali;magyar nyelv és irodalom;közép;rendes;Nem;magyar;4;61;61;megjelent;26;8;11;9;5;2;61;-;-;-;-
2020;1;Bács-Kiskun;12;gimnázium;férfi;nappali;magyar nyelv és irodalom;közép;rendes;Nem;magyar;4;65;65;megjelent;33;7;10;6;7;2;65;-;-;-;-
2020;1;Bács-Kiskun;12;gimnázium;férfi;nappali;magyar nyelv és irodalom;közép;rendes;Nem;magyar;4;63;63;megjelent;35;6;9;7;5;1;63;-;-;-;-
2020;1;Bács-Kiskun;12;gimnázium;férfi;nappali;magyar nyelv és irodalom;közép;rendes;Nem;magyar;4;65;65;megjelent;34;5;12;8;5;1;65;-;-;-;-
2020;1;Bács-Kiskun;12;gimnázium;nő;nappali;magyar nyelv és irodalom;közép;rendes;Nem;magyar;3;58;58;megjelent;17;8;15;11;6;1;58;-;-;-;-
2020;1;Bács-Kiskun;12;gimnázium;férfi;nappali;magyar nyelv és irodalom;közép;rendes;Nem;magyar;5;84;84;megjelent;39;9;21;12;2;1;84;-;-;-;-
2020;1;Bács-Kiskun;12;gimnázium;nő;nappali;magyar nyelv és irodalom;közép;rendes;Nem;magyar;5;85;85;megjelent;31;10;22;14;6;2;85;-;-;-;-
2020;1;Bács-Kiskun;12;gimnázium;férfi;nappali;magyar nyelv és irodalom;közép;rendes;Nem;magyar;4;61;61;megjelent;30;7;14;9;0;1;61;-;-;-;-
2020;1;Bács-Kiskun;12;gimnázium;nő;nappali;magyar nyelv és irodalom;közép;rendes;Nem;magyar;4;77;77;megjelent;37;9;15;8;7;1;77;-;-;-;-
2020;1;Bács-Kiskun;12;gimnázium;nő;nappali;magyar nyelv és irodalom;közép;rendes;Nem;magyar;4;78;78;megjelent;34;10;20;12;0;2;78;-;-;-;-
2020;1;Bács-Kiskun;12;gimnázium;férfi;nappali;magyar nyelv és irodalom;közép;rendes;Nem;magyar;5;80;80;megjelent;30;10;20;11;7;2;80;-;-;-;-
2020;1;Bács-Kiskun;12;gimnázium;férfi;nappali;magyar nyelv és irodalom;közép;rendes;Nem;magyar;4;69;69;megjelent;28;9;19;12;0;1;69;-;-;-;-
2020;1;Bács-Kiskun;12;gimnázium;nő;nappali;magyar nyelv és irodalom;közép;rendes;Nem;magyar;5;90;90;megjelent;33;10;23;15;7;2;90;-;-;-;-
2020;1;Bács-Kiskun;12;gimnázium;férfi;nappali;magyar nyelv és irodalom;közép;rendes;Nem;magyar;5;95;95;megjelent;38;10;25;14;6;2;95;-;-;-;-
2020;1;Bács-Kiskun;12;gimnázium;nő;nappali;magyar nyelv és irodalom;közép;rendes;Nem;magyar;5;80;80;megjelent;31;10;22;13;2;2;80;-;-;-;-
2020;1;Bács-Kiskun;12;gimnázium;nő;nappali;magyar nyelv és irodalom;közép;rendes;Nem;magyar;5;80;80;megjelent;31;10;20;15;2;2;80;-;-;-;-
2020;1;Bács-Kiskun;12;gimnázium;nő;nappali;magyar nyelv és irodalom;közép;rendes;Nem;magyar;5;87;87;megjelent;34;10;20;14;7;2;87;-;-;-;-
2020;1;Bács-Kiskun;12;gimnázium;nő;nappali;magyar nyelv és irodalom;közép;rendes;Nem;magyar;5;86;86;megjelent;33;9;20;14;8;2;86;-;-;-;-
2020;1;Bács-Kiskun;12;gimnázium;férfi;nappali;magyar nyelv és irodalom;közép;rendes;Nem;magyar;4;72;72;megjelent;30;9;17;10;4;2;72;-;-;-;-
2020;1;Bács-Kiskun;12;gimnázium;férfi;nappali;magyar nyelv és irodalom;közép;rendes;Nem;magyar;4;77;77;megjelent;33;7;18;13;4;2;77;-;-;-;-
2020;1;Bács-Kiskun;12;gimnázium;nő;nappali;magyar nyelv és irodalom;közép;rendes;Nem;magyar;5;91;91;megjelent;37;10;21;15;6;2;91;-;-;-;-
2020;1;Bács-Kiskun;12;gimnázium;férfi;nappali;magyar nyelv és irodalom;közép;rendes;Nem;magyar;5;90;90;megjelent;35;10;22;15;7;1;90;-;-;-;-
2020;1;Bács-Kiskun;12;gimnázium;férfi;nappali;magyar nyelv és irodalom;közép;rendes;Nem;magyar;5;87;87;megjelent;35;10;20;15;5;2;87;-;-;-;-
2020;1;Bács-Kiskun;12;gimnázium;nő;nappali;magyar nyelv és irodalom;közép;rendes;Nem;magyar;5;91;91;megjelent;34;10;22;15;8;2;91;-;-;-;-
2020;1;Bács-Kiskun;12;szakgimnázium/szakközépiskola (2016.09.01-től kifutó rendszerben);nő;nappali;magyar nyelv és irodalom;közép;rendes;Nem;magyar;3;46;46;megjelent;24;5;7;8;0;2;46;-;-;-;-
2020;1;Bács-Kiskun;12;gimnázium;nő;nappali;magyar nyelv és irodalom;közép;rendes;Nem;magyar;4;67;67;megjelent;28;9;19;10;0;1;67;-;-;-;-
2020;1;Bács-Kiskun;12;gimnázium;nő;nappali;magyar nyelv és irodalom;közép;rendes;Nem;magyar;5;87;87;megjelent;31;10;23;15;6;2;87;-;-;-;-
2020;1;Bács-Kiskun;12;gimnázium;nő;nappali;magyar nyelv és irodalom;közép;rendes;Nem;magyar;5;89;89;megjelent;34;9;25;15;4;2;89;-;-;-;-
2020;1;Bács-Kiskun;12;gimnázium;férfi;nappali;magyar nyelv és irodalom;közép;rendes;Nem;magyar;4;60;60;megjelent;20;5;16;13;4;2;60;-;-;-;-
2020;1;Bács-Kiskun;12;gimnázium;nő;nappali;magyar nyelv és irodalom;közép;rendes;Nem;magyar;5;99;99;megjelent;40;10;25;15;7;2;99;-;-;-;-
2020;1;Bács-Kiskun;12;gimnázium;férfi;nappali;magyar nyelv és irodalom;közép;rendes;Igen;magyar;5;86;80;megjelent;35;9;22;13;0;1;80;-;-;-;-
2020;1;Bács-Kiskun;12;gimnázium;nő;nappali;magyar nyelv és irodalom;közép;rendes;Nem;magyar;5;81;81;megjelent;31;8;19;13;8;2;81;-;-;-;-
2020;1;Bács-Kiskun;12;gimnázium;férfi;nappali;magyar nyelv és irodalom;közép;rendes;Nem;magyar;5;85;85;megjelent;36;8;19;14;6;2;85;-;-;-;-
2020;1;Bács-Kiskun;12;gimnázium;nő;nappali;magyar nyelv és irodalom;közép;rendes;Nem;magyar;4;76;76;megjelent;29;8;16;13;8;2;76;-;-;-;-
2020;1;Bács-Kiskun;12;gimnázium;nő;nappali;magyar nyelv és irodalom;közép;rendes;Nem;magyar;5;96;96;megjelent;36;10;25;15;8;2;96;-;-;-;-
2020;1;Bács-Kiskun;12;gimnázium;nő;nappali;magyar nyelv és irodalom;közép;rendes;Nem;magyar;5;81;81;megjelent;32;8;20;15;4;2;81;-;-;-;-
2020;1;Bács-Kiskun;12;gimnázium;nő;nappali;magyar nyelv és irodalom;közép;rendes;Nem;magyar;5;96;96;megjelent;38;10;25;14;7;2;96;-;-;-;-
2020;1;Bács-Kiskun;12;gimnázium;nő;nappali;magyar nyelv és irodalom;közép;rendes;Nem;magyar;5;80;80;megjelent;38;9;17;11;4;1;80;-;-;-;-
2020;1;Bács-Kiskun;12;gimnázium;férfi;nappali;magyar nyelv és irodalom;közép;rendes;Nem;magyar;5;91;91;megjelent;39;9;19;14;8;2;91;-;-;-;-
2020;1;Bács-Kiskun;12;gimnázium;nő;nappali;magyar nyelv és irodalom;közép;rendes;Nem;magyar;5;80;80;megjelent;35;7;17;12;7;2;80;-;-;-;-
2020;1;Bács-Kiskun;12;gimnázium;nő;nappali;magyar nyelv és irodalom;közép;rendes;Nem;magyar;5;84;84;megjelent;34;9;23;15;1;2;84;-;-;-;-
2020;1;Bács-Kiskun;12;gimnázium;férfi;nappali;magyar nyelv és irodalom;közép;rendes;Nem;magyar;5;84;84;megjelent;34;9;19;13;8;1;84;-;-;-;-
2020;1;Bács-Kiskun;12;gimnázium;férfi;nappali;magyar nyelv és irodalom;közép;rendes;Nem;magyar;4;71;71;megjelent;34;9;10;8;8;2;71;-;-;-;-
2020;1;Bács-Kiskun;12;gimnázium;nő;nappali;magyar nyelv és irodalom;közép;rendes;Nem;magyar;5;89;89;megjelent;35;10;22;15;5;2;89;-;-;-;-
2020;1;Bács-Kiskun;12;gimnázium;férfi;nappali;magyar nyelv és irodalom;közép;rendes;Nem;magyar;5;98;98;megjelent;39;10;25;15;7;2;98;-;-;-;-
2020;1;Bács-Kiskun;12;gimnázium;nő;nappali;magyar nyelv és irodalom;közép;rendes;Nem;magyar;5;80;80;megjelent;35;9;18;13;3;2;80;-;-;-;-
2020;1;Bács-Kiskun;12;gimnázium;férfi;nappali;magyar nyelv és irodalom;közép;rendes;Nem;magyar;5;82;82;megjelent;36;8;24;12;0;2;82;-;-;-;-
2020;1;Bács-Kiskun;12;gimnázium;nő;nappali;magyar nyelv és irodalom;közép;rendes;Nem;magyar;5;82;82;megjelent;35;10;17;10;8;2;82;-;-;-;-
2020;1;Bács-Kiskun;12;gimnázium;férfi;nappali;magyar nyelv és irodalom;közép;rendes;Nem;magyar;5;80;80;megjelent;34;8;20;13;4;1;80;-;-;-;-
2020;1;Bács-Kiskun;12;szakgimnázium/szakközépiskola (2016.09.01-től kifutó rendszerben);férfi;nappali;magyar nyelv és irodalom;közép;rendes;Nem;magyar;3;54;54;megjelent;31;7;7;8;0;1;54;-;-;-;-
2020;1;Bács-Kiskun;12;szakgimnázium/szakközépiskola (2016.09.01-től kifutó rendszerben);férfi;nappali;magyar nyelv és irodalom;közép;rendes;Nem;magyar;4;60;60;megjelent;31;9;10;7;1;2;60;-;-;-;-
2020;1;Bács-Kiskun;12;szakgimnázium/szakközépiskola (2016.09.01-től kifutó rendszerben);férfi;nappali;magyar nyelv és irodalom;közép;rendes;Nem;magyar;5;80;80;megjelent;32;8;19;13;8;0;80;-;-;-;-
2020;1;Bács-Kiskun;12;gimnázium;nő;nappali;magyar nyelv és irodalom;közép;rendes;Nem;magyar;4;71;71;megjelent;34;9;17;10;0;1;71;-;-;-;-
2020;1;Bács-Kiskun;12;szakgimnázium/szakközépiskola (2016.09.01-től kifutó rendszerben);férfi;nappali;magyar nyelv és irodalom;közép;rendes;Nem;magyar;3;48;48;megjelent;23;4;7;8;6;0;48;-;-;-;-
2020;1;Bács-Kiskun;12;szakgimnázium/szakközépiskola (2016.09.01-től kifutó rendszerben);férfi;nappali;magyar nyelv és irodalom;közép;rendes;Nem;magyar;5;80;80;megjelent;32;8;20;13;7;0;80;-;-;-;-
2020;1;Bács-Kiskun;12;szakgimnázium/szakközépiskola (2016.09.01-től kifutó rendszerben);férfi;nappali;magyar nyelv és irodalom;közép;rendes;Nem;magyar;2;31;31;megjelent;17;5;4;5;0;0;31;-;-;-;-
2020;1;Bács-Kiskun;12;gimnázium;nő;nappali;magyar nyelv és irodalom;közép;rendes;Nem;magyar;4;75;75;megjelent;34;5;16;11;7;2;75;-;-;-;-
2020;1;Bács-Kiskun;12;gimnázium;férfi;nappali;magyar nyelv és irodalom;közép;rendes;Nem;magyar;4;60;60;megjelent;20;7;21;12;0;0;60;-;-;-;-
2020;1;Bács-Kiskun;12;szakgimnázium/szakközépiskola (2016.09.01-től kifutó rendszerben);férfi;nappali;magyar nyelv és irodalom;közép;rendes;Nem;magyar;4;61;61;megjelent;31;7;14;9;0;0;61;-;-;-;-
2020;1;Bács-Kiskun;12;gimnázium;férfi;nappali;magyar nyelv és irodalom;közép;rendes;Nem;magyar;4;70;70;megjelent;36;9;13;9;2;1;70;-;-;-;-
2020;1;Bács-Kiskun;12;szakgimnázium/szakközépiskola (2016.09.01-től kifutó rendszerben);férfi;nappali;magyar nyelv és irodalom;közép;rendes;Nem;magyar;4;68;68;megjelent;35;9;14;10;0;0;68;-;-;-;-
2020;1;Bács-Kiskun;12;szakgimnázium/szakközépiskola (2016.09.01-től kifutó rendszerben);férfi;nappali;magyar nyelv és irodalom;közép;rendes;Nem;magyar;4;65;65;megjelent;32;7;15;11;0;0;65;-;-;-;-
2020;1;Bács-Kiskun;12;szakgimnázium/szakközépiskola (2016.09.01-től kifutó rendszerben);férfi;nappali;magyar nyelv és irodalom;közép;rendes;Nem;magyar;4;73;73;megjelent;36;9;17;11;0;0;73;-;-;-;-
2020;1;Bács-Kiskun;12;gimnázium;férfi;nappali;magyar nyelv és irodalom;közép;rendes;Nem;magyar;3;55;55;megjelent;28;8;11;7;0;1;55;-;-;-;-
2020;1;Bács-Kiskun;12;szakgimnázium/szakközépiskola (2016.09.01-től kifutó rendszerben);férfi;nappali;magyar nyelv és irodalom;közép;rendes;Nem;magyar;4;67;67;megjelent;32;8;10;12;5;0;67;-;-;-;-
2020;1;Bács-Kiskun;12;gimnázium;férfi;nappali;magyar nyelv és irodalom;közép;rendes;Nem;magyar;3;48;48;megjelent;28;6;8;6;0;0;48;-;-;-;-
2020;1;Bács-Kiskun;12;szakgimnázium/szakközépiskola (2016.09.01-től kifutó rendszerben);férfi;nappali;magyar nyelv és irodalom;közép;rendes;Nem;magyar;4;60;60;megjelent;26;8;15;11;0;0;60;-;-;-;-
2020;1;Bács-Kiskun;12;gimnázium;nő;nappali;magyar nyelv és irodalom;közép;rendes;Nem;magyar;5;80;80;megjelent;36;7;21;13;1;2;80;-;-;-;-
2020;1;Bács-Kiskun;12;szakgimnázium/szakközépiskola (2016.09.01-től kifutó rendszerben);férfi;nappali;magyar nyelv és irodalom;közép;rendes;Nem;magyar;3;53;53;megjelent;31;5;10;7;0;0;53;-;-;-;-
2020;1;Bács-Kiskun;12;szakgimnázium/szakközépiskola (2016.09.01-től kifutó rendszerben);férfi;nappali;magyar nyelv és irodalom;közép;rendes;Nem;magyar;3;48;48;megjelent;31;4;8;5;0;0;48;-;-;-;-
2020;1;Bács-Kiskun;12;gimnázium;nő;nappali;magyar nyelv és irodalom;közép;rendes;Nem;magyar;4;62;62;megjelent;28;9;15;8;0;2;62;-;-;-;-
2020;1;Bács-Kiskun;12;szakgimnázium/szakközépiskola (2016.09.01-től kifutó rendszerben);férfi;nappali;magyar nyelv és irodalom;közép;rendes;Nem;magyar;3;56;56;megjelent;33;7;8;8;0;0;56;-;-;-;-
2020;1;Bács-Kiskun;12;szakgimnázium/szakközépiskola (2016.09.01-től kifutó rendszerben);férfi;nappali;magyar nyelv és irodalom;közép;rendes;Nem;magyar;4;73;73;megjelent;36;7;16;12;2;0;73;-;-;-;-
2020;1;Bács-Kiskun;12;szakgimnázium/szakközépiskola (2016.09.01-től kifutó rendszerben);férfi;nappali;magyar nyelv és irodalom;közép;rendes;Nem;magyar;4;67;67;megjelent;35;9;10;10;3;0;67;-;-;-;-
2020;1;Bács-Kiskun;12;gimnázium;férfi;nappali;magyar nyelv és irodalom;közép;rendes;Nem;magyar;4;72;72;megjelent;32;9;16;10;3;2;72;-;-;-;-
2020;1;Bács-Kiskun;12;szakgimnázium/szakközépiskola (2016.09.01-től kifutó rendszerben);férfi;nappali;magyar nyelv és irodalom;közép;rendes;Nem;magyar;5;81;81;megjelent;37;8;18;11;7;0;81;-;-;-;-
2020;1;Bács-Kiskun;12;szakgimnázium/szakközépiskola (2016.09.01-től kifutó rendszerben);férfi;nappali;magyar nyelv és irodalom;közép;rendes;Nem;magyar;3;56;56;megjelent;31;8;10;7;0;0;56;-;-;-;-
2020;1;Bács-Kiskun;12;gimnázium;férfi;nappali;magyar nyelv és irodalom;közép;rendes;Nem;magyar;3;45;45;megjelent;27;6;5;6;0;1;45;-;-;-;-
2020;1;Bács-Kiskun;12;szakgimnázium/szakközépiskola (2016.09.01-től kifutó rendszerben);férfi;nappali;magyar nyelv és irodalom;közép;rendes;Nem;magyar;4;66;66;megjelent;31;8;16;10;1;0;66;-;-;-;-
2020;1;Bács-Kiskun;12;gimnázium;férfi;nappali;magyar nyelv és irodalom;közép;rendes;Nem;magyar;4;65;65;megjelent;37;8;12;8;0;0;65;-;-;-;-
2020;1;Bács-Kiskun;12;gimnázium;nő;nappali;magyar nyelv és irodalom;közép;rendes;Nem;magyar;3;53;53;megjelent;24;6;12;8;2;1;53;-;-;-;-
2020;1;Bács-Kiskun;12;gimnázium;férfi;nappali;magyar nyelv és irodalom;közép;rendes;Nem;magyar;5;80;80;megjelent;35;9;23;11;0;2;80;-;-;-;-
2020;1;Bács-Kiskun;12;szakgimnázium/szakközépiskola (2016.09.01-től kifutó rendszerben);férfi;nappali;magyar nyelv és irodalom;közép;rendes;Nem;magyar;4;72;72;megjelent;31;9;20;12;0;0;72;-;-;-;-
2020;1;Bács-Kiskun;12;gimnázium;férfi;nappali;magyar nyelv és irodalom;közép;rendes;Nem;magyar;3;55;55;megjelent;24;5;14;10;0;2;55;-;-;-;-
2020;1;Bács-Kiskun;12;gimnázium;férfi;nappali;magyar nyelv és irodalom;közép;rendes;Nem;magyar;3;50;50;megjelent;25;6;9;8;0;2;50;-;-;-;-
2020;1;Bács-Kiskun;12;gimnázium;nő;nappali;magyar nyelv és irodalom;közép;rendes;Nem;magyar;5;98;98;megjelent;38;10;25;15;8;2;98;-;-;-;-
2020;1;Bács-Kiskun;12;gimnázium;nő;nappali;magyar nyelv és irodalom;közép;rendes;Nem;magyar;5;86;86;megjelent;34;7;20;15;8;2;86;-;-;-;-
2020;1;Bács-Kiskun;12;gimnázium;nő;nappali;magyar nyelv és irodalom;közép;rendes;Nem;magyar;5;86;86;megjelent;36;10;19;12;7;2;86;-;-;-;-
2020;1;Bács-Kiskun;12;gimnázium;nő;nappali;magyar nyelv és irodalom;közép;rendes;Nem;magyar;5;80;80;megjelent;35;9;17;11;6;2;80;-;-;-;-
2020;1;Bács-Kiskun;12;szakgimnázium/szakközépiskola (2016.09.01-től kifutó rendszerben);férfi;nappali;magyar nyelv és irodalom;közép;rendes;Nem;magyar;3;40;40;megjelent;22;4;4;9;0;1;40;-;-;-;-
2020;1;Bács-Kiskun;12;gimnázium;nő;nappali;magyar nyelv és irodalom;közép;rendes;Nem;magyar;3;41;41;megjelent;19;6;4;7;3;2;41;-;-;-;-
2020;1;Bács-Kiskun;12;gimnázium;férfi;nappali;magyar nyelv és irodalom;közép;rendes;Nem;magyar;4;67;67;megjelent;30;7;20;8;0;2;67;-;-;-;-
2020;1;Bács-Kiskun;12;gimnázium;nő;nappali;magyar nyelv és irodalom;közép;rendes;Nem;magyar;3;43;43;megjelent;19;4;12;6;0;2;43;-;-;-;-
2020;1;Bács-Kiskun;12;szakgimnázium/szakközépiskola (2016.09.01-től kifutó rendszerben);nő;nappali;magyar nyelv és irodalom;közép;rendes;Nem;magyar;5;80;80;megjelent;29;10;24;15;0;2;80;-;-;-;-
2020;1;Bács-Kiskun;12;szakgimnázium/szakközépiskola (2016.09.01-től kifutó rendszerben);nő;nappali;magyar nyelv és irodalom;közép;rendes;Nem;magyar;4;69;69;megjelent;30;9;16;12;0;2;69;-;-;-;-
2020;1;Bács-Kiskun;12;gimnázium;férfi;nappali;magyar nyelv és irodalom;közép;rendes;Nem;magyar;4;64;64;megjelent;35;9;12;8;0;0;64;-;-;-;-
2020;1;Bács-Kiskun;12;szakgimnázium/szakközépiskola (2016.09.01-től kifutó rendszerben);nő;nappali;magyar nyelv és irodalom;közép;rendes;Nem;magyar;3;51;51;megjelent;24;7;7;7;5;1;51;-;-;-;-
2020;1;Bács-Kiskun;12;gimnázium;férfi;nappali;magyar nyelv és irodalom;közép;rendes;Nem;magyar;3;52;52;megjelent;25;4;16;6;0;1;52;-;-;-;-
2020;1;Bács-Kiskun;12;gimnázium;férfi;nappali;magyar nyelv és irodalom;közép;rendes;Nem;magyar;4;73;73;megjelent;32;8;18;8;5;2;73;-;-;-;-
2020;1;Bács-Kiskun;12;gimnázium;nő;nappali;magyar nyelv és irodalom;közép;rendes;Nem;magyar;5;80;80;megjelent;34;7;23;12;3;1;80;-;-;-;-
2020;1;Bács-Kiskun;12;gimnázium;férfi;nappali;magyar nyelv és irodalom;közép;rendes;Nem;magyar;5;85;85;megjelent;31;10;23;12;8;1;85;-;-;-;-
2020;1;Bács-Kiskun;12;gimnázium;férfi;nappali;magyar nyelv és irodalom;közép;rendes;Nem;magyar;4;60;60;megjelent;26;4;19;9;0;2;60;-;-;-;-
2020;1;Bács-Kiskun;12;gimnázium;nő;nappali;magyar nyelv és irodalom;közép;rendes;Nem;magyar;4;60;60;megjelent;30;3;16;9;0;2;60;-;-;-;-
2020;1;Bács-Kiskun;12;szakgimnázium/szakközépiskola (2016.09.01-től kifutó rendszerben);férfi;nappali;magyar nyelv és irodalom;közép;rendes;Igen;magyar;2;35;33;megjelent;21;5;3;3;0;1;33;-;-;-;-
2020;1;Bács-Kiskun;12;gimnázium;férfi;nappali;magyar nyelv és irodalom;közép;rendes;Nem;magyar;4;64;64;megjelent;28;8;16;10;0;2;64;-;-;-;-
2020;1;Bács-Kiskun;12;gimnázium;nő;nappali;magyar nyelv és irodalom;közép;rendes;Nem;magyar;3;50;50;megjelent;24;6;11;7;1;1;50;-;-;-;-
2020;1;Bács-Kiskun;12;gimnázium;férfi;nappali;magyar nyelv és irodalom;közép;rendes;Nem;magyar;4;75;75;megjelent;33;6;16;12;7;1;75;-;-;-;-
2020;1;Bács-Kiskun;12;szakgimnázium/szakközépiskola (2016.09.01-től kifutó rendszerben);férfi;nappali;magyar nyelv és irodalom;közép;rendes;Nem;magyar;3;42;42;megjelent;25;6;4;4;1;2;42;-;-;-;-
2020;1;Bács-Kiskun;12;szakgimnázium/szakközépiskola (2016.09.01-től kifutó rendszerben);férfi;nappali;magyar nyelv és irodalom;közép;rendes;Nem;magyar;4;60;60;megjelent;27;8;10;8;5;2;60;-;-;-;-
2020;1;Bács-Kiskun;12;szakgimnázium/szakközépiskola (2016.09.01-től kifutó rendszerben);férfi;nappali;magyar nyelv és irodalom;közép;rendes;Nem;magyar;3;57;57;megjelent;27;6;15;8;0;1;57;-;-;-;-
2020;1;Bács-Kiskun;12;szakgimnázium/szakközépiskola (2016.09.01-től kifutó rendszerben);férfi;nappali;magyar nyelv és irodalom;közép;rendes;Nem;magyar;3;51;51;megjelent;28;5;10;7;0;1;51;-;-;-;-
2020;1;Bács-Kiskun;12;szakgimnázium/szakközépiskola (2016.09.01-től kifutó rendszerben);férfi;nappali;magyar nyelv és irodalom;közép;rendes;Nem;magyar;3;44;44;megjelent;23;5;9;6;0;1;44;-;-;-;-
2020;1;Bács-Kiskun;12;szakgimnázium/szakközépiskola (2016.09.01-től kifutó rendszerben);férfi;nappali;magyar nyelv és irodalom;közép;rendes;Nem;magyar;4;64;64;megjelent;32;7;14;8;3;0;64;-;-;-;-
2020;1;Bács-Kiskun;12;szakgimnázium/szakközépiskola (2016.09.01-től kifutó rendszerben);férfi;nappali;magyar nyelv és irodalom;közép;rendes;Nem;magyar;3;55;55;megjelent;28;6;12;7;0;2;55;-;-;-;-
2020;1;Bács-Kiskun;12;szakgimnázium/szakközépiskola (2016.09.01-től kifutó rendszerben);férfi;nappali;magyar nyelv és irodalom;közép;rendes;Nem;magyar;4;66;66;megjelent;33;8;15;8;0;2;66;-;-;-;-
2020;1;Bács-Kiskun;12;gimnázium;nő;nappali;magyar nyelv és irodalom;közép;rendes;Nem;magyar;5;81;81;megjelent;38;10;19;12;0;2;81;-;-;-;-
2020;1;Bács-Kiskun;12;gimnázium;férfi;nappali;magyar nyelv és irodalom;közép;rendes;Nem;magyar;4;70;70;megjelent;32;8;15;10;3;2;70;-;-;-;-
2020;1;Bács-Kiskun;12;szakgimnázium/szakközépiskola (2016.09.01-től kifutó rendszerben);férfi;nappali;magyar nyelv és irodalom;közép;rendes;Nem;magyar;2;33;33;megjelent;17;4;5;6;0;1;33;-;-;-;-
2020;1;Bács-Kiskun;12;gimnázium;férfi;nappali;magyar nyelv és irodalom;közép;rendes;Nem;magyar;4;74;74;megjelent;35;7;18;12;0;2;74;-;-;-;-
2020;1;Bács-Kiskun;12;gimnázium;férfi;nappali;magyar nyelv és irodalom;közép;rendes;Igen;magyar;5;83;77;megjelent;37;9;20;10;0;1;77;-;-;-;-
2020;1;Bács-Kiskun;12;szakgimnázium/szakközépiskola (2016.09.01-től kifutó rendszerben);férfi;nappali;magyar nyelv és irodalom;közép;rendes;Nem;magyar;5;81;81;megjelent;33;9;19;12;7;1;81;-;-;-;-
2020;1;Bács-Kiskun;12;szakgimnázium/szakközépiskola (2016.09.01-től kifutó rendszerben);férfi;nappali;magyar nyelv és irodalom;közép;rendes;Nem;magyar;3;53;53;megjelent;26;6;6;5;8;2;53;-;-;-;-
2020;1;Bács-Kiskun;12;gimnázium;férfi;nappali;magyar nyelv és irodalom;közép;rendes;Nem;magyar;5;92;92;megjelent;34;10;25;15;6;2;92;-;-;-;-
2020;1;Bács-Kiskun;12;gimnázium;férfi;nappali;magyar nyelv és irodalom;közép;rendes;Nem;magyar;4;60;60;megjelent;32;8;9;9;0;2;60;-;-;-;-
2020;1;Bács-Kiskun;12;gimnázium;férfi;nappali;magyar nyelv és irodalom;közép;rendes;Nem;magyar;4;72;72;megjelent;32;7;17;14;0;2;72;-;-;-;-
2020;1;Bács-Kiskun;12;szakgimnázium/szakközépiskola (2016.09.01-től kifutó rendszerben);férfi;nappali;magyar nyelv és irodalom;közép;rendes;Nem;magyar;3;40;40;megjelent;26;0;5;4;4;1;40;-;-;-;-
2020;1;Bács-Kiskun;12;szakgimnázium/szakközépiskola (2016.09.01-től kifutó rendszerben);férfi;nappali;magyar nyelv és irodalom;közép;rendes;Nem;magyar;2;36;36;megjelent;25;5;3;3;0;0;36;-;-;-;-
2020;1;Bács-Kiskun;12;szakgimnázium/szakközépiskola (2016.09.01-től kifutó rendszerben);férfi;nappali;magyar nyelv és irodalom;közép;rendes;Nem;magyar;4;67;67;megjelent;38;8;5;6;8;2;67;-;-;-;-
2020;1;Bács-Kiskun;12;szakgimnázium/szakközépiskola (2016.09.01-től kifutó rendszerben);férfi;nappali;magyar nyelv és irodalom;közép;rendes;Nem;magyar;3;44;44;megjelent;27;5;4;4;2;2;44;-;-;-;-
2020;1;Bács-Kiskun;12;szakgimnázium/szakközépiskola (2016.09.01-től kifutó rendszerben);férfi;nappali;magyar nyelv és irodalom;közép;rendes;Nem;magyar;3;50;50;megjelent;31;8;4;5;1;1;50;-;-;-;-
2020;1;Bács-Kiskun;12;szakgimnázium/szakközépiskola (2016.09.01-től kifutó rendszerben);férfi;nappali;magyar nyelv és irodalom;közép;rendes;Nem;magyar;2;31;31;megjelent;19;6;3;2;0;1;31;-;-;-;-
2020;1;Bács-Kiskun;12;szakgimnázium/szakközépiskola (2016.09.01-től kifutó rendszerben);férfi;nappali;magyar nyelv és irodalom;közép;rendes;Nem;magyar;3;54;54;megjelent;33;7;7;7;0;0;54;-;-;-;-
2020;1;Bács-Kiskun;12;gimnázium;férfi;nappali;magyar nyelv és irodalom;közép;rendes;Nem;magyar;5;86;86;megjelent;36;9;24;14;3;0;86;-;-;-;-
2020;1;Bács-Kiskun;12;gimnázium;férfi;nappali;magyar nyelv és irodalom;közép;rendes;Nem;magyar;4;64;64;megjelent;27;4;15;14;2;2;64;-;-;-;-
2020;1;Bács-Kiskun;12;gimnázium;nő;nappali;magyar nyelv és irodalom;közép;rendes;Nem;magyar;5;89;89;megjelent;32;9;23;15;8;2;89;-;-;-;-
2020;1;Bács-Kiskun;12;gimnázium;férfi;nappali;magyar nyelv és irodalom;közép;rendes;Nem;magyar;5;89;89;megjelent;33;10;23;15;6;2;89;-;-;-;-
2020;1;Bács-Kiskun;12;gimnázium;nő;nappali;magyar nyelv és irodalom;közép;rendes;Igen;magyar;4;66;33;megjelent;-;-;-;-;-;-;-;15;8;10;33
2020;1;Bács-Kiskun;12;gimnázium;nő;nappali;magyar nyelv és irodalom;közép;rendes;Nem;magyar;3;55;55;megjelent;23;5;14;10;1;2;55;-;-;-;-
2020;1;Bács-Kiskun;12;gimnázium;férfi;nappali;magyar nyelv és irodalom;közép;rendes;Igen;magyar;4;75;68;megjelent;33;8;18;9;0;0;68;-;-;-;-
2020;1;Bács-Kiskun;12;gimnázium;nő;nappali;magyar nyelv és irodalom;közép;rendes;Nem;magyar;4;76;76;megjelent;33;9;16;14;2;2;76;-;-;-;-
2020;1;Bács-Kiskun;12;gimnázium;nő;nappali;magyar nyelv és irodalom;közép;rendes;Nem;magyar;3;50;50;megjelent;25;6;7;10;0;2;50;-;-;-;-
2020;1;Bács-Kiskun;12;gimnázium;férfi;nappali;magyar nyelv és irodalom;közép;rendes;Nem;magyar;5;83;83;megjelent;35;9;19;13;5;2;83;-;-;-;-
2020;1;Bács-Kiskun;12;gimnázium;nő;nappali;magyar nyelv és irodalom;közép;rendes;Nem;magyar;5;91;91;megjelent;39;9;24;14;3;2;91;-;-;-;-
2020;1;Bács-Kiskun;12;gimnázium;nő;nappali;magyar nyelv és irodalom;közép;rendes;Nem;magyar;4;70;70;megjelent;22;9;18;13;6;2;70;-;-;-;-
2020;1;Bács-Kiskun;12;gimnázium;nő;nappali;magyar nyelv és irodalom;közép;rendes;Nem;magyar;4;70;70;megjelent;27;8;17;11;5;2;70;-;-;-;-
2020;1;Bács-Kiskun;12;gimnázium;nő;nappali;magyar nyelv és irodalom;közép;rendes;Igen;magyar;4;66;33;megjelent;-;-;-;-;-;-;-;17;6;10;33
2020;1;Bács-Kiskun;12;gimnázium;nő;nappali;magyar nyelv és irodalom;közép;rendes;Nem;magyar;5;84;84;megjelent;32;9;24;15;2;2;84;-;-;-;-
2020;1;Bács-Kiskun;12;gimnázium;nő;nappali;magyar nyelv és irodalom;közép;rendes;Nem;magyar;4;64;64;megjelent;30;8;13;11;0;2;64;-;-;-;-
2020;1;Bács-Kiskun;12;gimnázium;férfi;nappali;magyar nyelv és irodalom;közép;rendes;Nem;magyar;3;52;52;megjelent;29;0;14;8;0;1;52;-;-;-;-
2020;1;Bács-Kiskun;12;gimnázium;nő;nappali;magyar nyelv és irodalom;közép;rendes;Nem;magyar;4;67;67;megjelent;32;7;14;11;1;2;67;-;-;-;-
2020;1;Bács-Kiskun;12;gimnázium;férfi;nappali;magyar nyelv és irodalom;közép;rendes;Nem;magyar;4;72;72;megjelent;31;8;20;11;0;2;72;-;-;-;-
2020;1;Bács-Kiskun;12;gimnázium;nő;nappali;magyar nyelv és irodalom;közép;rendes;Nem;magyar;5;83;83;megjelent;37;9;20;13;2;2;83;-;-;-;-
2020;1;Bács-Kiskun;12;gimnázium;férfi;nappali;magyar nyelv és irodalom;közép;rendes;Nem;magyar;4;77;77;megjelent;34;8;20;11;2;2;77;-;-;-;-
2020;1;Bács-Kiskun;12;gimnázium;nő;nappali;magyar nyelv és irodalom;közép;rendes;Nem;magyar;4;66;66;megjelent;31;10;14;9;0;2;66;-;-;-;-
2020;1;Bács-Kiskun;12;szakgimnázium/szakközépiskola (2016.09.01-től kifutó rendszerben);férfi;nappali;magyar nyelv és irodalom;közép;rendes;Nem;magyar;3;59;59;megjelent;30;5;9;9;5;1;59;-;-;-;-
2020;1;Bács-Kiskun;12;gimnázium;nő;nappali;magyar nyelv és irodalom;közép;rendes;Nem;magyar;4;61;61;megjelent;31;8;12;8;0;2;61;-;-;-;-
2020;1;Bács-Kiskun;12;gimnázium;férfi;nappali;magyar nyelv és irodalom;közép;rendes;Nem;magyar;5;84;84;megjelent;35;10;20;15;2;2;84;-;-;-;-
2020;1;Bács-Kiskun;12;szakgimnázium/szakközépiskola (2016.09.01-től kifutó rendszerben);férfi;nappali;magyar nyelv és irodalom;közép;rendes;Nem;magyar;3;45;45;megjelent;29;5;7;4;0;0;45;-;-;-;-
2020;1;Bács-Kiskun;12;szakgimnázium/szakközépiskola (2016.09.01-től kifutó rendszerben);férfi;nappali;magyar nyelv és irodalom;közép;rendes;Nem;magyar;3;46;46;megjelent;25;3;9;8;0;1;46;-;-;-;-
2020;1;Bács-Kiskun;12;szakgimnázium/szakközépiskola (2016.09.01-től kifutó rendszerben);férfi;nappali;magyar nyelv és irodalom;közép;rendes;Nem;magyar;3;45;45;megjelent;29;4;7;4;0;1;45;-;-;-;-
2020;1;Bács-Kiskun;12;gimnázium;nő;nappali;magyar nyelv és irodalom;közép;rendes;Nem;magyar;3;42;42;megjelent;20;0;9;9;2;2;42;-;-;-;-
2020;1;Bács-Kiskun;12;szakgimnázium/szakközépiskola (2016.09.01-től kifutó rendszerben);férfi;nappali;magyar nyelv és irodalom;közép;rendes;Nem;magyar;4;65;65;megjelent;36;8;11;10;0;0;65;-;-;-;-
2020;1;Bács-Kiskun;12;szakgimnázium/szakközépiskola (2016.09.01-től kifutó rendszerben);nő;nappali;magyar nyelv és irodalom;közép;rendes;Nem;magyar;3;57;57;megjelent;24;7;12;8;4;2;57;-;-;-;-
2020;1;Bács-Kiskun;12;szakgimnázium/szakközépiskola (2016.09.01-től kifutó rendszerben);férfi;nappali;magyar nyelv és irodalom;közép;rendes;Nem;magyar;3;47;47;megjelent;30;4;7;6;0;0;47;-;-;-;-
2020;1;Bács-Kiskun;12;gimnázium;nő;nappali;magyar nyelv és irodalom;közép;rendes;Nem;magyar;4;64;64;megjelent;28;9;15;11;0;1;64;-;-;-;-
2020;1;Bács-Kiskun;12;szakgimnázium/szakközépiskola (2016.09.01-től kifutó rendszerben);férfi;nappali;magyar nyelv és irodalom;közép;rendes;Nem;magyar;3;44;44;megjelent;25;5;8;6;0;0;44;-;-;-;-
2020;1;Bács-Kiskun;12;gimnázium;nő;nappali;magyar nyelv és irodalom;közép;rendes;Nem;magyar;5;90;90;megjelent;35;10;20;15;8;2;90;-;-;-;-
2020;1;Bács-Kiskun;12;szakgimnázium/szakközépiskola (2016.09.01-től kifutó rendszerben);férfi;nappali;magyar nyelv és irodalom;közép;rendes;Nem;magyar;3;43;43;megjelent;22;9;6;5;0;1;43;-;-;-;-
2020;1;Bács-Kiskun;12;szakgimnázium/szakközépiskola (2016.09.01-től kifutó rendszerben);férfi;nappali;magyar nyelv és irodalom;közép;rendes;Nem;magyar;3;48;48;megjelent;28;4;7;7;2;0;48;-;-;-;-
2020;1;Bács-Kiskun;12;szakgimnázium/szakközépiskola (2016.09.01-től kifutó rendszerben);férfi;nappali;magyar nyelv és irodalom;közép;rendes;Nem;magyar;3;46;46;megjelent;28;6;5;7;0;0;46;-;-;-;-
2020;1;Bács-Kiskun;12;gimnázium;férfi;nappali;magyar nyelv és irodalom;közép;rendes;Igen;magyar;3;54;27;megjelent;-;-;-;-;-;-;-;13;6;8;27
2020;1;Bács-Kiskun;12;szakgimnázium/szakközépiskola (2016.09.01-től kifutó rendszerben);férfi;nappali;magyar nyelv és irodalom;közép;rendes;Nem;magyar;4;62;62;megjelent;34;7;11;9;0;1;62;-;-;-;-
2020;1;Bács-Kiskun;12;szakgimnázium/szakközépiskola (2016.09.01-től kifutó rendszerben);férfi;nappali;magyar nyelv és irodalom;közép;rendes;Nem;magyar;4;62;62;megjelent;32;8;11;9;2;0;62;-;-;-;-
2020;1;Bács-Kiskun;12;szakgimnázium/szakközépiskola (2016.09.01-től kifutó rendszerben);férfi;nappali;magyar nyelv és irodalom;közép;rendes;Igen;magyar;3;41;38;megjelent;24;7;3;4;0;0;38;-;-;-;-
2020;1;Bács-Kiskun;12;gimnázium;férfi;nappali;magyar nyelv és irodalom;közép;rendes;Nem;magyar;5;88;88;megjelent;35;9;22;14;6;2;88;-;-;-;-
2020;1;Bács-Kiskun;12;szakgimnázium/szakközépiskola (2016.09.01-től kifutó rendszerben);férfi;nappali;magyar nyelv és irodalom;közép;rendes;Nem;magyar;2;39;39;megjelent;23;4;6;6;0;0;39;-;-;-;-
2020;1;Bács-Kiskun;12;gimnázium;nő;nappali;magyar nyelv és irodalom;közép;rendes;Nem;magyar;5;86;86;megjelent;38;10;15;13;8;2;86;-;-;-;-
2020;1;Bács-Kiskun;12;szakgimnázium/szakközépiskola (2016.09.01-től kifutó rendszerben);férfi;nappali;magyar nyelv és irodalom;közép;rendes;Nem;magyar;4;61;61;megjelent;33;7;12;9;0;0;61;-;-;-;-
2020;1;Bács-Kiskun;12;gimnázium;férfi;nappali;magyar nyelv és irodalom;közép;rendes;Igen;magyar;3;54;50;megjelent;22;4;9;13;0;2;50;-;-;-;-
2020;1;Bács-Kiskun;12;gimnázium;nő;nappali;magyar nyelv és irodalom;közép;rendes;Nem;magyar;5;81;81;megjelent;35;8;23;13;0;2;81;-;-;-;-
2020;1;Bács-Kiskun;12;szakgimnázium/szakközépiskola (2016.09.01-től kifutó rendszerben);férfi;nappali;magyar nyelv és irodalom;közép;rendes;Nem;magyar;3;45;45;megjelent;31;6;4;4;0;0;45;-;-;-;-
2020;1;Bács-Kiskun;12;gimnázium;nő;nappali;magyar nyelv és irodalom;közép;rendes;Nem;magyar;4;72;72;megjelent;32;8;19;11;0;2;72;-;-;-;-
2020;1;Bács-Kiskun;12;szakgimnázium/szakközépiskola (2016.09.01-től kifutó rendszerben);nő;nappali;magyar nyelv és irodalom;közép;rendes;Nem;magyar;4;62;62;megjelent;33;6;8;7;6;2;62;-;-;-;-
2020;1;Bács-Kiskun;12;szakgimnázium/szakközépiskola (2016.09.01-től kifutó rendszerben);férfi;nappali;magyar nyelv és irodalom;közép;rendes;Nem;magyar;2;35;35;megjelent;25;0;4;5;1;0;35;-;-;-;-
2020;1;Bács-Kiskun;12;szakgimnázium/szakközépiskola (2016.09.01-től kifutó rendszerben);férfi;nappali;magyar nyelv és irodalom;közép;rendes;Nem;magyar;2;37;37;megjelent;24;4;5;4;0;0;37;-;-;-;-
2020;1;Bács-Kiskun;12;gimnázium;nő;nappali;magyar nyelv és irodalom;közép;rendes;Nem;magyar;5;80;80;megjelent;33;9;21;14;1;2;80;-;-;-;-
2020;1;Bács-Kiskun;12;szakgimnázium/szakközépiskola (2016.09.01-től kifutó rendszerben);férfi;nappali;magyar nyelv és irodalom;közép;rendes;Nem;magyar;4;61;61;megjelent;35;7;12;7;0;0;61;-;-;-;-
2020;1;Bács-Kiskun;12;szakgimnázium/szakközépiskola (2016.09.01-től kifutó rendszerben);férfi;nappali;magyar nyelv és irodalom;közép;rendes;Nem;magyar;4;64;64;megjelent;33;7;10;10;4;0;64;-;-;-;-
2020;1;Bács-Kiskun;12;gimnázium;nő;nappali;magyar nyelv és irodalom;közép;rendes;Nem;magyar;4;75;75;megjelent;31;10;20;12;0;2;75;-;-;-;-
2020;1;Bács-Kiskun;12;szakgimnázium/szakközépiskola (2016.09.01-től kifutó rendszerben);férfi;nappali;magyar nyelv és irodalom;közép;rendes;Nem;magyar;2;30;30;megjelent;20;4;2;3;0;1;30;-;-;-;-
2020;1;Bács-Kiskun;12;gimnázium;nő;nappali;magyar nyelv és irodalom;közép;rendes;Nem;magyar;5;80;80;megjelent;34;10;18;13;3;2;80;-;-;-;-
2020;1;Bács-Kiskun;12;szakgimnázium/szakközépiskola (2016.09.01-től kifutó rendszerben);férfi;nappali;magyar nyelv és irodalom;közép;rendes;Nem;magyar;4;60;60;megjelent;30;6;15;9;0;0;60;-;-;-;-
2020;1;Bács-Kiskun;12;gimnázium;nő;nappali;magyar nyelv és irodalom;közép;rendes;Nem;magyar;5;83;83;megjelent;32;10;21;14;4;2;83;-;-;-;-
2020;1;Bács-Kiskun;12;szakgimnázium/szakközépiskola (2016.09.01-től kifutó rendszerben);férfi;nappali;magyar nyelv és irodalom;közép;rendes;Nem;magyar;3;41;41;megjelent;22;4;9;6;0;0;41;-;-;-;-
2020;1;Bács-Kiskun;12;gimnázium;nő;nappali;magyar nyelv és irodalom;közép;rendes;Nem;magyar;5;91;91;megjelent;34;9;25;15;6;2;91;-;-;-;-
2020;1;Bács-Kiskun;12;gimnázium;nő;nappali;magyar nyelv és irodalom;közép;rendes;Nem;magyar;5;93;93;megjelent;35;9;25;14;8;2;93;-;-;-;-
2020;1;Bács-Kiskun;12;gimnázium;nő;nappali;magyar nyelv és irodalom;közép;rendes;Nem;magyar;5;96;96;megjelent;39;10;24;15;6;2;96;-;-;-;-
2020;1;Bács-Kiskun;12;gimnázium;férfi;nappali;magyar nyelv és irodalom;közép;rendes;Nem;magyar;4;77;77;megjelent;36;9;16;11;3;2;77;-;-;-;-
2020;1;Bács-Kiskun;12;gimnázium;férfi;nappali;magyar nyelv és irodalom;közép;rendes;Nem;magyar;4;69;69;megjelent;33;8;14;12;0;2;69;-;-;-;-
2020;1;Bács-Kiskun;12;gimnázium;férfi;nappali;magyar nyelv és irodalom;közép;rendes;Nem;magyar;4;70;70;megjelent;31;8;19;10;0;2;70;-;-;-;-
2020;1;Bács-Kiskun;12;gimnázium;férfi;nappali;magyar nyelv és irodalom;közép;rendes;Nem;magyar;4;70;70;megjelent;31;9;18;10;0;2;70;-;-;-;-
2020;1;Bács-Kiskun;12;gimnázium;nő;nappali;magyar nyelv és irodalom;közép;rendes;Nem;magyar;4;70;70;megjelent;31;8;18;11;0;2;70;-;-;-;-
2020;1;Bács-Kiskun;12;gimnázium;nő;nappali;magyar nyelv és irodalom;közép;rendes;Nem;magyar;4;73;73;megjelent;33;8;16;10;4;2;73;-;-;-;-
2020;1;Bács-Kiskun;12;gimnázium;férfi;nappali;magyar nyelv és irodalom;közép;rendes;Nem;magyar;4;76;76;megjelent;35;8;18;9;4;2;76;-;-;-;-
2020;1;Bács-Kiskun;12;gimnázium;nő;nappali;magyar nyelv és irodalom;közép;rendes;Nem;magyar;4;73;73;megjelent;31;8;15;13;4;2;73;-;-;-;-
2020;1;Bács-Kiskun;12;gimnázium;nő;nappali;magyar nyelv és irodalom;közép;rendes;Nem;magyar;4;66;66;megjelent;29;7;16;12;0;2;66;-;-;-;-
2020;1;Bács-Kiskun;12;gimnázium;nő;nappali;magyar nyelv és irodalom;közép;rendes;Nem;magyar;5;81;81;megjelent;36;8;21;11;3;2;81;-;-;-;-
2020;1;Bács-Kiskun;12;gimnázium;férfi;nappali;magyar nyelv és irodalom;közép;rendes;Nem;magyar;4;70;70;megjelent;30;8;18;12;0;2;70;-;-;-;-
2020;1;Bács-Kiskun;12;gimnázium;nő;nappali;magyar nyelv és irodalom;közép;rendes;Nem;magyar;5;93;93;megjelent;35;10;25;14;8;1;93;-;-;-;-
2020;1;Bács-Kiskun;12;gimnázium;nő;nappali;magyar nyelv és irodalom;közép;rendes;Nem;magyar;5;82;82;megjelent;35;9;16;14;6;2;82;-;-;-;-
2020;1;Bács-Kiskun;12;gimnázium;nő;nappali;magyar nyelv és irodalom;közép;rendes;Nem;magyar;4;77;77;megjelent;34;8;14;15;4;2;77;-;-;-;-
2020;1;Bács-Kiskun;12;gimnázium;nő;nappali;magyar nyelv és irodalom;közép;rendes;Nem;magyar;3;58;58;megjelent;24;9;14;9;0;2;58;-;-;-;-
2020;1;Bács-Kiskun;12;gimnázium;férfi;nappali;magyar nyelv és irodalom;közép;rendes;Nem;magyar;5;88;88;megjelent;38;9;22;14;3;2;88;-;-;-;-
2020;1;Bács-Kiskun;12;gimnázium;nő;nappali;magyar nyelv és irodalom;közép;rendes;Nem;magyar;4;68;68;megjelent;29;7;15;12;3;2;68;-;-;-;-
2020;1;Bács-Kiskun;12;gimnázium;férfi;nappali;magyar nyelv és irodalom;közép;rendes;Nem;magyar;4;70;70;megjelent;31;8;15;14;0;2;70;-;-;-;-
2020;1;Bács-Kiskun;12;gimnázium;férfi;nappali;magyar nyelv és irodalom;közép;rendes;Nem;magyar;4;74;74;megjelent;37;8;18;11;0;0;74;-;-;-;-
2020;1;Bács-Kiskun;12;gimnázium;férfi;nappali;magyar nyelv és irodalom;közép;rendes;Nem;magyar;4;75;75;megjelent;34;9;13;12;5;2;75;-;-;-;-
2020;1;Bács-Kiskun;12;gimnázium;férfi;nappali;magyar nyelv és irodalom;közép;rendes;Nem;magyar;5;84;84;megjelent;35;9;19;14;5;2;84;-;-;-;-
2020;1;Bács-Kiskun;12;gimnázium;férfi;nappali;magyar nyelv és irodalom;közép;rendes;Nem;magyar;4;60;60;megjelent;29;8;12;10;0;1;60;-;-;-;-
2020;1;Bács-Kiskun;12;gimnázium;nő;nappali;magyar nyelv és irodalom;közép;rendes;Nem;magyar;5;97;97;megjelent;38;10;25;15;7;2;97;-;-;-;-
2020;1;Bács-Kiskun;12;gimnázium;nő;nappali;magyar nyelv és irodalom;közép;rendes;Nem;magyar;5;85;85;megjelent;36;8;22;13;4;2;85;-;-;-;-
2020;1;Bács-Kiskun;12;gimnázium;nő;nappali;magyar nyelv és irodalom;közép;rendes;Nem;magyar;3;58;58;megjelent;26;7;12;10;1;2;58;-;-;-;-
2020;1;Bács-Kiskun;12;gimnázium;férfi;nappali;magyar nyelv és irodalom;közép;rendes;Nem;magyar;3;48;48;megjelent;28;5;9;6;0;0;48;-;-;-;-
2020;1;Bács-Kiskun;12;gimnázium;nő;nappali;magyar nyelv és irodalom;közép;rendes;Nem;magyar;5;86;86;megjelent;35;10;18;13;8;2;86;-;-;-;-
2020;1;Bács-Kiskun;12;gimnázium;férfi;nappali;magyar nyelv és irodalom;közép;rendes;Nem;magyar;5;80;80;megjelent;34;9;23;12;0;2;80;-;-;-;-
2020;1;Bács-Kiskun;12;gimnázium;férfi;nappali;magyar nyelv és irodalom;közép;rendes;Nem;magyar;5;85;85;megjelent;31;10;22;15;5;2;85;-;-;-;-
2020;1;Bács-Kiskun;12;gimnázium;nő;nappali;magyar nyelv és irodalom;közép;rendes;Nem;magyar;5;90;90;megjelent;35;10;24;15;4;2;90;-;-;-;-
2020;1;Bács-Kiskun;12;gimnázium;férfi;nappali;magyar nyelv és irodalom;közép;rendes;Nem;magyar;4;71;71;megjelent;28;9;20;13;0;1;71;-;-;-;-
2020;1;Bács-Kiskun;12;gimnázium;nő;nappali;magyar nyelv és irodalom;közép;rendes;Nem;magyar;5;92;92;megjelent;34;9;24;15;8;2;92;-;-;-;-
2020;1;Bács-Kiskun;12;gimnázium;nő;nappali;magyar nyelv és irodalom;közép;rendes;Nem;magyar;5;80;80;megjelent;31;10;18;14;5;2;80;-;-;-;-
2020;1;Bács-Kiskun;12;gimnázium;férfi;nappali;magyar nyelv és irodalom;közép;rendes;Nem;magyar;4;72;72;megjelent;34;9;14;8;6;1;72;-;-;-;-
2020;1;Bács-Kiskun;12;gimnázium;nő;nappali;magyar nyelv és irodalom;közép;rendes;Nem;magyar;5;80;80;megjelent;34;9;19;12;4;2;80;-;-;-;-
2020;1;Bács-Kiskun;12;gimnázium;nő;nappali;magyar nyelv és irodalom;közép;rendes;Nem;magyar;5;84;84;megjelent;31;10;18;15;8;2;84;-;-;-;-
2020;1;Bács-Kiskun;12;gimnázium;férfi;nappali;magyar nyelv és irodalom;közép;rendes;Nem;magyar;4;65;65;megjelent;31;8;15;10;0;1;65;-;-;-;-
2020;1;Bács-Kiskun;12;gimnázium;férfi;nappali;magyar nyelv és irodalom;közép;rendes;Nem;magyar;5;90;90;megjelent;37;10;21;15;5;2;90;-;-;-;-
2020;1;Bács-Kiskun;12;gimnázium;nő;nappali;magyar nyelv és irodalom;közép;rendes;Nem;magyar;5;93;93;megjelent;37;10;23;15;6;2;93;-;-;-;-
2020;1;Bács-Kiskun;12;gimnázium;nő;nappali;magyar nyelv és irodalom;közép;rendes;Nem;magyar;5;88;88;megjelent;34;10;24;14;4;2;88;-;-;-;-
2020;1;Bács-Kiskun;12;gimnázium;férfi;nappali;magyar nyelv és irodalom;közép;rendes;Nem;magyar;4;61;61;megjelent;33;6;13;8;0;1;61;-;-;-;-
2020;1;Bács-Kiskun;12;gimnázium;nő;nappali;magyar nyelv és irodalom;közép;rendes;Nem;magyar;5;97;97;megjelent;39;10;24;14;8;2;97;-;-;-;-
2020;1;Bács-Kiskun;12;szakgimnázium/szakközépiskola (2016.09.01-től kifutó rendszerben);férfi;nappali;magyar nyelv és irodalom;közép;rendes;Igen;magyar;2;32;30;megjelent;26;4;0;0;0;0;30;-;-;-;-
2020;1;Bács-Kiskun;12;szakgimnázium/szakközépiskola (2016.09.01-től kifutó rendszerben);nő;nappali;magyar nyelv és irodalom;közép;rendes;Nem;magyar;3;41;41;megjelent;19;6;9;6;0;1;41;-;-;-;-
2020;1;Bács-Kiskun;12;gimnázium;férfi;nappali;magyar nyelv és irodalom;közép;rendes;Igen;magyar;3;46;43;megjelent;22;5;7;9;0;0;43;-;-;-;-
2020;1;Bács-Kiskun;12;gimnázium;férfi;nappali;magyar nyelv és irodalom;közép;rendes;Igen;magyar;3;48;24;megjelent;-;-;-;-;-;-;-;10;6;8;24
2020;1;Bács-Kiskun;12;gimnázium;férfi;nappali;magyar nyelv és irodalom;közép;rendes;Igen;magyar;3;52;26;megjelent;-;-;-;-;-;-;-;15;3;8;26
2020;1;Bács-Kiskun;12;gimnázium;nő;nappali;magyar nyelv és irodalom;közép;rendes;Nem;magyar;3;57;57;megjelent;23;6;16;10;0;2;57;-;-;-;-
2020;1;Bács-Kiskun;12;szakgimnázium/szakközépiskola (2016.09.01-től kifutó rendszerben);férfi;nappali;magyar nyelv és irodalom;közép;rendes;Nem;magyar;3;57;57;megjelent;30;7;11;9;0;0;57;-;-;-;-
2020;1;Bács-Kiskun;12;gimnázium;férfi;nappali;magyar nyelv és irodalom;közép;rendes;Igen;magyar;1;12;6;megjelent;-;-;-;-;-;-;-;5;2;5;6
2020;1;Bács-Kiskun;12;szakgimnázium/szakközépiskola (2016.09.01-től kifutó rendszerben);férfi;nappali;magyar nyelv és irodalom;közép;rendes;Nem;magyar;3;43;43;megjelent;20;3;11;8;0;1;43;-;-;-;-
2020;1;Bács-Kiskun;12;gimnázium;nő;nappali;magyar nyelv és irodalom;közép;rendes;Nem;magyar;5;89;89;megjelent;35;10;22;15;5;2;89;-;-;-;-
2020;1;Bács-Kiskun;12;gimnázium;férfi;nappali;magyar nyelv és irodalom;közép;rendes;Nem;magyar;2;26;26;megjelent;13;4;5;4;0;0;26;-;-;-;-
2020;1;Bács-Kiskun;12;szakgimnázium/szakközépiskola (2016.09.01-től kifutó rendszerben);férfi;nappali;magyar nyelv és irodalom;közép;rendes;Nem;magyar;3;42;42;megjelent;24;5;7;6;0;0;42;-;-;-;-
2020;1;Bács-Kiskun;12;szakgimnázium/szakközépiskola (2016.09.01-től kifutó rendszerben);férfi;nappali;magyar nyelv és irodalom;közép;rendes;Nem;magyar;3;50;50;megjelent;28;5;7;7;2;1;50;-;-;-;-
2020;1;Bács-Kiskun;12;gimnázium;férfi;nappali;magyar nyelv és irodalom;közép;rendes;Nem;magyar;3;48;48;megjelent;21;7;10;8;1;1;48;-;-;-;-
2020;1;Bács-Kiskun;12;gimnázium;nő;nappali;magyar nyelv és irodalom;közép;rendes;Nem;magyar;4;61;61;megjelent;35;9;8;8;0;1;61;-;-;-;-
2020;1;Bács-Kiskun;12;gimnázium;nő;nappali;magyar nyelv és irodalom;közép;rendes;Nem;magyar;5;93;93;megjelent;36;10;23;15;7;2;93;-;-;-;-
2020;1;Bács-Kiskun;12;gimnázium;nő;nappali;magyar nyelv és irodalom;közép;rendes;Nem;magyar;5;84;84;megjelent;38;10;19;11;4;2;84;-;-;-;-
2020;1;Bács-Kiskun;12;gimnázium;férfi;nappali;magyar nyelv és irodalom;közép;rendes;Nem;magyar;3;44;44;megjelent;27;2;8;6;0;1;44;-;-;-;-
2020;1;Bács-Kiskun;12;gimnázium;férfi;nappali;magyar nyelv és irodalom;közép;rendes;Nem;magyar;3;57;57;megjelent;32;4;10;7;3;1;57;-;-;-;-
2020;1;Bács-Kiskun;12;gimnázium;nő;nappali;magyar nyelv és irodalom;közép;rendes;Nem;magyar;5;81;81;megjelent;28;10;20;14;7;2;81;-;-;-;-
2020;1;Bács-Kiskun;12;gimnázium;nő;nappali;magyar nyelv és irodalom;közép;rendes;Nem;magyar;4;67;67;megjelent;32;8;16;10;0;1;67;-;-;-;-
2020;1;Bács-Kiskun;12;gimnázium;férfi;nappali;magyar nyelv és irodalom;közép;rendes;Nem;magyar;4;72;72;megjelent;35;8;11;12;5;1;72;-;-;-;-
2020;1;Bács-Kiskun;12;gimnázium;nő;nappali;magyar nyelv és irodalom;közép;rendes;Nem;magyar;4;67;67;megjelent;34;9;14;8;0;2;67;-;-;-;-
2020;1;Bács-Kiskun;12;gimnázium;nő;nappali;magyar nyelv és irodalom;közép;rendes;Nem;magyar;4;77;77;megjelent;35;9;18;12;2;1;77;-;-;-;-
2020;1;Bács-Kiskun;12;gimnázium;nő;nappali;magyar nyelv és irodalom;közép;rendes;Nem;magyar;5;91;91;megjelent;38;10;20;13;8;2;91;-;-;-;-
2020;1;Bács-Kiskun;12;gimnázium;férfi;nappali;magyar nyelv és irodalom;közép;rendes;Nem;magyar;4;70;70;megjelent;33;7;12;10;7;1;70;-;-;-;-
2020;1;Bács-Kiskun;12;gimnázium;nő;nappali;magyar nyelv és irodalom;közép;rendes;Nem;magyar;4;60;60;megjelent;31;5;10;8;4;2;60;-;-;-;-
2020;1;Bács-Kiskun;12;gimnázium;nő;nappali;magyar nyelv és irodalom;közép;rendes;Nem;magyar;5;87;87;megjelent;39;9;22;13;3;1;87;-;-;-;-
2020;1;Bács-Kiskun;12;gimnázium;nő;nappali;magyar nyelv és irodalom;közép;rendes;Nem;magyar;3;49;49;megjelent;29;3;9;7;0;1;49;-;-;-;-
2020;1;Bács-Kiskun;12;gimnázium;férfi;nappali;magyar nyelv és irodalom;közép;rendes;Nem;magyar;2;37;37;megjelent;29;3;2;2;0;1;37;-;-;-;-
2020;1;Bács-Kiskun;12;gimnázium;férfi;nappali;magyar nyelv és irodalom;közép;rendes;Nem;magyar;4;72;72;megjelent;36;8;17;10;0;1;72;-;-;-;-
2020;1;Bács-Kiskun;12;gimnázium;férfi;nappali;magyar nyelv és irodalom;közép;rendes;Nem;magyar;4;67;67;megjelent;25;9;17;14;0;2;67;-;-;-;-
2020;1;Bács-Kiskun;12;gimnázium;nő;nappali;magyar nyelv és irodalom;közép;rendes;Nem;magyar;4;72;72;megjelent;29;8;19;14;0;2;72;-;-;-;-
2020;1;Bács-Kiskun;12;szakgimnázium/szakközépiskola (2016.09.01-től kifutó rendszerben);férfi;nappali;magyar nyelv és irodalom;közép;rendes;Igen;magyar;2;32;16;megjelent;-;-;-;-;-;-;-;8;4;4;16
2020;1;Bács-Kiskun;12;szakgimnázium/szakközépiskola (2016.09.01-től kifutó rendszerben);férfi;nappali;magyar nyelv és irodalom;közép;rendes;Nem;magyar;3;52;52;megjelent;30;4;10;8;0;0;52;-;-;-;-
2020;1;Bács-Kiskun;12;gimnázium;nő;nappali;magyar nyelv és irodalom;közép;rendes;Nem;magyar;4;76;76;megjelent;30;9;20;15;0;2;76;-;-;-;-
2020;1;Bács-Kiskun;12;gimnázium;nő;nappali;magyar nyelv és irodalom;közép;rendes;Nem;magyar;5;89;89;megjelent;35;7;22;15;8;2;89;-;-;-;-
2020;1;Bács-Kiskun;12;gimnázium;férfi;nappali;magyar nyelv és irodalom;közép;rendes;Nem;magyar;4;68;68;megjelent;28;5;19;14;0;2;68;-;-;-;-
2020;1;Bács-Kiskun;12;gimnázium;férfi;nappali;magyar nyelv és irodalom;közép;rendes;Nem;magyar;4;75;75;megjelent;33;10;16;14;0;2;75;-;-;-;-
2020;1;Bács-Kiskun;12;gimnázium;nő;nappali;magyar nyelv és irodalom;közép;rendes;Nem;magyar;5;83;83;megjelent;27;10;25;15;4;2;83;-;-;-;-
2020;1;Bács-Kiskun;12;gimnázium;nő;nappali;magyar nyelv és irodalom;közép;rendes;Nem;magyar;5;81;81;megjelent;33;9;19;12;7;1;81;-;-;-;-
2020;1;Bács-Kiskun;12;szakgimnázium/szakközépiskola (2016.09.01-től kifutó rendszerben);férfi;nappali;magyar nyelv és irodalom;közép;rendes;Nem;magyar;2;31;31;megjelent;22;3;2;3;0;1;31;-;-;-;-
2020;1;Bács-Kiskun;12;gimnázium;nő;nappali;magyar nyelv és irodalom;közép;rendes;Nem;magyar;5;83;83;megjelent;32;10;19;15;5;2;83;-;-;-;-
2020;1;Bács-Kiskun;12;gimnázium;nő;nappali;magyar nyelv és irodalom;közép;rendes;Nem;magyar;4;67;67;megjelent;23;10;18;14;0;2;67;-;-;-;-
2020;1;Bács-Kiskun;12;gimnázium;nő;nappali;magyar nyelv és irodalom;közép;rendes;Nem;magyar;5;89;89;megjelent;33;10;21;15;8;2;89;-;-;-;-
2020;1;Bács-Kiskun;12;gimnázium;férfi;nappali;magyar nyelv és irodalom;közép;rendes;Nem;magyar;5;82;82;megjelent;32;10;23;15;0;2;82;-;-;-;-
2020;1;Bács-Kiskun;12;gimnázium;nő;nappali;magyar nyelv és irodalom;közép;rendes;Nem;magyar;4;71;71;megjelent;31;8;15;15;0;2;71;-;-;-;-
2020;1;Bács-Kiskun;12;gimnázium;férfi;nappali;magyar nyelv és irodalom;közép;rendes;Nem;magyar;4;62;62;megjelent;31;5;13;12;0;1;62;-;-;-;-
2020;1;Bács-Kiskun;12;gimnázium;férfi;nappali;magyar nyelv és irodalom;közép;rendes;Nem;magyar;4;72;72;megjelent;34;8;16;12;0;2;72;-;-;-;-
2020;1;Bács-Kiskun;12;gimnázium;nő;nappali;magyar nyelv és irodalom;közép;rendes;Nem;magyar;5;89;89;megjelent;37;9;21;13;8;1;89;-;-;-;-
2020;1;Bács-Kiskun;12;gimnázium;nő;nappali;magyar nyelv és irodalom;közép;rendes;Nem;magyar;3;43;43;megjelent;21;6;4;5;6;1;43;-;-;-;-
2020;1;Bács-Kiskun;12;gimnázium;nő;nappali;magyar nyelv és irodalom;közép;rendes;Nem;magyar;4;66;66;megjelent;33;10;14;8;0;1;66;-;-;-;-
2020;1;Bács-Kiskun;12;gimnázium;nő;nappali;magyar nyelv és irodalom;közép;rendes;Nem;magyar;3;46;46;megjelent;26;6;7;5;0;2;46;-;-;-;-
2020;1;Bács-Kiskun;12;gimnázium;férfi;nappali;magyar nyelv és irodalom;közép;rendes;Nem;magyar;4;72;72;megjelent;31;9;13;14;3;2;72;-;-;-;-
2020;1;Bács-Kiskun;12;gimnázium;nő;nappali;magyar nyelv és irodalom;közép;rendes;Nem;magyar;4;74;74;megjelent;30;8;23;11;0;2;74;-;-;-;-
2020;1;Bács-Kiskun;12;szakgimnázium/szakközépiskola (2016.09.01-től kifutó rendszerben);férfi;nappali;magyar nyelv és irodalom;közép;rendes;Nem;magyar;3;52;52;megjelent;22;6;12;11;0;1;52;-;-;-;-
2020;1;Bács-Kiskun;12;szakgimnázium/szakközépiskola (2016.09.01-től kifutó rendszerben);férfi;nappali;magyar nyelv és irodalom;közép;rendes;Nem;magyar;3;54;54;megjelent;26;6;14;7;0;1;54;-;-;-;-
2020;1;Bács-Kiskun;12;gimnázium;férfi;nappali;magyar nyelv és irodalom;közép;rendes;Nem;magyar;4;75;75;megjelent;35;8;21;9;0;2;75;-;-;-;-
2020;1;Bács-Kiskun;12;gimnázium;férfi;nappali;magyar nyelv és irodalom;közép;rendes;Nem;magyar;5;81;81;megjelent;34;9;22;10;4;2;81;-;-;-;-
2020;1;Bács-Kiskun;12;szakgimnázium/szakközépiskola (2016.09.01-től kifutó rendszerben);férfi;nappali;magyar nyelv és irodalom;közép;rendes;Nem;magyar;3;55;55;megjelent;27;6;10;10;0;2;55;-;-;-;-
2020;1;Bács-Kiskun;12;szakgimnázium/szakközépiskola (2016.09.01-től kifutó rendszerben);nő;nappali;magyar nyelv és irodalom;közép;rendes;Nem;magyar;4;70;70;megjelent;20;10;20;13;5;2;70;-;-;-;-
2020;1;Bács-Kiskun;12;gimnázium;férfi;nappali;magyar nyelv és irodalom;közép;rendes;Nem;magyar;3;46;46;megjelent;26;7;7;6;0;0;46;-;-;-;-
2020;1;Bács-Kiskun;12;szakgimnázium/szakközépiskola (2016.09.01-től kifutó rendszerben);nő;nappali;magyar nyelv és irodalom;közép;rendes;Nem;magyar;5;80;80;megjelent;28;9;25;15;1;2;80;-;-;-;-
2020;1;Bács-Kiskun;12;szakgimnázium/szakközépiskola (2016.09.01-től kifutó rendszerben);nő;nappali;magyar nyelv és irodalom;közép;rendes;Nem;magyar;4;77;77;megjelent;33;10;10;15;7;2;77;-;-;-;-
2020;1;Bács-Kiskun;12;szakgimnázium/szakközépiskola (2016.09.01-től kifutó rendszerben);férfi;nappali;magyar nyelv és irodalom;közép;rendes;Nem;magyar;3;57;57;megjelent;26;9;10;8;2;2;57;-;-;-;-
2020;1;Bács-Kiskun;12;szakgimnázium/szakközépiskola (2016.09.01-től kifutó rendszerben);nő;nappali;magyar nyelv és irodalom;közép;rendes;Nem;magyar;4;75;75;megjelent;21;8;23;15;6;2;75;-;-;-;-
2020;1;Bács-Kiskun;12;szakgimnázium/szakközépiskola (2016.09.01-től kifutó rendszerben);férfi;nappali;magyar nyelv és irodalom;közép;rendes;Nem;magyar;3;45;45;megjelent;19;5;7;9;4;1;45;-;-;-;-
2020;1;Bács-Kiskun;12;gimnázium;nő;nappali;magyar nyelv és irodalom;közép;rendes;Nem;magyar;5;88;88;megjelent;32;9;25;14;6;2;88;-;-;-;-
2020;1;Bács-Kiskun;12;szakgimnázium/szakközépiskola (2016.09.01-től kifutó rendszerben);nő;nappali;magyar nyelv és irodalom;közép;rendes;Nem;magyar;5;81;81;megjelent;27;9;24;15;4;2;81;-;-;-;-
2020;1;Bács-Kiskun;12;gimnázium;nő;nappali;magyar nyelv és irodalom;közép;rendes;Nem;magyar;3;49;49;megjelent;30;7;8;3;0;1;49;-;-;-;-
2020;1;Bács-Kiskun;12;szakgimnázium/szakközépiskola (2016.09.01-től kifutó rendszerben);nő;nappali;magyar nyelv és irodalom;közép;rendes;Nem;magyar;3;52;52;megjelent;18;7;12;13;0;2;52;-;-;-;-
2020;1;Bács-Kiskun;12;szakgimnázium/szakközépiskola (2016.09.01-től kifutó rendszerben);nő;nappali;magyar nyelv és irodalom;közép;rendes;Nem;magyar;4;61;61;megjelent;23;5;15;10;6;2;61;-;-;-;-
2020;1;Bács-Kiskun;12;gimnázium;nő;nappali;magyar nyelv és irodalom;közép;rendes;Nem;magyar;4;63;63;megjelent;27;5;19;10;0;2;63;-;-;-;-
2020;1;Bács-Kiskun;12;szakgimnázium/szakközépiskola (2016.09.01-től kifutó rendszerben);nő;nappali;magyar nyelv és irodalom;közép;rendes;Nem;magyar;5;80;80;megjelent;23;10;23;15;7;2;80;-;-;-;-
2020;1;Bács-Kiskun;12;szakgimnázium/szakközépiskola (2016.09.01-től kifutó rendszerben);férfi;nappali;magyar nyelv és irodalom;közép;rendes;Nem;magyar;4;64;64;megjelent;26;8;10;11;8;1;64;-;-;-;-
2020;1;Bács-Kiskun;12;szakgimnázium/szakközépiskola (2016.09.01-től kifutó rendszerben);férfi;nappali;magyar nyelv és irodalom;közép;rendes;Nem;magyar;3;52;52;megjelent;24;6;8;10;3;1;52;-;-;-;-
2020;1;Bács-Kiskun;12;gimnázium;nő;nappali;magyar nyelv és irodalom;közép;rendes;Nem;magyar;5;87;87;megjelent;36;9;22;12;6;2;87;-;-;-;-
2020;1;Bács-Kiskun;12;szakgimnázium/szakközépiskola (2016.09.01-től kifutó rendszerben);férfi;nappali;magyar nyelv és irodalom;közép;rendes;Nem;magyar;2;30;30;megjelent;17;3;4;6;0;0;30;-;-;-;-
2020;1;Bács-Kiskun;12;gimnázium;nő;nappali;magyar nyelv és irodalom;közép;rendes;Nem;magyar;5;80;80;megjelent;33;9;21;13;4;0;80;-;-;-;-
2020;1;Bács-Kiskun;12;szakgimnázium/szakközépiskola (2016.09.01-től kifutó rendszerben);nő;nappali;magyar nyelv és irodalom;közép;rendes;Nem;magyar;4;61;61;megjelent;27;8;8;11;5;2;61;-;-;-;-
2020;1;Bács-Kiskun;12;gimnázium;nő;nappali;magyar nyelv és irodalom;közép;rendes;Nem;magyar;5;83;83;megjelent;33;9;24;15;0;2;83;-;-;-;-
2020;1;Bács-Kiskun;12;szakgimnázium/szakközépiskola (2016.09.01-től kifutó rendszerben);nő;nappali;magyar nyelv és irodalom;közép;rendes;Nem;magyar;3;55;55;megjelent;28;5;12;8;0;2;55;-;-;-;-
2020;1;Bács-Kiskun;12;gimnázium;nő;nappali;magyar nyelv és irodalom;közép;rendes;Nem;magyar;5;80;80;megjelent;32;8;20;13;5;2;80;-;-;-;-
2020;1;Bács-Kiskun;12;szakgimnázium/szakközépiskola (2016.09.01-től kifutó rendszerben);nő;nappali;magyar nyelv és irodalom;közép;rendes;Nem;magyar;5;86;86;megjelent;36;10;24;14;0;2;86;-;-;-;-
2020;1;Bács-Kiskun;12;gimnázium;nő;nappali;magyar nyelv és irodalom;közép;rendes;Nem;magyar;5;90;90;megjelent;33;9;25;13;8;2;90;-;-;-;-
2020;1;Bács-Kiskun;12;szakgimnázium/szakközépiskola (2016.09.01-től kifutó rendszerben);nő;nappali;magyar nyelv és irodalom;közép;rendes;Nem;magyar;3;51;51;megjelent;24;5;10;10;0;2;51;-;-;-;-
2020;1;Bács-Kiskun;12;szakgimnázium/szakközépiskola (2016.09.01-től kifutó rendszerben);nő;nappali;magyar nyelv és irodalom;közép;rendes;Nem;magyar;5;80;80;megjelent;33;5;22;15;3;2;80;-;-;-;-
2020;1;Bács-Kiskun;12;gimnázium;nő;nappali;magyar nyelv és irodalom;közép;rendes;Nem;magyar;4;60;60;megjelent;23;8;16;11;0;2;60;-;-;-;-
2020;1;Bács-Kiskun;12;szakgimnázium/szakközépiskola (2016.09.01-től kifutó rendszerben);férfi;nappali;magyar nyelv és irodalom;közép;rendes;Nem;magyar;3;53;53;megjelent;22;4;10;12;4;1;53;-;-;-;-
2020;1;Bács-Kiskun;12;gimnázium;nő;nappali;magyar nyelv és irodalom;közép;rendes;Nem;magyar;4;74;74;megjelent;34;8;17;11;4;0;74;-;-;-;-
2020;1;Bács-Kiskun;12;gimnázium;nő;nappali;magyar nyelv és irodalom;közép;rendes;Nem;magyar;4;70;70;megjelent;31;8;17;10;2;2;70;-;-;-;-
2020;1;Bács-Kiskun;12;szakgimnázium/szakközépiskola (2016.09.01-től kifutó rendszerben);férfi;nappali;magyar nyelv és irodalom;közép;rendes;Nem;magyar;3;50;50;megjelent;30;5;6;7;0;2;50;-;-;-;-
2020;1;Bács-Kiskun;12;gimnázium;nő;nappali;magyar nyelv és irodalom;közép;rendes;Nem;magyar;5;85;85;megjelent;37;9;22;11;4;2;85;-;-;-;-
2020;1;Bács-Kiskun;12;szakgimnázium/szakközépiskola (2016.09.01-től kifutó rendszerben);nő;nappali;magyar nyelv és irodalom;közép;rendes;Nem;magyar;3;41;41;megjelent;16;7;7;9;0;2;41;-;-;-;-
2020;1;Bács-Kiskun;12;gimnázium;férfi;nappali;magyar nyelv és irodalom;közép;rendes;Nem;magyar;5;80;80;megjelent;33;9;22;13;3;0;80;-;-;-;-
2020;1;Bács-Kiskun;12;szakgimnázium/szakközépiskola (2016.09.01-től kifutó rendszerben);nő;nappali;magyar nyelv és irodalom;közép;rendes;Nem;magyar;5;94;94;megjelent;36;9;24;15;8;2;94;-;-;-;-
2020;1;Bács-Kiskun;12;szakgimnázium/szakközépiskola (2016.09.01-től kifutó rendszerben);férfi;nappali;magyar nyelv és irodalom;közép;rendes;Nem;magyar;2;28;28;megjelent;17;4;3;4;0;0;28;-;-;-;-
2020;1;Bács-Kiskun;12;szakgimnázium/szakközépiskola (2016.09.01-től kifutó rendszerben);nő;nappali;magyar nyelv és irodalom;közép;rendes;Nem;magyar;3;55;55;megjelent;27;7;6;9;4;2;55;-;-;-;-
2020;1;Bács-Kiskun;12;szakgimnázium/szakközépiskola (2016.09.01-től kifutó rendszerben);férfi;nappali;magyar nyelv és irodalom;közép;rendes;Nem;magyar;3;40;40;megjelent;19;8;6;6;0;1;40;-;-;-;-
2020;1;Bács-Kiskun;12;gimnázium;nő;nappali;magyar nyelv és irodalom;közép;rendes;Nem;magyar;5;89;89;megjelent;33;10;22;14;8;2;89;-;-;-;-
2020;1;Bács-Kiskun;12;gimnázium;férfi;nappali;magyar nyelv és irodalom;közép;rendes;Nem;magyar;3;54;54;megjelent;26;7;12;8;0;1;54;-;-;-;-
2020;1;Bács-Kiskun;12;gimnázium;nő;nappali;magyar nyelv és irodalom;közép;rendes;Nem;magyar;5;90;90;megjelent;35;9;25;12;7;2;90;-;-;-;-
2020;1;Bács-Kiskun;12;gimnázium;férfi;nappali;magyar nyelv és irodalom;közép;rendes;Nem;magyar;4;72;72;megjelent;33;6;22;10;0;1;72;-;-;-;-
2020;1;Bács-Kiskun;12;gimnázium;nő;nappali;magyar nyelv és irodalom;közép;rendes;Nem;magyar;4;60;60;megjelent;28;9;14;8;0;1;60;-;-;-;-
2020;1;Bács-Kiskun;12;gimnázium;nő;nappali;magyar nyelv és irodalom;közép;rendes;Nem;magyar;5;89;89;megjelent;34;9;25;12;7;2;89;-;-;-;-
2020;1;Bács-Kiskun;12;gimnázium;férfi;nappali;magyar nyelv és irodalom;közép;rendes;Nem;magyar;5;85;85;megjelent;36;8;24;13;3;1;85;-;-;-;-
2020;1;Bács-Kiskun;12;gimnázium;nő;nappali;magyar nyelv és irodalom;közép;rendes;Nem;magyar;4;62;62;megjelent;27;8;18;9;0;0;62;-;-;-;-
2020;1;Bács-Kiskun;12;gimnázium;nő;nappali;magyar nyelv és irodalom;közép;rendes;Nem;magyar;5;81;81;megjelent;33;8;21;13;4;2;81;-;-;-;-
2020;1;Bács-Kiskun;12;gimnázium;nő;nappali;magyar nyelv és irodalom;közép;rendes;Nem;magyar;4;74;74;megjelent;30;8;25;11;0;0;74;-;-;-;-
2020;1;Bács-Kiskun;12;gimnázium;nő;nappali;magyar nyelv és irodalom;közép;rendes;Nem;magyar;3;58;58;megjelent;30;7;12;7;0;2;58;-;-;-;-
2020;1;Bács-Kiskun;13;szakközép;férfi;nappali;magyar nyelv és irodalom;közép;rendes;Nem;magyar;3;40;40;megjelent;16;6;9;8;0;1;40;-;-;-;-
2020;1;Bács-Kiskun;13;szakközép;férfi;nappali;magyar nyelv és irodalom;közép;rendes;Nem;magyar;3;47;47;megjelent;27;5;9;6;0;0;47;-;-;-;-
2020;1;Bács-Kiskun;12;szakgimnázium/szakközépiskola (2016.09.01-től kifutó rendszerben);nő;nappali;magyar nyelv és irodalom;közép;rendes;Nem;magyar;4;61;61;megjelent;24;6;12;10;7;2;61;-;-;-;-
2020;1;Bács-Kiskun;12;szakgimnázium/szakközépiskola (2016.09.01-től kifutó rendszerben);nő;nappali;magyar nyelv és irodalom;közép;rendes;Nem;magyar;4;66;66;megjelent;28;9;17;11;0;1;66;-;-;-;-
2020;1;Bács-Kiskun;12;gimnázium;férfi;nappali;magyar nyelv és irodalom;közép;rendes;Nem;magyar;4;67;67;megjelent;35;7;15;9;0;1;67;-;-;-;-
2020;1;Bács-Kiskun;12;szakgimnázium/szakközépiskola (2016.09.01-től kifutó rendszerben);nő;nappali;magyar nyelv és irodalom;közép;rendes;Nem;magyar;3;58;58;megjelent;21;8;17;10;0;2;58;-;-;-;-
2020;1;Bács-Kiskun;12;szakgimnázium/szakközépiskola (2016.09.01-től kifutó rendszerben);nő;nappali;magyar nyelv és irodalom;közép;rendes;Nem;magyar;4;65;65;megjelent;28;7;14;10;4;2;65;-;-;-;-
2020;1;Bács-Kiskun;12;szakgimnázium/szakközépiskola (2016.09.01-től kifutó rendszerben);férfi;nappali;magyar nyelv és irodalom;közép;rendes;Nem;magyar;4;65;65;megjelent;28;10;17;8;0;2;65;-;-;-;-
2020;1;Bács-Kiskun;12;szakgimnázium/szakközépiskola (2016.09.01-től kifutó rendszerben);nő;nappali;magyar nyelv és irodalom;közép;rendes;Nem;magyar;3;50;50;megjelent;23;7;11;8;0;1;50;-;-;-;-
2020;1;Bács-Kiskun;12;gimnázium;nő;nappali;magyar nyelv és irodalom;közép;rendes;Nem;magyar;5;96;96;megjelent;38;10;25;15;6;2;96;-;-;-;-
2020;1;Bács-Kiskun;12;gimnázium;nő;nappali;magyar nyelv és irodalom;közép;rendes;Nem;magyar;5;85;85;megjelent;35;10;24;14;0;2;85;-;-;-;-
2020;1;Bács-Kiskun;12;szakgimnázium/szakközépiskola (2016.09.01-től kifutó rendszerben);nő;nappali;magyar nyelv és irodalom;közép;rendes;Nem;magyar;4;71;71;megjelent;24;8;20;13;5;1;71;-;-;-;-
2020;1;Bács-Kiskun;12;szakgimnázium/szakközépiskola (2016.09.01-től kifutó rendszerben);férfi;nappali;magyar nyelv és irodalom;közép;rendes;Nem;magyar;4;63;63;megjelent;26;7;18;12;0;0;63;-;-;-;-
2020;1;Bács-Kiskun;12;szakgimnázium/szakközépiskola (2016.09.01-től kifutó rendszerben);nő;nappali;magyar nyelv és irodalom;közép;rendes;Nem;magyar;4;66;66;megjelent;29;6;17;10;2;2;66;-;-;-;-
2020;1;Bács-Kiskun;12;szakgimnázium/szakközépiskola (2016.09.01-től kifutó rendszerben);férfi;nappali;magyar nyelv és irodalom;közép;rendes;Nem;magyar;4;68;68;megjelent;29;5;18;12;3;1;68;-;-;-;-
2020;1;Bács-Kiskun;12;szakgimnázium/szakközépiskola (2016.09.01-től kifutó rendszerben);férfi;nappali;magyar nyelv és irodalom;közép;rendes;Nem;magyar;3;56;56;megjelent;23;6;18;8;0;1;56;-;-;-;-
2020;1;Bács-Kiskun;12;szakgimnázium/szakközépiskola (2016.09.01-től kifutó rendszerben);férfi;nappali;magyar nyelv és irodalom;közép;rendes;Nem;magyar;3;58;58;megjelent;27;7;14;9;0;1;58;-;-;-;-
2020;1;Bács-Kiskun;12;szakgimnázium/szakközépiskola (2016.09.01-től kifutó rendszerben);nő;nappali;magyar nyelv és irodalom;közép;rendes;Nem;magyar;5;83;83;megjelent;32;9;22;12;6;2;83;-;-;-;-
2020;1;Bács-Kiskun;12;szakgimnázium/szakközépiskola (2016.09.01-től kifutó rendszerben);nő;nappali;magyar nyelv és irodalom;közép;rendes;Nem;magyar;4;71;71;megjelent;26;8;24;12;0;1;71;-;-;-;-
2020;1;Bács-Kiskun;12;szakgimnázium/szakközépiskola (2016.09.01-től kifutó rendszerben);férfi;nappali;magyar nyelv és irodalom;közép;rendes;Nem;magyar;4;68;68;megjelent;27;8;20;13;0;0;68;-;-;-;-
2020;1;Bács-Kiskun;12;szakgimnázium/szakközépiskola (2016.09.01-től kifutó rendszerben);nő;nappali;magyar nyelv és irodalom;közép;rendes;Nem;magyar;4;76;76;megjelent;27;6;21;13;7;2;76;-;-;-;-
2020;1;Bács-Kiskun;12;gimnázium;nő;nappali;magyar nyelv és irodalom;közép;rendes;Nem;magyar;4;74;74;megjelent;31;9;17;11;4;2;74;-;-;-;-
2020;1;Bács-Kiskun;12;gimnázium;nő;nappali;magyar nyelv és irodalom;közép;rendes;Nem;magyar;5;80;80;megjelent;33;10;18;11;6;2;80;-;-;-;-
2020;1;Bács-Kiskun;12;gimnázium;férfi;nappali;magyar nyelv és irodalom;közép;rendes;Nem;magyar;4;69;69;megjelent;26;8;18;12;3;2;69;-;-;-;-
2020;1;Bács-Kiskun;12;gimnázium;férfi;nappali;magyar nyelv és irodalom;közép;rendes;Nem;magyar;4;71;71;megjelent;33;7;18;11;1;1;71;-;-;-;-
2020;1;Bács-Kiskun;12;gimnázium;nő;nappali;magyar nyelv és irodalom;közép;rendes;Nem;magyar;5;80;80;megjelent;31;8;24;15;0;2;80;-;-;-;-
2020;1;Bács-Kiskun;12;gimnázium;nő;nappali;magyar nyelv és irodalom;közép;rendes;Nem;magyar;4;68;68;megjelent;32;8;14;11;1;2;68;-;-;-;-
2020;1;Bács-Kiskun;12;gimnázium;nő;nappali;magyar nyelv és irodalom;közép;rendes;Nem;magyar;4;74;74;megjelent;32;9;17;10;4;2;74;-;-;-;-
2020;1;Bács-Kiskun;12;gimnázium;férfi;nappali;magyar nyelv és irodalom;közép;rendes;Nem;magyar;4;72;72;megjelent;32;7;23;8;0;2;72;-;-;-;-
2020;1;Bács-Kiskun;12;gimnázium;nő;nappali;magyar nyelv és irodalom;közép;rendes;Nem;magyar;4;77;77;megjelent;31;10;17;10;7;2;77;-;-;-;-
2020;1;Bács-Kiskun;12;gimnázium;nő;nappali;magyar nyelv és irodalom;közép;rendes;Nem;magyar;4;72;72;megjelent;32;9;19;10;0;2;72;-;-;-;-
2020;1;Bács-Kiskun;12;gimnázium;nő;nappali;magyar nyelv és irodalom;közép;rendes;Nem;magyar;4;71;71;megjelent;34;9;16;10;0;2;71;-;-;-;-
2020;1;Bács-Kiskun;12;gimnázium;nő;nappali;magyar nyelv és irodalom;közép;rendes;Nem;magyar;5;80;80;megjelent;31;8;24;15;0;2;80;-;-;-;-
2020;1;Bács-Kiskun;12;gimnázium;nő;nappali;magyar nyelv és irodalom;közép;rendes;Nem;magyar;4;75;75;megjelent;32;10;14;13;4;2;75;-;-;-;-
2020;1;Bács-Kiskun;12;gimnázium;nő;nappali;magyar nyelv és irodalom;közép;rendes;Nem;magyar;4;74;74;megjelent;30;8;21;13;0;2;74;-;-;-;-
2020;1;Bács-Kiskun;12;gimnázium;nő;nappali;magyar nyelv és irodalom;közép;rendes;Nem;magyar;5;87;87;megjelent;34;10;20;14;7;2;87;-;-;-;-
2020;1;Bács-Kiskun;12;gimnázium;férfi;nappali;magyar nyelv és irodalom;közép;rendes;Nem;magyar;4;63;63;megjelent;33;8;9;11;0;2;63;-;-;-;-
2020;1;Bács-Kiskun;12;gimnázium;férfi;nappali;magyar nyelv és irodalom;közép;rendes;Nem;magyar;4;71;71;megjelent;31;9;19;10;0;2;71;-;-;-;-
2020;1;Bács-Kiskun;12;gimnázium;férfi;nappali;magyar nyelv és irodalom;közép;rendes;Nem;magyar;3;51;51;megjelent;27;7;4;11;0;2;51;-;-;-;-
2020;1;Bács-Kiskun;12;gimnázium;nő;nappali;magyar nyelv és irodalom;közép;rendes;Nem;magyar;4;63;63;megjelent;29;9;13;10;0;2;63;-;-;-;-
2020;1;Bács-Kiskun;12;gimnázium;férfi;nappali;magyar nyelv és irodalom;közép;rendes;Nem;magyar;3;57;57;megjelent;32;7;9;8;0;1;57;-;-;-;-
2020;1;Bács-Kiskun;12;gimnázium;férfi;nappali;magyar nyelv és irodalom;közép;rendes;Nem;magyar;3;54;54;megjelent;25;6;13;9;0;1;54;-;-;-;-
2020;1;Bács-Kiskun;12;gimnázium;férfi;nappali;magyar nyelv és irodalom;közép;rendes;Nem;magyar;3;43;43;megjelent;23;4;9;6;0;1;43;-;-;-;-
2020;1;Bács-Kiskun;12;gimnázium;nő;nappali;magyar nyelv és irodalom;közép;rendes;Nem;magyar;5;82;82;megjelent;30;10;25;15;0;2;82;-;-;-;-
2020;1;Bács-Kiskun;13;szakgimnázium/szakközépiskola (2016.09.01-től kifutó rendszerben);férfi;nappali;magyar nyelv és irodalom;közép;rendes;Nem;magyar;3;56;56;megjelent;31;4;12;9;0;0;56;-;-;-;-
2020;1;Bács-Kiskun;13;szakgimnázium/szakközépiskola (2016.09.01-től kifutó rendszerben);férfi;nappali;magyar nyelv és irodalom;közép;rendes;Nem;magyar;3;45;45;megjelent;29;4;8;4;0;0;45;-;-;-;-
2020;1;Bács-Kiskun;12;szakgimnázium/szakközépiskola (2016.09.01-től kifutó rendszerben);nő;nappali;magyar nyelv és irodalom;közép;rendes;Nem;magyar;4;71;71;megjelent;26;8;23;12;0;2;71;-;-;-;-
2020;1;Bács-Kiskun;12;gimnázium;nő;nappali;magyar nyelv és irodalom;közép;rendes;Nem;magyar;4;74;74;megjelent;34;9;14;15;0;2;74;-;-;-;-
2020;1;Bács-Kiskun;13;szakgimnázium/szakközépiskola (2016.09.01-től kifutó rendszerben);nő;nappali;magyar nyelv és irodalom;közép;rendes;Nem;magyar;3;44;44;megjelent;20;5;10;7;0;2;44;-;-;-;-
2020;1;Bács-Kiskun;13;szakgimnázium/szakközépiskola (2016.09.01-től kifutó rendszerben);nő;nappali;magyar nyelv és irodalom;közép;rendes;Nem;magyar;3;57;57;megjelent;27;7;10;10;2;1;57;-;-;-;-
2020;1;Bács-Kiskun;12;szakgimnázium/szakközépiskola (2016.09.01-től kifutó rendszerben);nő;nappali;magyar nyelv és irodalom;közép;rendes;Nem;magyar;5;81;81;megjelent;34;8;25;13;0;1;81;-;-;-;-
2020;1;Bács-Kiskun;12;szakgimnázium/szakközépiskola (2016.09.01-től kifutó rendszerben);nő;nappali;magyar nyelv és irodalom;közép;rendes;Nem;magyar;4;61;61;megjelent;15;8;23;13;0;2;61;-;-;-;-
2020;1;Bács-Kiskun;12;gimnázium;nő;nappali;magyar nyelv és irodalom;közép;rendes;Nem;magyar;3;52;52;megjelent;31;6;4;9;0;2;52;-;-;-;-
2020;1;Bács-Kiskun;12;gimnázium;férfi;nappali;magyar nyelv és irodalom;közép;rendes;Igen;magyar;4;70;35;megjelent;-;-;-;-;-;-;-;20;5;10;35
2020;1;Bács-Kiskun;12;gimnázium;férfi;nappali;magyar nyelv és irodalom;közép;rendes;Nem;magyar;4;74;74;megjelent;28;10;20;14;0;2;74;-;-;-;-
2020;1;Bács-Kiskun;12;szakgimnázium/szakközépiskola (2016.09.01-től kifutó rendszerben);férfi;nappali;magyar nyelv és irodalom;közép;rendes;Nem;magyar;4;63;63;megjelent;28;7;16;10;1;1;63;-;-;-;-
2020;1;Bács-Kiskun;12;szakgimnázium/szakközépiskola (2016.09.01-től kifutó rendszerben);nő;nappali;magyar nyelv és irodalom;közép;rendes;Nem;magyar;4;69;69;megjelent;28;8;19;12;1;1;69;-;-;-;-
2020;1;Bács-Kiskun;12;szakgimnázium/szakközépiskola (2016.09.01-től kifutó rendszerben);nő;nappali;magyar nyelv és irodalom;közép;rendes;Nem;magyar;3;49;49;megjelent;25;8;8;7;0;1;49;-;-;-;-
2020;1;Bács-Kiskun;12;szakgimnázium/szakközépiskola (2016.09.01-től kifutó rendszerben);nő;nappali;magyar nyelv és irodalom;közép;rendes;Igen;magyar;3;54;50;megjelent;26;6;9;8;0;1;50;-;-;-;-
2020;1;Bács-Kiskun;12;szakgimnázium/szakközépiskola (2016.09.01-től kifutó rendszerben);nő;nappali;magyar nyelv és irodalom;közép;rendes;Nem;magyar;4;75;75;megjelent;28;7;22;14;4;0;75;-;-;-;-
2020;1;Bács-Kiskun;12;szakgimnázium/szakközépiskola (2016.09.01-től kifutó rendszerben);nő;nappali;magyar nyelv és irodalom;közép;rendes;Nem;magyar;3;51;51;megjelent;16;7;15;11;0;2;51;-;-;-;-
2020;1;Bács-Kiskun;12;gimnázium;nő;nappali;magyar nyelv és irodalom;közép;rendes;Nem;magyar;4;61;61;megjelent;26;9;12;8;4;2;61;-;-;-;-
2020;1;Bács-Kiskun;12;gimnázium;férfi;nappali;magyar nyelv és irodalom;közép;rendes;Nem;magyar;4;66;66;megjelent;27;4;24;11;0;0;66;-;-;-;-
2020;1;Bács-Kiskun;12;szakgimnázium/szakközépiskola (2016.09.01-től kifutó rendszerben);nő;nappali;magyar nyelv és irodalom;közép;rendes;Nem;magyar;3;40;40;megjelent;16;7;8;8;0;1;40;-;-;-;-
2020;1;Bács-Kiskun;12;gimnázium;férfi;nappali;magyar nyelv és irodalom;közép;rendes;Nem;magyar;4;62;62;megjelent;23;7;20;11;0;1;62;-;-;-;-
2020;1;Bács-Kiskun;12;szakgimnázium/szakközépiskola (2016.09.01-től kifutó rendszerben);férfi;nappali;magyar nyelv és irodalom;közép;rendes;Nem;magyar;4;60;60;megjelent;28;8;15;9;0;0;60;-;-;-;-
2020;1;Bács-Kiskun;12;szakgimnázium/szakközépiskola (2016.09.01-től kifutó rendszerben);nő;nappali;magyar nyelv és irodalom;közép;rendes;Nem;magyar;5;81;81;megjelent;34;8;19;11;7;2;81;-;-;-;-
2020;1;Bács-Kiskun;12;szakgimnázium/szakközépiskola (2016.09.01-től kifutó rendszerben);férfi;nappali;magyar nyelv és irodalom;közép;rendes;Nem;magyar;3;57;57;megjelent;22;7;17;10;0;1;57;-;-;-;-
2020;1;Bács-Kiskun;12;szakgimnázium/szakközépiskola (2016.09.01-től kifutó rendszerben);férfi;nappali;magyar nyelv és irodalom;közép;rendes;Nem;magyar;3;51;51;megjelent;22;8;14;7;0;0;51;-;-;-;-
2020;1;Bács-Kiskun;12;szakgimnázium/szakközépiskola (2016.09.01-től kifutó rendszerben);nő;nappali;magyar nyelv és irodalom;közép;rendes;Nem;magyar;4;60;60;megjelent;23;8;17;10;0;2;60;-;-;-;-
2020;1;Bács-Kiskun;12;gimnázium;férfi;nappali;magyar nyelv és irodalom;közép;rendes;Nem;magyar;4;63;63;megjelent;29;9;15;8;0;2;63;-;-;-;-
2020;1;Bács-Kiskun;12;szakgimnázium/szakközépiskola (2016.09.01-től kifutó rendszerben);férfi;nappali;magyar nyelv és irodalom;közép;rendes;Nem;magyar;4;60;60;megjelent;24;7;18;11;0;0;60;-;-;-;-
2020;1;Bács-Kiskun;12;szakgimnázium/szakközépiskola (2016.09.01-től kifutó rendszerben);nő;nappali;magyar nyelv és irodalom;közép;rendes;Nem;magyar;4;60;60;megjelent;26;6;12;10;4;2;60;-;-;-;-
2020;1;Bács-Kiskun;12;szakgimnázium/szakközépiskola (2016.09.01-től kifutó rendszerben);nő;nappali;magyar nyelv és irodalom;közép;rendes;Nem;magyar;5;86;86;megjelent;40;9;23;13;1;0;86;-;-;-;-
2020;1;Bács-Kiskun;12;szakgimnázium/szakközépiskola (2016.09.01-től kifutó rendszerben);férfi;nappali;magyar nyelv és irodalom;közép;rendes;Nem;magyar;3;56;56;megjelent;26;7;14;9;0;0;56;-;-;-;-
2020;1;Bács-Kiskun;12;szakgimnázium/szakközépiskola (2016.09.01-től kifutó rendszerben);nő;nappali;magyar nyelv és irodalom;közép;rendes;Nem;magyar;5;84;84;megjelent;29;10;23;15;5;2;84;-;-;-;-
2020;1;Bács-Kiskun;12;szakgimnázium/szakközépiskola (2016.09.01-től kifutó rendszerben);férfi;nappali;magyar nyelv és irodalom;közép;rendes;Igen;magyar;3;45;42;megjelent;18;5;11;8;0;0;42;-;-;-;-
2020;1;Bács-Kiskun;12;szakgimnázium/szakközépiskola (2016.09.01-től kifutó rendszerben);nő;nappali;magyar nyelv és irodalom;közép;rendes;Nem;magyar;4;68;68;megjelent;33;8;14;11;0;2;68;-;-;-;-
2020;1;Bács-Kiskun;12;gimnázium;férfi;nappali;magyar nyelv és irodalom;közép;rendes;Nem;magyar;5;80;80;megjelent;38;8;18;11;5;0;80;-;-;-;-
2020;1;Bács-Kiskun;12;szakgimnázium/szakközépiskola (2016.09.01-től kifutó rendszerben);nő;nappali;magyar nyelv és irodalom;közép;rendes;Nem;magyar;3;50;50;megjelent;27;6;9;7;0;1;50;-;-;-;-
2020;1;Bács-Kiskun;12;gimnázium;nő;nappali;magyar nyelv és irodalom;közép;rendes;Nem;magyar;4;68;68;megjelent;34;9;15;8;0;2;68;-;-;-;-
2020;1;Bács-Kiskun;12;gimnázium;nő;nappali;magyar nyelv és irodalom;közép;rendes;Nem;magyar;5;99;99;megjelent;40;10;25;15;7;2;99;-;-;-;-
2020;1;Bács-Kiskun;12;szakgimnázium/szakközépiskola (2016.09.01-től kifutó rendszerben);nő;nappali;magyar nyelv és irodalom;közép;rendes;Nem;magyar;5;87;87;megjelent;36;9;19;15;6;2;87;-;-;-;-
2020;1;Bács-Kiskun;12;szakgimnázium/szakközépiskola (2016.09.01-től kifutó rendszerben);nő;nappali;magyar nyelv és irodalom;közép;rendes;Igen;magyar;4;76;70;megjelent;31;4;21;12;0;2;70;-;-;-;-
2020;1;Bács-Kiskun;12;szakgimnázium/szakközépiskola (2016.09.01-től kifutó rendszerben);nő;nappali;magyar nyelv és irodalom;közép;rendes;Nem;magyar;5;80;80;megjelent;31;10;19;12;6;2;80;-;-;-;-
2020;1;Bács-Kiskun;12;gimnázium;nő;nappali;magyar nyelv és irodalom;közép;rendes;Nem;magyar;5;89;89;megjelent;37;7;24;15;4;2;89;-;-;-;-
2020;1;Bács-Kiskun;12;gimnázium;férfi;nappali;magyar nyelv és irodalom;közép;rendes;Nem;magyar;4;60;60;megjelent;29;7;11;12;0;1;60;-;-;-;-
2020;1;Bács-Kiskun;12;gimnázium;nő;nappali;magyar nyelv és irodalom;közép;rendes;Nem;magyar;4;73;73;megjelent;30;8;19;14;0;2;73;-;-;-;-
2020;1;Bács-Kiskun;12;gimnázium;nő;nappali;magyar nyelv és irodalom;közép;rendes;Nem;magyar;4;72;72;megjelent;30;8;15;13;4;2;72;-;-;-;-
2020;1;Bács-Kiskun;12;gimnázium;nő;nappali;magyar nyelv és irodalom;közép;rendes;Nem;magyar;5;88;88;megjelent;38;10;23;14;2;1;88;-;-;-;-
2020;1;Bács-Kiskun;12;gimnázium;nő;nappali;magyar nyelv és irodalom;közép;rendes;Nem;magyar;5;87;87;megjelent;34;10;22;15;4;2;87;-;-;-;-
2020;1;Bács-Kiskun;12;gimnázium;nő;nappali;magyar nyelv és irodalom;közép;rendes;Nem;magyar;5;92;92;megjelent;37;10;22;15;6;2;92;-;-;-;-
2020;1;Bács-Kiskun;12;gimnázium;nő;nappali;magyar nyelv és irodalom;közép;rendes;Nem;magyar;5;88;88;megjelent;37;9;20;13;7;2;88;-;-;-;-
2020;1;Bács-Kiskun;12;gimnázium;férfi;nappali;magyar nyelv és irodalom;közép;rendes;Nem;magyar;3;47;47;megjelent;23;4;10;6;2;2;47;-;-;-;-
2020;1;Bács-Kiskun;12;szakgimnázium/szakközépiskola (2016.09.01-től kifutó rendszerben);nő;nappali;magyar nyelv és irodalom;közép;rendes;Nem;magyar;3;40;40;megjelent;19;4;8;6;1;2;40;-;-;-;-
2020;1;Bács-Kiskun;12;gimnázium;nő;nappali;magyar nyelv és irodalom;közép;rendes;Nem;magyar;5;80;80;megjelent;32;10;21;14;2;1;80;-;-;-;-
2020;1;Bács-Kiskun;12;szakgimnázium/szakközépiskola (2016.09.01-től kifutó rendszerben);nő;nappali;magyar nyelv és irodalom;közép;rendes;Nem;magyar;2;31;31;megjelent;17;5;3;5;0;1;31;-;-;-;-
2020;1;Bács-Kiskun;12;szakgimnázium/szakközépiskola (2016.09.01-től kifutó rendszerben);nő;nappali;magyar nyelv és irodalom;közép;rendes;Nem;magyar;3;58;58;megjelent;28;0;15;11;2;2;58;-;-;-;-
2020;1;Bács-Kiskun;12;szakgimnázium/szakközépiskola (2016.09.01-től kifutó rendszerben);nő;nappali;magyar nyelv és irodalom;közép;rendes;Nem;magyar;3;43;43;megjelent;26;5;4;7;0;1;43;-;-;-;-
2020;1;Bács-Kiskun;12;szakgimnázium/szakközépiskola (2016.09.01-től kifutó rendszerben);nő;nappali;magyar nyelv és irodalom;közép;rendes;Nem;magyar;3;40;40;megjelent;19;4;5;5;5;2;40;-;-;-;-
2020;1;Bács-Kiskun;12;gimnázium;nő;nappali;magyar nyelv és irodalom;közép;rendes;Nem;magyar;5;81;81;megjelent;35;10;22;12;0;2;81;-;-;-;-
2020;1;Bács-Kiskun;12;szakgimnázium/szakközépiskola (2016.09.01-től kifutó rendszerben);nő;nappali;magyar nyelv és irodalom;közép;rendes;Igen;magyar;3;52;48;megjelent;25;6;6;9;0;2;48;-;-;-;-
2020;1;Bács-Kiskun;12;gimnázium;nő;nappali;magyar nyelv és irodalom;közép;rendes;Nem;magyar;4;75;75;megjelent;31;9;17;9;7;2;75;-;-;-;-
2020;1;Bács-Kiskun;12;szakgimnázium/szakközépiskola (2016.09.01-től kifutó rendszerben);nő;nappali;magyar nyelv és irodalom;közép;rendes;Igen;magyar;2;26;24;megjelent;13;5;1;4;0;1;24;-;-;-;-
2020;1;Bács-Kiskun;12;szakgimnázium/szakközépiskola (2016.09.01-től kifutó rendszerben);nő;nappali;magyar nyelv és irodalom;közép;rendes;Nem;magyar;3;41;41;megjelent;25;6;5;4;0;1;41;-;-;-;-
2020;1;Bács-Kiskun;12;gimnázium;nő;nappali;magyar nyelv és irodalom;közép;rendes;Nem;magyar;5;85;85;megjelent;34;10;19;13;7;2;85;-;-;-;-
2020;1;Bács-Kiskun;12;szakgimnázium/szakközépiskola (2016.09.01-től kifutó rendszerben);nő;nappali;magyar nyelv és irodalom;közép;rendes;Nem;magyar;2;38;38;megjelent;27;2;2;5;0;2;38;-;-;-;-
2020;1;Bács-Kiskun;12;szakgimnázium/szakközépiskola (2016.09.01-től kifutó rendszerben);férfi;nappali;magyar nyelv és irodalom;közép;rendes;Nem;magyar;4;71;71;megjelent;33;6;20;12;0;0;71;-;-;-;-
2020;1;Bács-Kiskun;12;gimnázium;nő;nappali;magyar nyelv és irodalom;közép;rendes;Nem;magyar;5;86;86;megjelent;35;9;21;12;7;2;86;-;-;-;-
2020;1;Bács-Kiskun;12;szakgimnázium/szakközépiskola (2016.09.01-től kifutó rendszerben);nő;nappali;magyar nyelv és irodalom;közép;rendes;Nem;magyar;2;35;35;megjelent;26;3;1;4;0;1;35;-;-;-;-
2020;1;Bács-Kiskun;12;szakgimnázium/szakközépiskola (2016.09.01-től kifutó rendszerben);nő;nappali;magyar nyelv és irodalom;közép;rendes;Nem;magyar;4;62;62;megjelent;33;6;13;10;0;0;62;-;-;-;-
2020;1;Bács-Kiskun;12;szakgimnázium/szakközépiskola (2016.09.01-től kifutó rendszerben);nő;nappali;magyar nyelv és irodalom;közép;rendes;Nem;magyar;3;41;41;megjelent;20;5;7;8;0;1;41;-;-;-;-
2020;1;Bács-Kiskun;12;szakgimnázium/szakközépiskola (2016.09.01-től kifutó rendszerben);nő;nappali;magyar nyelv és irodalom;közép;előrehozott;Nem;magyar;2;36;36;megjelent;25;6;1;3;0;1;36;-;-;-;-
2020;1;Bács-Kiskun;12;szakgimnázium/szakközépiskola (2016.09.01-től kifutó rendszerben);nő;nappali;magyar nyelv és irodalom;közép;rendes;Nem;magyar;3;45;45;megjelent;26;6;5;7;0;1;45;-;-;-;-
2020;1;Bács-Kiskun;12;szakgimnázium/szakközépiskola (2016.09.01-től kifutó rendszerben);nő;nappali;magyar nyelv és irodalom;közép;rendes;Nem;magyar;2;36;36;megjelent;25;5;3;3;0;0;36;-;-;-;-
2020;1;Bács-Kiskun;12;szakgimnázium/szakközépiskola (2016.09.01-től kifutó rendszerben);nő;nappali;magyar nyelv és irodalom;közép;rendes;Nem;magyar;2;32;32;megjelent;22;4;3;3;0;0;32;-;-;-;-
2020;1;Bács-Kiskun;12;szakgimnázium/szakközépiskola (2016.09.01-től kifutó rendszerben);nő;nappali;magyar nyelv és irodalom;közép;rendes;Igen;magyar;2;30;28;megjelent;12;0;10;6;0;0;28;-;-;-;-
2020;1;Bács-Kiskun;12;szakgimnázium/szakközépiskola (2016.09.01-től kifutó rendszerben);nő;nappali;magyar nyelv és irodalom;közép;rendes;Igen;magyar;3;41;38;megjelent;23;6;5;4;0;0;38;-;-;-;-
2020;1;Bács-Kiskun;12;gimnázium;nő;nappali;magyar nyelv és irodalom;közép;rendes;Nem;magyar;2;37;37;megjelent;13;6;9;9;0;0;37;-;-;-;-
2020;1;Bács-Kiskun;12;szakgimnázium/szakközépiskola (2016.09.01-től kifutó rendszerben);nő;nappali;magyar nyelv és irodalom;közép;rendes;Nem;magyar;3;43;43;megjelent;24;5;6;8;0;0;43;-;-;-;-
2020;1;Bács-Kiskun;12;szakgimnázium/szakközépiskola (2016.09.01-től kifutó rendszerben);nő;nappali;magyar nyelv és irodalom;közép;rendes;Nem;magyar;3;57;57;megjelent;32;3;12;9;0;1;57;-;-;-;-
2020;1;Bács-Kiskun;12;szakgimnázium/szakközépiskola (2016.09.01-től kifutó rendszerben);nő;nappali;magyar nyelv és irodalom;közép;rendes;Nem;magyar;2;27;27;megjelent;9;6;5;7;0;0;27;-;-;-;-
2020;1;Bács-Kiskun;12;gimnázium;nő;nappali;magyar nyelv és irodalom;közép;rendes;Nem;magyar;2;35;35;megjelent;14;6;8;7;0;0;35;-;-;-;-
2020;1;Bács-Kiskun;12;gimnázium;nő;nappali;magyar nyelv és irodalom;közép;rendes;Nem;magyar;3;56;56;megjelent;24;7;15;10;0;0;56;-;-;-;-
2020;1;Bács-Kiskun;12;szakgimnázium/szakközépiskola (2016.09.01-től kifutó rendszerben);nő;nappali;magyar nyelv és irodalom;közép;rendes;Nem;magyar;4;61;61;megjelent;23;8;17;12;0;1;61;-;-;-;-
2020;1;Bács-Kiskun;12;gimnázium;férfi;nappali;magyar nyelv és irodalom;közép;rendes;Nem;magyar;4;74;74;megjelent;36;9;16;12;0;1;74;-;-;-;-
2020;1;Bács-Kiskun;12;szakgimnázium/szakközépiskola (2016.09.01-től kifutó rendszerben);férfi;nappali;magyar nyelv és irodalom;közép;rendes;Nem;magyar;4;60;60;megjelent;34;8;9;7;2;0;60;-;-;-;-
2020;1;Bács-Kiskun;12;gimnázium;férfi;nappali;magyar nyelv és irodalom;közép;rendes;Nem;magyar;4;74;74;megjelent;36;6;16;12;2;2;74;-;-;-;-
2020;1;Bács-Kiskun;12;szakgimnázium/szakközépiskola (2016.09.01-től kifutó rendszerben);nő;nappali;magyar nyelv és irodalom;közép;rendes;Nem;magyar;4;62;62;megjelent;30;5;15;8;2;2;62;-;-;-;-
2020;1;Bács-Kiskun;12;gimnázium;férfi;nappali;magyar nyelv és irodalom;közép;rendes;Nem;magyar;4;60;60;megjelent;31;6;14;9;0;0;60;-;-;-;-
2020;1;Bács-Kiskun;12;szakgimnázium/szakközépiskola (2016.09.01-től kifutó rendszerben);férfi;nappali;magyar nyelv és irodalom;közép;rendes;Nem;magyar;3;41;41;megjelent;22;7;5;7;0;0;41;-;-;-;-
2020;1;Bács-Kiskun;12;szakgimnázium/szakközépiskola (2016.09.01-től kifutó rendszerben);férfi;nappali;magyar nyelv és irodalom;közép;rendes;Igen;magyar;2;28;26;megjelent;18;3;2;3;0;0;26;-;-;-;-
2020;1;Bács-Kiskun;12;szakgimnázium/szakközépiskola (2016.09.01-től kifutó rendszerben);nő;nappali;magyar nyelv és irodalom;közép;rendes;Nem;magyar;2;30;30;megjelent;13;5;3;7;0;2;30;-;-;-;-
2020;1;Bács-Kiskun;12;szakgimnázium/szakközépiskola (2016.09.01-től kifutó rendszerben);nő;nappali;magyar nyelv és irodalom;közép;rendes;Nem;magyar;3;58;58;megjelent;28;7;10;7;4;2;58;-;-;-;-
2020;1;Bács-Kiskun;12;szakgimnázium/szakközépiskola (2016.09.01-től kifutó rendszerben);nő;nappali;magyar nyelv és irodalom;közép;rendes;Nem;magyar;3;45;45;megjelent;26;8;4;5;0;2;45;-;-;-;-
2020;1;Bács-Kiskun;12;szakgimnázium/szakközépiskola (2016.09.01-től kifutó rendszerben);nő;nappali;magyar nyelv és irodalom;közép;rendes;Nem;magyar;4;65;65;megjelent;24;9;15;9;6;2;65;-;-;-;-
2020;1;Bács-Kiskun;12;szakgimnázium/szakközépiskola (2016.09.01-től kifutó rendszerben);nő;nappali;magyar nyelv és irodalom;közép;rendes;Nem;magyar;4;62;62;megjelent;27;8;14;10;1;2;62;-;-;-;-
2020;1;Bács-Kiskun;12;szakgimnázium/szakközépiskola (2016.09.01-től kifutó rendszerben);nő;nappali;magyar nyelv és irodalom;közép;rendes;Nem;magyar;5;86;86;megjelent;34;7;25;13;5;2;86;-;-;-;-
2020;1;Bács-Kiskun;12;gimnázium;férfi;nappali;magyar nyelv és irodalom;közép;rendes;Nem;magyar;3;52;52;megjelent;31;3;11;7;0;0;52;-;-;-;-
2020;1;Bács-Kiskun;12;szakgimnázium/szakközépiskola (2016.09.01-től kifutó rendszerben);nő;nappali;magyar nyelv és irodalom;közép;rendes;Nem;magyar;3;53;53;megjelent;26;6;10;9;0;2;53;-;-;-;-
2020;1;Bács-Kiskun;12;szakgimnázium/szakközépiskola (2016.09.01-től kifutó rendszerben);nő;nappali;magyar nyelv és irodalom;közép;rendes;Nem;magyar;4;65;65;megjelent;34;7;11;10;1;2;65;-;-;-;-
2020;1;Bács-Kiskun;12;szakgimnázium/szakközépiskola (2016.09.01-től kifutó rendszerben);férfi;nappali;magyar nyelv és irodalom;közép;rendes;Nem;magyar;2;31;31;megjelent;22;0;4;4;0;1;31;-;-;-;-
2020;1;Bács-Kiskun;12;szakgimnázium/szakközépiskola (2016.09.01-től kifutó rendszerben);nő;nappali;magyar nyelv és irodalom;közép;rendes;Nem;magyar;3;55;55;megjelent;26;6;13;9;0;1;55;-;-;-;-
2020;1;Bács-Kiskun;12;szakgimnázium/szakközépiskola (2016.09.01-től kifutó rendszerben);nő;nappali;magyar nyelv és irodalom;közép;rendes;Nem;magyar;5;80;80;megjelent;36;9;20;13;0;2;80;-;-;-;-
2020;1;Bács-Kiskun;12;szakgimnázium/szakközépiskola (2016.09.01-től kifutó rendszerben);nő;nappali;magyar nyelv és irodalom;közép;rendes;Nem;magyar;4;61;61;megjelent;23;6;18;10;2;2;61;-;-;-;-
2020;1;Bács-Kiskun;12;szakgimnázium/szakközépiskola (2016.09.01-től kifutó rendszerben);nő;nappali;magyar nyelv és irodalom;közép;rendes;Nem;magyar;2;32;32;megjelent;19;0;5;6;0;2;32;-;-;-;-
2020;1;Bács-Kiskun;12;szakgimnázium/szakközépiskola (2016.09.01-től kifutó rendszerben);férfi;nappali;magyar nyelv és irodalom;közép;rendes;Igen;magyar;3;57;53;megjelent;32;8;6;6;0;1;53;-;-;-;-
2020;1;Bács-Kiskun;12;szakgimnázium/szakközépiskola (2016.09.01-től kifutó rendszerben);nő;nappali;magyar nyelv és irodalom;közép;rendes;Nem;magyar;4;71;71;megjelent;32;8;19;11;0;1;71;-;-;-;-
2020;1;Bács-Kiskun;12;szakgimnázium/szakközépiskola (2016.09.01-től kifutó rendszerben);férfi;nappali;magyar nyelv és irodalom;közép;rendes;Nem;magyar;3;55;55;megjelent;27;7;12;8;0;1;55;-;-;-;-
2020;1;Bács-Kiskun;12;gimnázium;nő;nappali;magyar nyelv és irodalom;közép;rendes;Nem;magyar;4;63;63;megjelent;26;6;16;13;0;2;63;-;-;-;-
2020;1;Bács-Kiskun;12;szakgimnázium/szakközépiskola (2016.09.01-től kifutó rendszerben);férfi;nappali;magyar nyelv és irodalom;közép;rendes;Nem;magyar;4;60;60;megjelent;29;6;15;8;0;2;60;-;-;-;-
2020;1;Bács-Kiskun;12;szakgimnázium/szakközépiskola (2016.09.01-től kifutó rendszerben);nő;nappali;magyar nyelv és irodalom;közép;rendes;Nem;magyar;3;41;41;megjelent;21;6;5;7;0;2;41;-;-;-;-
2020;1;Bács-Kiskun;12;gimnázium;férfi;nappali;magyar nyelv és irodalom;közép;rendes;Nem;magyar;3;56;56;megjelent;27;5;12;11;0;1;56;-;-;-;-
2020;1;Bács-Kiskun;12;gimnázium;férfi;nappali;magyar nyelv és irodalom;közép;rendes;Nem;magyar;4;68;68;megjelent;29;9;13;15;0;2;68;-;-;-;-
2020;1;Bács-Kiskun;12;szakgimnázium/szakközépiskola (2016.09.01-től kifutó rendszerben);férfi;nappali;magyar nyelv és irodalom;közép;előrehozott;Nem;magyar;2;39;39;megjelent;25;4;6;4;0;0;39;-;-;-;-
2020;1;Bács-Kiskun;12;szakgimnázium/szakközépiskola (2016.09.01-től kifutó rendszerben);férfi;nappali;magyar nyelv és irodalom;közép;rendes;Nem;magyar;3;48;48;megjelent;24;4;14;6;0;0;48;-;-;-;-
2020;1;Bács-Kiskun;12;szakgimnázium/szakközépiskola (2016.09.01-től kifutó rendszerben);nő;nappali;magyar nyelv és irodalom;közép;rendes;Nem;magyar;5;80;80;megjelent;33;9;22;14;0;2;80;-;-;-;-
2020;1;Bács-Kiskun;12;szakgimnázium/szakközépiskola (2016.09.01-től kifutó rendszerben);férfi;nappali;magyar nyelv és irodalom;közép;rendes;Nem;magyar;3;57;57;megjelent;27;5;14;10;0;1;57;-;-;-;-
2020;1;Bács-Kiskun;12;szakgimnázium/szakközépiskola (2016.09.01-től kifutó rendszerben);férfi;nappali;magyar nyelv és irodalom;közép;rendes;Nem;magyar;3;46;46;megjelent;23;3;12;7;0;1;46;-;-;-;-
2020;1;Bács-Kiskun;13;szakközép;férfi;nappali;magyar nyelv és irodalom;közép;rendes;Nem;magyar;2;36;36;megjelent;19;4;6;7;0;0;36;-;-;-;-
2020;1;Bács-Kiskun;13;szakközép;férfi;nappali;magyar nyelv és irodalom;közép;rendes;Nem;magyar;2;38;38;megjelent;22;5;5;6;0;0;38;-;-;-;-
2020;1;Bács-Kiskun;13;szakközép;férfi;nappali;magyar nyelv és irodalom;közép;rendes;Nem;magyar;3;42;42;megjelent;24;4;6;8;0;0;42;-;-;-;-
2020;1;Bács-Kiskun;13;szakközép;férfi;nappali;magyar nyelv és irodalom;közép;rendes;Igen;magyar;2;28;26;megjelent;16;2;5;3;0;0;26;-;-;-;-
2020;1;Bács-Kiskun;13;szakközép;nő;nappali;magyar nyelv és irodalom;közép;rendes;Nem;magyar;2;32;32;megjelent;16;5;4;6;0;1;32;-;-;-;-
2020;1;Bács-Kiskun;13;szakközép;nő;nappali;magyar nyelv és irodalom;közép;rendes;Nem;magyar;2;35;35;megjelent;19;9;2;4;0;1;35;-;-;-;-
2020;1;Bács-Kiskun;13;szakközép;férfi;nappali;magyar nyelv és irodalom;közép;rendes;Nem;magyar;3;45;45;megjelent;20;5;13;7;0;0;45;-;-;-;-
2020;1;Bács-Kiskun;13;szakközép;nő;nappali;magyar nyelv és irodalom;közép;rendes;Nem;magyar;2;26;26;megjelent;11;4;6;5;0;0;26;-;-;-;-
2020;1;Bács-Kiskun;13;szakközép;férfi;nappali;magyar nyelv és irodalom;közép;rendes;Igen;magyar;2;27;25;megjelent;19;0;2;4;0;0;25;-;-;-;-
2020;1;Bács-Kiskun;13;szakközép;nő;nappali;magyar nyelv és irodalom;közép;rendes;Nem;magyar;2;27;27;megjelent;18;0;3;6;0;0;27;-;-;-;-
2020;1;Bács-Kiskun;12;szakgimnázium/szakközépiskola (2016.09.01-től kifutó rendszerben);férfi;nappali;magyar nyelv és irodalom;közép;rendes;Igen;magyar;4;65;64;megjelent;31;7;15;11;0;0;64;-;-;-;-
2020;1;Bács-Kiskun;13;szakközép;nő;nappali;magyar nyelv és irodalom;közép;rendes;Nem;magyar;4;73;73;megjelent;28;10;19;13;1;2;73;-;-;-;-
2020;1;Bács-Kiskun;12;szakgimnázium/szakközépiskola (2016.09.01-től kifutó rendszerben);férfi;nappali;magyar nyelv és irodalom;közép;rendes;Nem;magyar;3;55;55;megjelent;25;7;8;7;6;2;55;-;-;-;-
2020;1;Bács-Kiskun;12;szakgimnázium/szakközépiskola (2016.09.01-től kifutó rendszerben);nő;nappali;magyar nyelv és irodalom;közép;rendes;Nem;magyar;5;84;84;megjelent;34;10;20;14;4;2;84;-;-;-;-
2020;1;Bács-Kiskun;12;szakgimnázium/szakközépiskola (2016.09.01-től kifutó rendszerben);férfi;nappali;magyar nyelv és irodalom;közép;rendes;Igen;magyar;3;56;52;megjelent;32;6;7;5;0;2;52;-;-;-;-
2020;1;Bács-Kiskun;12;szakgimnázium/szakközépiskola (2016.09.01-től kifutó rendszerben);férfi;nappali;magyar nyelv és irodalom;közép;rendes;Nem;magyar;3;55;55;megjelent;24;7;14;8;0;2;55;-;-;-;-
2020;1;Bács-Kiskun;12;szakgimnázium/szakközépiskola (2016.09.01-től kifutó rendszerben);nő;nappali;magyar nyelv és irodalom;közép;rendes;Nem;magyar;2;38;38;megjelent;22;3;7;5;0;1;38;-;-;-;-
2020;1;Bács-Kiskun;12;szakgimnázium/szakközépiskola (2016.09.01-től kifutó rendszerben);nő;nappali;magyar nyelv és irodalom;közép;rendes;Nem;magyar;3;44;44;megjelent;24;6;8;4;0;2;44;-;-;-;-
2020;1;Bács-Kiskun;12;szakgimnázium/szakközépiskola (2016.09.01-től kifutó rendszerben);nő;nappali;magyar nyelv és irodalom;közép;rendes;Nem;magyar;3;51;51;megjelent;23;6;11;9;0;2;51;-;-;-;-
2020;1;Bács-Kiskun;12;szakgimnázium/szakközépiskola (2016.09.01-től kifutó rendszerben);nő;nappali;magyar nyelv és irodalom;közép;rendes;Nem;magyar;3;55;55;megjelent;23;6;14;10;0;2;55;-;-;-;-
2020;1;Bács-Kiskun;12;szakgimnázium/szakközépiskola (2016.09.01-től kifutó rendszerben);nő;nappali;magyar nyelv és irodalom;közép;rendes;Nem;magyar;3;48;48;megjelent;23;5;9;9;0;2;48;-;-;-;-
2020;1;Bács-Kiskun;12;gimnázium;nő;nappali;magyar nyelv és irodalom;közép;rendes;Nem;magyar;3;44;44;megjelent;18;7;8;9;0;2;44;-;-;-;-
2020;1;Bács-Kiskun;12;gimnázium;férfi;nappali;magyar nyelv és irodalom;közép;rendes;Nem;magyar;3;50;50;megjelent;23;8;13;6;0;0;50;-;-;-;-
2020;1;Bács-Kiskun;12;gimnázium;nő;nappali;magyar nyelv és irodalom;közép;rendes;Nem;magyar;5;85;85;megjelent;35;9;25;14;0;2;85;-;-;-;-
2020;1;Bács-Kiskun;12;gimnázium;férfi;nappali;magyar nyelv és irodalom;közép;rendes;Nem;magyar;4;76;76;megjelent;33;8;19;13;1;2;76;-;-;-;-
2020;1;Bács-Kiskun;12;gimnázium;férfi;nappali;magyar nyelv és irodalom;közép;rendes;Nem;magyar;4;68;68;megjelent;32;8;16;10;0;2;68;-;-;-;-
2020;1;Bács-Kiskun;12;szakgimnázium/szakközépiskola (2016.09.01-től kifutó rendszerben);férfi;nappali;magyar nyelv és irodalom;közép;rendes;Nem;magyar;3;50;50;megjelent;25;5;12;8;0;0;50;-;-;-;-
2020;1;Bács-Kiskun;13;szakközép;férfi;nappali;magyar nyelv és irodalom;közép;rendes;Nem;magyar;2;31;31;megjelent;23;2;2;4;0;0;31;-;-;-;-
2020;1;Bács-Kiskun;12;szakgimnázium/szakközépiskola (2016.09.01-től kifutó rendszerben);férfi;nappali;magyar nyelv és irodalom;közép;rendes;Nem;magyar;3;41;41;megjelent;18;7;10;6;0;0;41;-;-;-;-
2020;1;Bács-Kiskun;12;szakgimnázium/szakközépiskola (2016.09.01-től kifutó rendszerben);férfi;nappali;magyar nyelv és irodalom;közép;rendes;Nem;magyar;4;60;60;megjelent;23;5;19;13;0;0;60;-;-;-;-
2020;1;Bács-Kiskun;13;szakközép;nő;nappali;magyar nyelv és irodalom;közép;rendes;Nem;magyar;3;42;42;megjelent;26;5;5;6;0;0;42;-;-;-;-
2020;1;Bács-Kiskun;12;szakgimnázium/szakközépiskola (2016.09.01-től kifutó rendszerben);férfi;nappali;magyar nyelv és irodalom;közép;előrehozott;Nem;magyar;3;52;52;megjelent;26;6;10;9;0;1;52;-;-;-;-
2020;1;Bács-Kiskun;13;szakközép;férfi;nappali;magyar nyelv és irodalom;közép;rendes;Nem;magyar;2;25;25;megjelent;16;3;2;4;0;0;25;-;-;-;-
2020;1;Bács-Kiskun;12;szakgimnázium/szakközépiskola (2016.09.01-től kifutó rendszerben);férfi;nappali;magyar nyelv és irodalom;közép;rendes;Nem;magyar;2;25;25;megjelent;12;3;5;5;0;0;25;-;-;-;-
2020;1;Bács-Kiskun;13;szakközép;nő;nappali;magyar nyelv és irodalom;közép;rendes;Nem;magyar;3;43;43;megjelent;22;3;9;7;0;2;43;-;-;-;-
2020;1;Bács-Kiskun;12;szakgimnázium/szakközépiskola (2016.09.01-től kifutó rendszerben);férfi;nappali;magyar nyelv és irodalom;közép;rendes;Igen;magyar;3;47;44;megjelent;28;6;5;5;0;0;44;-;-;-;-
2020;1;Bács-Kiskun;13;szakközép;férfi;nappali;magyar nyelv és irodalom;közép;rendes;Nem;magyar;2;32;32;megjelent;18;7;2;4;0;1;32;-;-;-;-
2020;1;Bács-Kiskun;13;szakközép;férfi;nappali;magyar nyelv és irodalom;közép;rendes;Igen;magyar;3;41;38;megjelent;22;4;6;6;0;0;38;-;-;-;-
2020;1;Bács-Kiskun;13;szakközép;férfi;nappali;magyar nyelv és irodalom;közép;rendes;Nem;magyar;2;26;26;megjelent;13;4;3;6;0;0;26;-;-;-;-
2020;1;Bács-Kiskun;12;szakgimnázium/szakközépiskola (2016.09.01-től kifutó rendszerben);férfi;nappali;magyar nyelv és irodalom;közép;rendes;Nem;magyar;3;41;41;megjelent;25;7;5;3;0;1;41;-;-;-;-
2020;1;Bács-Kiskun;13;szakközép;férfi;nappali;magyar nyelv és irodalom;közép;rendes;Nem;magyar;3;51;51;megjelent;22;9;12;8;0;0;51;-;-;-;-
2020;1;Bács-Kiskun;12;szakgimnázium/szakközépiskola (2016.09.01-től kifutó rendszerben);férfi;nappali;magyar nyelv és irodalom;közép;rendes;Nem;magyar;4;61;61;megjelent;33;5;15;8;0;0;61;-;-;-;-
2020;1;Bács-Kiskun;13;szakközép;nő;nappali;magyar nyelv és irodalom;közép;rendes;Nem;magyar;4;65;65;megjelent;27;9;17;10;0;2;65;-;-;-;-
2020;1;Bács-Kiskun;13;szakközép;nő;nappali;magyar nyelv és irodalom;közép;rendes;Nem;magyar;2;31;31;megjelent;18;2;5;5;0;1;31;-;-;-;-
2020;1;Bács-Kiskun;12;gimnázium;férfi;nappali;magyar nyelv és irodalom;közép;rendes;Nem;magyar;3;42;42;megjelent;22;6;7;7;0;0;42;-;-;-;-
2020;1;Bács-Kiskun;13;szakközép;nő;nappali;magyar nyelv és irodalom;közép;rendes;Nem;magyar;3;46;46;megjelent;24;4;8;7;2;1;46;-;-;-;-
2020;1;Bács-Kiskun;12;gimnázium;nő;nappali;magyar nyelv és irodalom;közép;rendes;Nem;magyar;4;71;71;megjelent;32;8;19;10;0;2;71;-;-;-;-
2020;1;Bács-Kiskun;13;szakközép;férfi;nappali;magyar nyelv és irodalom;közép;rendes;Nem;magyar;2;32;32;megjelent;17;8;3;4;0;0;32;-;-;-;-
2020;1;Bács-Kiskun;13;szakközép;nő;nappali;magyar nyelv és irodalom;közép;rendes;Nem;magyar;4;68;68;megjelent;29;9;18;12;0;0;68;-;-;-;-
2020;1;Bács-Kiskun;12;szakgimnázium/szakközépiskola (2016.09.01-től kifutó rendszerben);férfi;nappali;magyar nyelv és irodalom;közép;rendes;Nem;magyar;4;75;75;megjelent;35;8;19;11;0;2;75;-;-;-;-
2020;1;Bács-Kiskun;12;gimnázium;nő;nappali;magyar nyelv és irodalom;közép;rendes;Nem;magyar;5;92;92;megjelent;36;9;24;14;7;2;92;-;-;-;-
2020;1;Bács-Kiskun;12;szakgimnázium/szakközépiskola (2016.09.01-től kifutó rendszerben);nő;nappali;magyar nyelv és irodalom;közép;rendes;Igen;magyar;3;42;39;megjelent;28;0;6;5;0;0;39;-;-;-;-
2020;1;Bács-Kiskun;12;szakgimnázium/szakközépiskola (2016.09.01-től kifutó rendszerben);férfi;nappali;magyar nyelv és irodalom;közép;rendes;Nem;magyar;3;56;56;megjelent;29;8;11;8;0;0;56;-;-;-;-
2020;1;Bács-Kiskun;12;szakgimnázium/szakközépiskola (2016.09.01-től kifutó rendszerben);férfi;nappali;magyar nyelv és irodalom;közép;rendes;Nem;magyar;3;45;45;megjelent;27;0;10;8;0;0;45;-;-;-;-
2020;1;Bács-Kiskun;12;szakgimnázium/szakközépiskola (2016.09.01-től kifutó rendszerben);nő;nappali;magyar nyelv és irodalom;közép;rendes;Nem;magyar;3;51;51;megjelent;23;6;11;9;0;2;51;-;-;-;-
2020;1;Bács-Kiskun;12;szakgimnázium/szakközépiskola (2016.09.01-től kifutó rendszerben);nő;nappali;magyar nyelv és irodalom;közép;rendes;Nem;magyar;4;69;69;megjelent;30;8;19;11;0;1;69;-;-;-;-
2020;1;Bács-Kiskun;12;szakgimnázium/szakközépiskola (2016.09.01-től kifutó rendszerben);nő;nappali;magyar nyelv és irodalom;közép;rendes;Igen;magyar;3;58;54;megjelent;27;8;10;8;0;1;54;-;-;-;-
2020;1;Bács-Kiskun;12;szakgimnázium/szakközépiskola (2016.09.01-től kifutó rendszerben);nő;nappali;magyar nyelv és irodalom;közép;rendes;Nem;magyar;5;84;84;megjelent;34;10;17;13;8;2;84;-;-;-;-
2020;1;Bács-Kiskun;12;szakgimnázium/szakközépiskola (2016.09.01-től kifutó rendszerben);nő;nappali;magyar nyelv és irodalom;közép;rendes;Nem;magyar;3;41;41;megjelent;21;6;8;5;0;1;41;-;-;-;-
2020;1;Bács-Kiskun;12;szakgimnázium/szakközépiskola (2016.09.01-től kifutó rendszerben);nő;nappali;magyar nyelv és irodalom;közép;rendes;Nem;magyar;3;52;52;megjelent;25;7;9;10;0;1;52;-;-;-;-
2020;1;Bács-Kiskun;12;szakgimnázium/szakközépiskola (2016.09.01-től kifutó rendszerben);férfi;nappali;magyar nyelv és irodalom;közép;rendes;Nem;magyar;2;30;30;megjelent;21;4;0;0;5;0;30;-;-;-;-
2020;1;Bács-Kiskun;12;gimnázium;nő;nappali;magyar nyelv és irodalom;közép;rendes;Nem;magyar;4;63;63;megjelent;22;10;20;11;0;0;63;-;-;-;-
2020;1;Bács-Kiskun;12;szakgimnázium/szakközépiskola (2016.09.01-től kifutó rendszerben);nő;nappali;magyar nyelv és irodalom;közép;rendes;Nem;magyar;3;52;52;megjelent;28;5;9;9;0;1;52;-;-;-;-
2020;1;Bács-Kiskun;12;szakgimnázium/szakközépiskola (2016.09.01-től kifutó rendszerben);nő;nappali;magyar nyelv és irodalom;közép;rendes;Nem;magyar;3;48;48;megjelent;24;6;8;9;0;1;48;-;-;-;-
2020;1;Bács-Kiskun;12;szakgimnázium/szakközépiskola (2016.09.01-től kifutó rendszerben);férfi;nappali;magyar nyelv és irodalom;közép;rendes;Nem;magyar;3;54;54;megjelent;27;4;14;8;0;1;54;-;-;-;-
2020;1;Bács-Kiskun;12;szakgimnázium/szakközépiskola (2016.09.01-től kifutó rendszerben);nő;nappali;magyar nyelv és irodalom;közép;rendes;Nem;magyar;3;56;56;megjelent;25;7;13;8;1;2;56;-;-;-;-
2020;1;Bács-Kiskun;12;szakgimnázium/szakközépiskola (2016.09.01-től kifutó rendszerben);férfi;nappali;magyar nyelv és irodalom;közép;rendes;Nem;magyar;3;48;48;megjelent;27;6;7;8;0;0;48;-;-;-;-
2020;1;Bács-Kiskun;12;szakgimnázium/szakközépiskola (2016.09.01-től kifutó rendszerben);férfi;nappali;magyar nyelv és irodalom;közép;rendes;Nem;magyar;3;47;47;megjelent;24;7;9;6;0;1;47;-;-;-;-
2020;1;Bács-Kiskun;12;szakgimnázium/szakközépiskola (2016.09.01-től kifutó rendszerben);nő;nappali;magyar nyelv és irodalom;közép;rendes;Nem;magyar;3;58;58;megjelent;36;6;6;6;3;1;58;-;-;-;-
2020;1;Bács-Kiskun;12;szakgimnázium/szakközépiskola (2016.09.01-től kifutó rendszerben);nő;nappali;magyar nyelv és irodalom;közép;rendes;Nem;magyar;4;71;71;megjelent;35;7;17;10;0;2;71;-;-;-;-
2020;1;Bács-Kiskun;12;szakgimnázium/szakközépiskola (2016.09.01-től kifutó rendszerben);nő;nappali;magyar nyelv és irodalom;közép;rendes;Nem;magyar;3;52;52;megjelent;25;8;9;8;0;2;52;-;-;-;-
2020;1;Bács-Kiskun;12;szakgimnázium/szakközépiskola (2016.09.01-től kifutó rendszerben);nő;nappali;magyar nyelv és irodalom;közép;rendes;Nem;magyar;3;52;52;megjelent;25;7;6;8;5;1;52;-;-;-;-
2020;1;Bács-Kiskun;12;szakgimnázium/szakközépiskola (2016.09.01-től kifutó rendszerben);nő;nappali;magyar nyelv és irodalom;közép;rendes;Nem;magyar;3;58;58;megjelent;28;8;11;6;4;1;58;-;-;-;-
2020;1;Bács-Kiskun;12;gimnázium;férfi;nappali;magyar nyelv és irodalom;közép;rendes;Nem;magyar;4;71;71;megjelent;32;8;12;11;7;1;71;-;-;-;-
2020;1;Bács-Kiskun;12;szakgimnázium/szakközépiskola (2016.09.01-től kifutó rendszerben);nő;nappali;magyar nyelv és irodalom;közép;rendes;Nem;magyar;2;31;31;megjelent;31;0;0;0;0;0;31;-;-;-;-
2020;1;Bács-Kiskun;12;gimnázium;férfi;nappali;magyar nyelv és irodalom;közép;rendes;Nem;magyar;3;41;41;megjelent;25;5;4;5;0;2;41;-;-;-;-
2020;1;Bács-Kiskun;12;gimnázium;nő;nappali;magyar nyelv és irodalom;közép;rendes;Nem;magyar;3;51;51;megjelent;27;6;9;8;0;1;51;-;-;-;-
2020;1;Bács-Kiskun;12;gimnázium;férfi;nappali;magyar nyelv és irodalom;közép;rendes;Nem;magyar;4;70;70;megjelent;32;9;15;12;0;2;70;-;-;-;-
2020;1;Bács-Kiskun;12;gimnázium;nő;nappali;magyar nyelv és irodalom;közép;rendes;Nem;magyar;3;54;54;megjelent;28;7;9;8;0;2;54;-;-;-;-
2020;1;Bács-Kiskun;12;gimnázium;férfi;nappali;magyar nyelv és irodalom;közép;rendes;Nem;magyar;2;32;32;megjelent;18;5;5;4;0;0;32;-;-;-;-
2020;1;Bács-Kiskun;13;szakközép;férfi;nappali;magyar nyelv és irodalom;közép;rendes;Nem;magyar;3;54;54;megjelent;24;6;14;9;0;1;54;-;-;-;-
2020;1;Bács-Kiskun;13;szakközép;férfi;nappali;magyar nyelv és irodalom;közép;előrehozott;Nem;magyar;3;43;43;megjelent;16;8;10;9;0;0;43;-;-;-;-
2020;1;Bács-Kiskun;13;szakközép;férfi;nappali;magyar nyelv és irodalom;közép;rendes;Nem;magyar;4;61;61;megjelent;27;9;13;10;0;2;61;-;-;-;-
2020;1;Bács-Kiskun;13;szakközép;férfi;nappali;magyar nyelv és irodalom;közép;rendes;Nem;magyar;3;41;41;megjelent;23;5;8;5;0;0;41;-;-;-;-
2020;1;Bács-Kiskun;13;szakközép;férfi;nappali;magyar nyelv és irodalom;közép;rendes;Nem;magyar;3;43;43;megjelent;25;5;7;6;0;0;43;-;-;-;-
2020;1;Bács-Kiskun;13;szakközép;nő;nappali;magyar nyelv és irodalom;közép;rendes;Nem;magyar;3;50;50;megjelent;20;6;14;9;0;1;50;-;-;-;-
2020;1;Bács-Kiskun;13;szakközép;férfi;nappali;magyar nyelv és irodalom;közép;rendes;Nem;magyar;3;44;44;megjelent;27;4;7;6;0;0;44;-;-;-;-
2020;1;Bács-Kiskun;13;szakközép;férfi;nappali;magyar nyelv és irodalom;közép;rendes;Nem;magyar;2;32;32;megjelent;19;0;7;6;0;0;32;-;-;-;-
2020;1;Bács-Kiskun;13;szakközép;nő;nappali;magyar nyelv és irodalom;közép;rendes;Nem;magyar;3;40;40;megjelent;22;5;7;5;0;1;40;-;-;-;-
2020;1;Bács-Kiskun;13;szakközép;nő;nappali;magyar nyelv és irodalom;közép;rendes;Nem;magyar;3;45;45;megjelent;22;3;10;8;0;2;45;-;-;-;-
2020;1;Bács-Kiskun;13;szakközép;nő;nappali;magyar nyelv és irodalom;közép;rendes;Nem;magyar;3;55;55;megjelent;30;6;9;8;0;2;55;-;-;-;-
2020;1;Bács-Kiskun;13;szakközép;nő;nappali;magyar nyelv és irodalom;közép;rendes;Nem;magyar;3;51;51;megjelent;24;6;13;8;0;0;51;-;-;-;-
2020;1;Bács-Kiskun;12;szakgimnázium/szakközépiskola (2016.09.01-től kifutó rendszerben);nő;nappali;magyar nyelv és irodalom;közép;rendes;Nem;magyar;3;44;44;megjelent;23;5;7;7;0;2;44;-;-;-;-
2020;1;Bács-Kiskun;12;szakgimnázium/szakközépiskola (2016.09.01-től kifutó rendszerben);nő;nappali;magyar nyelv és irodalom;közép;rendes;Nem;magyar;3;57;57;megjelent;25;6;15;10;0;1;57;-;-;-;-
2020;1;Bács-Kiskun;12;szakgimnázium/szakközépiskola (2016.09.01-től kifutó rendszerben);nő;nappali;magyar nyelv és irodalom;közép;rendes;Nem;magyar;4;68;68;megjelent;29;7;20;10;0;2;68;-;-;-;-
2020;1;Bács-Kiskun;12;szakgimnázium/szakközépiskola (2016.09.01-től kifutó rendszerben);nő;nappali;magyar nyelv és irodalom;közép;rendes;Nem;magyar;3;44;44;megjelent;25;5;7;6;0;1;44;-;-;-;-
2020;1;Bács-Kiskun;12;szakgimnázium/szakközépiskola (2016.09.01-től kifutó rendszerben);férfi;nappali;magyar nyelv és irodalom;közép;rendes;Nem;magyar;3;48;48;megjelent;26;6;9;7;0;0;48;-;-;-;-
2020;1;Bács-Kiskun;12;szakgimnázium/szakközépiskola (2016.09.01-től kifutó rendszerben);nő;nappali;magyar nyelv és irodalom;közép;rendes;Nem;magyar;3;49;49;megjelent;24;7;9;8;0;1;49;-;-;-;-
2020;1;Bács-Kiskun;12;szakgimnázium/szakközépiskola (2016.09.01-től kifutó rendszerben);nő;nappali;magyar nyelv és irodalom;közép;rendes;Nem;magyar;3;46;46;megjelent;19;6;8;8;4;1;46;-;-;-;-
2020;1;Bács-Kiskun;12;szakgimnázium/szakközépiskola (2016.09.01-től kifutó rendszerben);férfi;nappali;magyar nyelv és irodalom;közép;rendes;Nem;magyar;4;60;60;megjelent;32;7;12;9;0;0;60;-;-;-;-
2020;1;Bács-Kiskun;12;szakgimnázium/szakközépiskola (2016.09.01-től kifutó rendszerben);férfi;nappali;magyar nyelv és irodalom;közép;rendes;Nem;magyar;3;41;41;megjelent;20;5;7;9;0;0;41;-;-;-;-
2020;1;Bács-Kiskun;12;szakgimnázium/szakközépiskola (2016.09.01-től kifutó rendszerben);nő;nappali;magyar nyelv és irodalom;közép;rendes;Nem;magyar;4;70;70;megjelent;33;9;14;12;0;2;70;-;-;-;-
2020;1;Bács-Kiskun;12;szakgimnázium/szakközépiskola (2016.09.01-től kifutó rendszerben);férfi;nappali;magyar nyelv és irodalom;közép;rendes;Nem;magyar;3;48;48;megjelent;27;5;9;7;0;0;48;-;-;-;-
2020;1;Bács-Kiskun;12;szakgimnázium/szakközépiskola (2016.09.01-től kifutó rendszerben);nő;nappali;magyar nyelv és irodalom;közép;rendes;Nem;magyar;3;43;43;megjelent;16;7;10;9;0;1;43;-;-;-;-
2020;1;Bács-Kiskun;12;szakgimnázium/szakközépiskola (2016.09.01-től kifutó rendszerben);férfi;nappali;magyar nyelv és irodalom;közép;rendes;Nem;magyar;3;57;57;megjelent;27;9;11;9;0;1;57;-;-;-;-
2020;1;Bács-Kiskun;12;szakgimnázium/szakközépiskola (2016.09.01-től kifutó rendszerben);férfi;nappali;magyar nyelv és irodalom;közép;rendes;Nem;magyar;3;46;46;megjelent;26;5;8;7;0;0;46;-;-;-;-
2020;1;Bács-Kiskun;12;szakgimnázium/szakközépiskola (2016.09.01-től kifutó rendszerben);férfi;nappali;magyar nyelv és irodalom;közép;rendes;Nem;magyar;3;42;42;megjelent;19;6;9;8;0;0;42;-;-;-;-
2020;1;Bács-Kiskun;13;szakközép;férfi;nappali;magyar nyelv és irodalom;közép;rendes;Nem;magyar;2;31;31;megjelent;22;3;3;3;0;0;31;-;-;-;-
2020;1;Bács-Kiskun;12;szakgimnázium/szakközépiskola (2016.09.01-től kifutó rendszerben);nő;nappali;magyar nyelv és irodalom;közép;rendes;Nem;magyar;2;31;31;megjelent;20;4;2;4;0;1;31;-;-;-;-
2020;1;Bács-Kiskun;12;gimnázium;nő;nappali;magyar nyelv és irodalom;közép;rendes;Nem;magyar;3;45;45;megjelent;25;3;5;6;4;2;45;-;-;-;-
2020;1;Bács-Kiskun;12;gimnázium;férfi;nappali;magyar nyelv és irodalom;közép;rendes;Nem;magyar;3;43;43;megjelent;26;5;5;7;0;0;43;-;-;-;-
2020;1;Bács-Kiskun;12;gimnázium;nő;nappali;magyar nyelv és irodalom;közép;rendes;Nem;magyar;2;28;28;megjelent;21;0;2;3;0;2;28;-;-;-;-
2020;1;Bács-Kiskun;12;gimnázium;férfi;nappali;magyar nyelv és irodalom;közép;rendes;Nem;magyar;4;62;62;megjelent;30;7;14;9;0;2;62;-;-;-;-
2020;1;Bács-Kiskun;12;gimnázium;nő;nappali;magyar nyelv és irodalom;közép;rendes;Nem;magyar;2;37;37;megjelent;19;0;5;7;4;2;37;-;-;-;-
2020;1;Bács-Kiskun;12;gimnázium;nő;nappali;magyar nyelv és irodalom;közép;rendes;Nem;magyar;4;63;63;megjelent;31;4;16;10;1;1;63;-;-;-;-
2020;1;Bács-Kiskun;12;gimnázium;nő;nappali;magyar nyelv és irodalom;közép;rendes;Nem;magyar;5;80;80;megjelent;31;4;23;15;5;2;80;-;-;-;-
2020;1;Bács-Kiskun;12;gimnázium;nő;nappali;magyar nyelv és irodalom;közép;rendes;Nem;magyar;5;85;85;megjelent;37;9;24;14;0;1;85;-;-;-;-
2020;1;Bács-Kiskun;12;gimnázium;férfi;nappali;magyar nyelv és irodalom;közép;rendes;Nem;magyar;4;74;74;megjelent;34;6;18;11;3;2;74;-;-;-;-
2020;1;Bács-Kiskun;12;gimnázium;férfi;nappali;magyar nyelv és irodalom;közép;rendes;Nem;magyar;3;41;41;megjelent;20;4;11;6;0;0;41;-;-;-;-
2020;1;Bács-Kiskun;12;gimnázium;nő;nappali;magyar nyelv és irodalom;közép;rendes;Nem;magyar;3;52;52;megjelent;22;6;10;8;4;2;52;-;-;-;-
2020;1;Bács-Kiskun;12;gimnázium;nő;nappali;magyar nyelv és irodalom;közép;rendes;Nem;magyar;4;60;60;megjelent;30;7;7;9;5;2;60;-;-;-;-
2020;1;Bács-Kiskun;12;gimnázium;nő;nappali;magyar nyelv és irodalom;közép;rendes;Nem;magyar;4;74;74;megjelent;33;9;17;10;3;2;74;-;-;-;-
2020;1;Bács-Kiskun;12;gimnázium;nő;nappali;magyar nyelv és irodalom;közép;rendes;Nem;magyar;4;61;61;megjelent;34;4;14;7;0;2;61;-;-;-;-
2020;1;Bács-Kiskun;12;gimnázium;nő;nappali;magyar nyelv és irodalom;közép;rendes;Nem;magyar;5;87;87;megjelent;36;10;19;13;7;2;87;-;-;-;-
2020;1;Bács-Kiskun;12;gimnázium;nő;nappali;magyar nyelv és irodalom;közép;rendes;Nem;magyar;5;85;85;megjelent;33;9;21;13;7;2;85;-;-;-;-
2020;1;Bács-Kiskun;12;gimnázium;nő;nappali;magyar nyelv és irodalom;közép;rendes;Nem;magyar;4;70;70;megjelent;33;7;12;11;5;2;70;-;-;-;-
2020;1;Bács-Kiskun;12;gimnázium;nő;nappali;magyar nyelv és irodalom;közép;rendes;Nem;magyar;3;52;52;megjelent;31;6;7;6;1;1;52;-;-;-;-
2020;1;Bács-Kiskun;12;gimnázium;férfi;nappali;magyar nyelv és irodalom;közép;rendes;Nem;magyar;4;62;62;megjelent;33;6;12;6;3;2;62;-;-;-;-
2020;1;Bács-Kiskun;12;gimnázium;férfi;nappali;magyar nyelv és irodalom;közép;rendes;Igen;magyar;4;75;69;megjelent;35;9;15;9;0;1;69;-;-;-;-
2020;1;Bács-Kiskun;12;gimnázium;férfi;nappali;magyar nyelv és irodalom;közép;rendes;Nem;magyar;3;52;52;megjelent;28;7;10;6;0;1;52;-;-;-;-
2020;1;Bács-Kiskun;12;szakgimnázium/szakközépiskola (2016.09.01-től kifutó rendszerben);nő;nappali;magyar nyelv és irodalom;közép;rendes;Nem;magyar;5;83;83;megjelent;34;8;18;13;8;2;83;-;-;-;-
2020;1;Bács-Kiskun;12;gimnázium;nő;nappali;magyar nyelv és irodalom;közép;rendes;Nem;magyar;5;88;88;megjelent;34;10;24;13;6;1;88;-;-;-;-
2020;1;Bács-Kiskun;12;szakgimnázium/szakközépiskola (2016.09.01-től kifutó rendszerben);férfi;nappali;magyar nyelv és irodalom;közép;rendes;Nem;magyar;1;16;24;megjelent;10;3;3;2;0;1;19;3;3;4;5
2020;1;Bács-Kiskun;12;szakgimnázium/szakközépiskola (2016.09.01-től kifutó rendszerben);férfi;nappali;magyar nyelv és irodalom;közép;rendes;Nem;magyar;2;36;36;megjelent;22;3;6;3;0;2;36;-;-;-;-
2020;1;Bács-Kiskun;12;szakgimnázium/szakközépiskola (2016.09.01-től kifutó rendszerben);férfi;nappali;magyar nyelv és irodalom;közép;rendes;Nem;magyar;4;76;76;megjelent;35;8;18;12;1;2;76;-;-;-;-
2020;1;Bács-Kiskun;13;szakgimnázium/szakközépiskola (2016.09.01-től kifutó rendszerben);férfi;nappali;magyar nyelv és irodalom;közép;rendes;Nem;magyar;3;47;47;megjelent;23;4;12;8;0;0;47;-;-;-;-
2020;1;Bács-Kiskun;12;szakgimnázium/szakközépiskola (2016.09.01-től kifutó rendszerben);nő;nappali;magyar nyelv és irodalom;közép;rendes;Nem;magyar;4;72;72;megjelent;28;10;14;12;6;2;72;-;-;-;-
2020;1;Bács-Kiskun;12;szakgimnázium/szakközépiskola (2016.09.01-től kifutó rendszerben);nő;nappali;magyar nyelv és irodalom;közép;rendes;Igen;magyar;4;61;57;megjelent;27;4;14;10;0;2;57;-;-;-;-
2020;1;Bács-Kiskun;12;szakgimnázium/szakközépiskola (2016.09.01-től kifutó rendszerben);férfi;nappali;magyar nyelv és irodalom;közép;rendes;Nem;magyar;5;81;81;megjelent;30;8;21;15;5;2;81;-;-;-;-
2020;1;Bács-Kiskun;13;szakgimnázium/szakközépiskola (2016.09.01-től kifutó rendszerben);férfi;nappali;magyar nyelv és irodalom;közép;rendes;Nem;magyar;3;41;41;megjelent;19;4;10;8;0;0;41;-;-;-;-
2020;1;Bács-Kiskun;12;szakgimnázium/szakközépiskola (2016.09.01-től kifutó rendszerben);nő;nappali;magyar nyelv és irodalom;közép;rendes;Nem;magyar;3;47;47;megjelent;28;7;6;5;0;1;47;-;-;-;-
2020;1;Bács-Kiskun;12;szakgimnázium/szakközépiskola (2016.09.01-től kifutó rendszerben);férfi;nappali;magyar nyelv és irodalom;közép;rendes;Nem;magyar;3;55;55;megjelent;25;9;9;10;0;2;55;-;-;-;-
2020;1;Bács-Kiskun;12;szakgimnázium/szakközépiskola (2016.09.01-től kifutó rendszerben);férfi;nappali;magyar nyelv és irodalom;közép;rendes;Nem;magyar;3;55;55;megjelent;30;9;7;7;0;2;55;-;-;-;-
2020;1;Bács-Kiskun;12;szakgimnázium/szakközépiskola (2016.09.01-től kifutó rendszerben);férfi;nappali;magyar nyelv és irodalom;közép;rendes;Nem;magyar;4;78;78;megjelent;32;9;18;14;3;2;78;-;-;-;-
2020;1;Bács-Kiskun;12;szakgimnázium/szakközépiskola (2016.09.01-től kifutó rendszerben);férfi;nappali;magyar nyelv és irodalom;közép;rendes;Nem;magyar;4;61;61;megjelent;28;7;13;11;0;2;61;-;-;-;-
2020;1;Bács-Kiskun;12;szakgimnázium/szakközépiskola (2016.09.01-től kifutó rendszerben);férfi;nappali;magyar nyelv és irodalom;közép;rendes;Nem;magyar;4;68;68;megjelent;34;7;14;11;0;2;68;-;-;-;-
2020;1;Bács-Kiskun;12;szakgimnázium/szakközépiskola (2016.09.01-től kifutó rendszerben);férfi;nappali;magyar nyelv és irodalom;közép;rendes;Nem;magyar;4;62;62;megjelent;30;9;8;10;3;2;62;-;-;-;-
2020;1;Bács-Kiskun;12;szakgimnázium/szakközépiskola (2016.09.01-től kifutó rendszerben);férfi;nappali;magyar nyelv és irodalom;közép;rendes;Nem;magyar;2;34;34;megjelent;17;3;4;8;0;2;34;-;-;-;-
2020;1;Bács-Kiskun;12;szakgimnázium/szakközépiskola (2016.09.01-től kifutó rendszerben);férfi;nappali;magyar nyelv és irodalom;közép;rendes;Nem;magyar;4;72;72;megjelent;32;9;17;12;0;2;72;-;-;-;-
2020;1;Bács-Kiskun;12;szakgimnázium/szakközépiskola (2016.09.01-től kifutó rendszerben);férfi;nappali;magyar nyelv és irodalom;közép;rendes;Nem;magyar;3;57;57;megjelent;29;7;9;10;0;2;57;-;-;-;-
2020;1;Bács-Kiskun;12;gimnázium;férfi;nappali;magyar nyelv és irodalom;közép;rendes;Nem;magyar;4;63;63;megjelent;28;8;17;8;0;2;63;-;-;-;-
2020;1;Bács-Kiskun;12;szakgimnázium/szakközépiskola (2016.09.01-től kifutó rendszerben);férfi;nappali;magyar nyelv és irodalom;közép;rendes;Nem;magyar;3;48;48;megjelent;27;9;4;7;0;1;48;-;-;-;-
2020;1;Bács-Kiskun;12;gimnázium;nő;nappali;magyar nyelv és irodalom;közép;rendes;Nem;magyar;4;65;65;megjelent;29;8;14;8;4;2;65;-;-;-;-
2020;1;Bács-Kiskun;12;gimnázium;férfi;nappali;magyar nyelv és irodalom;közép;rendes;Igen;magyar;4;60;30;megjelent;-;-;-;-;-;-;-;13;7;10;30
2020;1;Bács-Kiskun;12;szakgimnázium/szakközépiskola (2016.09.01-től kifutó rendszerben);férfi;nappali;magyar nyelv és irodalom;közép;rendes;Nem;magyar;3;46;46;megjelent;25;8;4;7;0;2;46;-;-;-;-
2020;1;Bács-Kiskun;12;gimnázium;férfi;nappali;magyar nyelv és irodalom;közép;rendes;Nem;magyar;3;55;55;megjelent;28;5;12;8;0;2;55;-;-;-;-
2020;1;Bács-Kiskun;12;szakgimnázium/szakközépiskola (2016.09.01-től kifutó rendszerben);férfi;nappali;magyar nyelv és irodalom;közép;rendes;Nem;magyar;4;71;71;megjelent;30;8;18;13;0;2;71;-;-;-;-
2020;1;Bács-Kiskun;12;szakgimnázium/szakközépiskola (2016.09.01-től kifutó rendszerben);férfi;nappali;magyar nyelv és irodalom;közép;rendes;Nem;magyar;4;67;67;megjelent;29;7;18;11;0;2;67;-;-;-;-
2020;1;Bács-Kiskun;12;gimnázium;férfi;nappali;magyar nyelv és irodalom;közép;rendes;Nem;magyar;4;71;71;megjelent;31;9;16;13;0;2;71;-;-;-;-
2020;1;Bács-Kiskun;12;szakgimnázium/szakközépiskola (2016.09.01-től kifutó rendszerben);férfi;nappali;magyar nyelv és irodalom;közép;rendes;Nem;magyar;4;64;64;megjelent;33;5;11;9;4;2;64;-;-;-;-
2020;1;Bács-Kiskun;12;szakgimnázium/szakközépiskola (2016.09.01-től kifutó rendszerben);férfi;nappali;magyar nyelv és irodalom;közép;rendes;Nem;magyar;4;66;66;megjelent;29;8;13;10;4;2;66;-;-;-;-
2020;1;Bács-Kiskun;12;szakgimnázium/szakközépiskola (2016.09.01-től kifutó rendszerben);férfi;nappali;magyar nyelv és irodalom;közép;rendes;Nem;magyar;4;61;61;megjelent;28;7;13;11;0;2;61;-;-;-;-
2020;1;Bács-Kiskun;12;gimnázium;férfi;nappali;magyar nyelv és irodalom;közép;rendes;Nem;magyar;4;60;60;megjelent;30;0;19;11;0;0;60;-;-;-;-
2020;1;Bács-Kiskun;12;szakgimnázium/szakközépiskola (2016.09.01-től kifutó rendszerben);férfi;nappali;magyar nyelv és irodalom;közép;rendes;Nem;magyar;3;49;49;megjelent;29;5;6;7;0;2;49;-;-;-;-
2020;1;Bács-Kiskun;12;szakgimnázium/szakközépiskola (2016.09.01-től kifutó rendszerben);férfi;nappali;magyar nyelv és irodalom;közép;rendes;Nem;magyar;3;53;53;megjelent;28;4;9;10;0;2;53;-;-;-;-
2020;1;Bács-Kiskun;12;szakgimnázium/szakközépiskola (2016.09.01-től kifutó rendszerben);férfi;nappali;magyar nyelv és irodalom;közép;rendes;Nem;magyar;3;41;41;megjelent;22;5;4;8;0;2;41;-;-;-;-
2020;1;Bács-Kiskun;12;szakgimnázium/szakközépiskola (2016.09.01-től kifutó rendszerben);férfi;nappali;magyar nyelv és irodalom;közép;rendes;Nem;magyar;3;40;40;megjelent;31;0;4;5;0;0;40;-;-;-;-
2020;1;Bács-Kiskun;12;szakgimnázium/szakközépiskola (2016.09.01-től kifutó rendszerben);nő;nappali;magyar nyelv és irodalom;közép;rendes;Nem;magyar;5;84;84;megjelent;32;9;18;15;8;2;84;-;-;-;-
2020;1;Bács-Kiskun;12;szakgimnázium/szakközépiskola (2016.09.01-től kifutó rendszerben);nő;nappali;magyar nyelv és irodalom;közép;rendes;Nem;magyar;3;52;52;megjelent;35;0;5;6;4;2;52;-;-;-;-
2020;1;Bács-Kiskun;12;szakgimnázium/szakközépiskola (2016.09.01-től kifutó rendszerben);nő;nappali;magyar nyelv és irodalom;közép;rendes;Nem;magyar;3;53;53;megjelent;20;5;6;12;8;2;53;-;-;-;-
2020;1;Bács-Kiskun;12;szakgimnázium/szakközépiskola (2016.09.01-től kifutó rendszerben);férfi;nappali;magyar nyelv és irodalom;közép;rendes;Igen;magyar;4;70;65;megjelent;30;7;14;12;0;2;65;-;-;-;-
2020;1;Bács-Kiskun;12;szakgimnázium/szakközépiskola (2016.09.01-től kifutó rendszerben);férfi;nappali;magyar nyelv és irodalom;közép;rendes;Nem;magyar;3;55;55;megjelent;31;4;4;7;7;2;55;-;-;-;-
2020;1;Bács-Kiskun;12;szakgimnázium/szakközépiskola (2016.09.01-től kifutó rendszerben);férfi;nappali;magyar nyelv és irodalom;közép;rendes;Nem;magyar;3;57;57;megjelent;33;4;9;9;0;2;57;-;-;-;-
2020;1;Bács-Kiskun;12;szakgimnázium/szakközépiskola (2016.09.01-től kifutó rendszerben);nő;nappali;magyar nyelv és irodalom;közép;rendes;Nem;magyar;5;85;85;megjelent;38;10;21;15;0;1;85;-;-;-;-
2020;1;Bács-Kiskun;12;gimnázium;nő;nappali;magyar nyelv és irodalom;közép;rendes;Nem;magyar;4;66;66;megjelent;28;8;15;10;3;2;66;-;-;-;-
2020;1;Bács-Kiskun;12;szakgimnázium/szakközépiskola (2016.09.01-től kifutó rendszerben);férfi;nappali;magyar nyelv és irodalom;közép;rendes;Nem;magyar;3;50;50;megjelent;21;8;12;9;0;0;50;-;-;-;-
2020;1;Bács-Kiskun;12;szakgimnázium/szakközépiskola (2016.09.01-től kifutó rendszerben);nő;nappali;magyar nyelv és irodalom;közép;rendes;Nem;magyar;4;72;72;megjelent;30;10;18;12;0;2;72;-;-;-;-
2020;1;Bács-Kiskun;12;szakgimnázium/szakközépiskola (2016.09.01-től kifutó rendszerben);nő;nappali;magyar nyelv és irodalom;közép;rendes;Nem;magyar;4;65;65;megjelent;30;7;11;9;6;2;65;-;-;-;-
2020;1;Bács-Kiskun;12;szakgimnázium/szakközépiskola (2016.09.01-től kifutó rendszerben);férfi;nappali;magyar nyelv és irodalom;közép;rendes;Nem;magyar;4;60;60;megjelent;25;9;15;10;0;1;60;-;-;-;-
2020;1;Bács-Kiskun;12;szakgimnázium/szakközépiskola (2016.09.01-től kifutó rendszerben);nő;nappali;magyar nyelv és irodalom;közép;rendes;Nem;magyar;3;44;44;megjelent;17;7;10;9;0;1;44;-;-;-;-
2020;1;Bács-Kiskun;12;szakgimnázium/szakközépiskola (2016.09.01-től kifutó rendszerben);férfi;nappali;magyar nyelv és irodalom;közép;rendes;Nem;magyar;3;49;49;megjelent;24;5;11;9;0;0;49;-;-;-;-
2020;1;Bács-Kiskun;12;gimnázium;férfi;nappali;magyar nyelv és irodalom;közép;rendes;Nem;magyar;2;37;37;megjelent;24;3;5;5;0;0;37;-;-;-;-
2020;1;Bács-Kiskun;12;gimnázium;nő;nappali;magyar nyelv és irodalom;közép;rendes;Nem;magyar;2;33;33;megjelent;24;1;3;4;0;1;33;-;-;-;-
2020;1;Bács-Kiskun;12;gimnázium;nő;nappali;magyar nyelv és irodalom;közép;rendes;Nem;magyar;3;54;54;megjelent;36;7;5;5;0;1;54;-;-;-;-
2020;1;Bács-Kiskun;12;gimnázium;nő;nappali;magyar nyelv és irodalom;közép;rendes;Nem;magyar;3;52;52;megjelent;28;5;7;8;2;2;52;-;-;-;-
2020;1;Bács-Kiskun;12;gimnázium;férfi;nappali;magyar nyelv és irodalom;közép;rendes;Nem;magyar;2;34;34;megjelent;26;3;2;3;0;0;34;-;-;-;-
2020;1;Bács-Kiskun;12;gimnázium;nő;nappali;magyar nyelv és irodalom;közép;rendes;Nem;magyar;4;60;60;megjelent;31;5;14;10;0;0;60;-;-;-;-
2020;1;Bács-Kiskun;12;szakgimnázium/szakközépiskola (2016.09.01-től kifutó rendszerben);férfi;nappali;magyar nyelv és irodalom;közép;rendes;Nem;magyar;3;53;53;megjelent;31;7;9;4;0;2;53;-;-;-;-
2020;1;Bács-Kiskun;12;szakgimnázium/szakközépiskola (2016.09.01-től kifutó rendszerben);férfi;nappali;magyar nyelv és irodalom;közép;rendes;Nem;magyar;3;47;47;megjelent;29;5;9;4;0;0;47;-;-;-;-
2020;1;Bács-Kiskun;12;szakgimnázium/szakközépiskola (2016.09.01-től kifutó rendszerben);férfi;nappali;magyar nyelv és irodalom;közép;rendes;Nem;magyar;3;58;58;megjelent;28;8;15;7;0;0;58;-;-;-;-
2020;1;Bács-Kiskun;12;szakgimnázium/szakközépiskola (2016.09.01-től kifutó rendszerben);férfi;nappali;magyar nyelv és irodalom;közép;rendes;Nem;magyar;2;35;35;megjelent;24;6;2;3;0;0;35;-;-;-;-
2020;1;Bács-Kiskun;12;szakgimnázium/szakközépiskola (2016.09.01-től kifutó rendszerben);férfi;nappali;magyar nyelv és irodalom;közép;rendes;Nem;magyar;3;46;46;megjelent;24;4;10;6;0;2;46;-;-;-;-
2020;1;Bács-Kiskun;12;szakgimnázium/szakközépiskola (2016.09.01-től kifutó rendszerben);férfi;nappali;magyar nyelv és irodalom;közép;rendes;Nem;magyar;3;46;46;megjelent;30;0;10;6;0;0;46;-;-;-;-
2020;1;Bács-Kiskun;12;szakgimnázium/szakközépiskola (2016.09.01-től kifutó rendszerben);férfi;nappali;magyar nyelv és irodalom;közép;rendes;Nem;magyar;3;59;59;megjelent;30;7;15;7;0;0;59;-;-;-;-
2020;1;Bács-Kiskun;12;szakgimnázium/szakközépiskola (2016.09.01-től kifutó rendszerben);férfi;nappali;magyar nyelv és irodalom;közép;rendes;Nem;magyar;3;44;44;megjelent;31;4;4;3;2;0;44;-;-;-;-
2020;1;Bács-Kiskun;12;szakgimnázium/szakközépiskola (2016.09.01-től kifutó rendszerben);férfi;nappali;magyar nyelv és irodalom;közép;rendes;Nem;magyar;3;43;43;megjelent;30;4;5;4;0;0;43;-;-;-;-
2020;1;Bács-Kiskun;12;szakgimnázium/szakközépiskola (2016.09.01-től kifutó rendszerben);férfi;nappali;magyar nyelv és irodalom;közép;rendes;Nem;magyar;4;60;60;megjelent;28;5;20;7;0;0;60;-;-;-;-
2020;1;Bács-Kiskun;12;szakgimnázium/szakközépiskola (2016.09.01-től kifutó rendszerben);férfi;nappali;magyar nyelv és irodalom;közép;rendes;Nem;magyar;2;35;35;megjelent;25;2;4;4;0;0;35;-;-;-;-
2020;1;Bács-Kiskun;12;szakgimnázium/szakközépiskola (2016.09.01-től kifutó rendszerben);férfi;nappali;magyar nyelv és irodalom;közép;rendes;Nem;magyar;2;28;28;megjelent;20;6;1;1;0;0;28;-;-;-;-
2020;1;Bács-Kiskun;12;szakgimnázium/szakközépiskola (2016.09.01-től kifutó rendszerben);férfi;nappali;magyar nyelv és irodalom;közép;rendes;Nem;magyar;3;52;52;megjelent;24;3;15;10;0;0;52;-;-;-;-
2020;1;Bács-Kiskun;12;szakgimnázium/szakközépiskola (2016.09.01-től kifutó rendszerben);férfi;nappali;magyar nyelv és irodalom;közép;rendes;Nem;magyar;3;50;50;megjelent;30;7;8;5;0;0;50;-;-;-;-
2020;1;Bács-Kiskun;12;szakgimnázium/szakközépiskola (2016.09.01-től kifutó rendszerben);férfi;nappali;magyar nyelv és irodalom;közép;rendes;Nem;magyar;3;54;54;megjelent;29;8;9;7;0;1;54;-;-;-;-
2020;1;Bács-Kiskun;12;szakgimnázium/szakközépiskola (2016.09.01-től kifutó rendszerben);férfi;nappali;magyar nyelv és irodalom;közép;rendes;Nem;magyar;3;43;43;megjelent;29;6;5;3;0;0;43;-;-;-;-
2020;1;Bács-Kiskun;12;szakgimnázium/szakközépiskola (2016.09.01-től kifutó rendszerben);férfi;nappali;magyar nyelv és irodalom;közép;rendes;Nem;magyar;4;62;62;megjelent;35;5;12;7;1;2;62;-;-;-;-
2020;1;Bács-Kiskun;12;szakgimnázium/szakközépiskola (2016.09.01-től kifutó rendszerben);férfi;nappali;magyar nyelv és irodalom;közép;rendes;Igen;magyar;2;30;28;megjelent;18;5;2;3;0;0;28;-;-;-;-
2020;1;Bács-Kiskun;12;szakgimnázium/szakközépiskola (2016.09.01-től kifutó rendszerben);férfi;nappali;magyar nyelv és irodalom;közép;rendes;Nem;magyar;3;47;47;megjelent;26;7;7;6;0;1;47;-;-;-;-
2020;1;Bács-Kiskun;12;szakgimnázium/szakközépiskola (2016.09.01-től kifutó rendszerben);férfi;nappali;magyar nyelv és irodalom;közép;rendes;Nem;magyar;2;28;28;megjelent;18;3;4;3;0;0;28;-;-;-;-
2020;1;Bács-Kiskun;12;szakgimnázium/szakközépiskola (2016.09.01-től kifutó rendszerben);férfi;nappali;magyar nyelv és irodalom;közép;rendes;Nem;magyar;3;58;58;megjelent;30;3;17;8;0;0;58;-;-;-;-
2020;1;Bács-Kiskun;12;szakgimnázium/szakközépiskola (2016.09.01-től kifutó rendszerben);férfi;nappali;magyar nyelv és irodalom;közép;rendes;Nem;magyar;4;61;61;megjelent;28;5;17;9;2;0;61;-;-;-;-
2020;1;Bács-Kiskun;12;szakgimnázium/szakközépiskola (2016.09.01-től kifutó rendszerben);nő;nappali;magyar nyelv és irodalom;közép;rendes;Nem;magyar;4;66;66;megjelent;29;6;19;11;0;1;66;-;-;-;-
2020;1;Bács-Kiskun;12;szakgimnázium/szakközépiskola (2016.09.01-től kifutó rendszerben);nő;nappali;magyar nyelv és irodalom;közép;rendes;Nem;magyar;3;55;55;megjelent;18;8;16;11;0;2;55;-;-;-;-
2020;1;Bács-Kiskun;12;szakgimnázium/szakközépiskola (2016.09.01-től kifutó rendszerben);nő;nappali;magyar nyelv és irodalom;közép;rendes;Nem;magyar;4;72;72;megjelent;30;6;22;12;0;2;72;-;-;-;-
2020;1;Bács-Kiskun;12;szakgimnázium/szakközépiskola (2016.09.01-től kifutó rendszerben);nő;nappali;magyar nyelv és irodalom;közép;rendes;Nem;magyar;4;66;66;megjelent;25;9;18;11;1;2;66;-;-;-;-
2020;1;Bács-Kiskun;12;szakgimnázium/szakközépiskola (2016.09.01-től kifutó rendszerben);nő;nappali;magyar nyelv és irodalom;közép;rendes;Nem;magyar;3;41;41;megjelent;13;6;13;9;0;0;41;-;-;-;-
2020;1;Bács-Kiskun;12;szakgimnázium/szakközépiskola (2016.09.01-től kifutó rendszerben);nő;nappali;magyar nyelv és irodalom;közép;rendes;Nem;magyar;3;52;52;megjelent;19;6;15;10;0;2;52;-;-;-;-
2020;1;Bács-Kiskun;12;szakgimnázium/szakközépiskola (2016.09.01-től kifutó rendszerben);nő;nappali;magyar nyelv és irodalom;közép;rendes;Nem;magyar;3;53;53;megjelent;17;5;10;11;8;2;53;-;-;-;-
2020;1;Bács-Kiskun;12;szakgimnázium/szakközépiskola (2016.09.01-től kifutó rendszerben);nő;nappali;magyar nyelv és irodalom;közép;rendes;Igen;magyar;3;50;46;megjelent;18;4;14;8;0;2;46;-;-;-;-
2020;1;Bács-Kiskun;12;szakgimnázium/szakközépiskola (2016.09.01-től kifutó rendszerben);nő;nappali;magyar nyelv és irodalom;közép;előrehozott;Nem;magyar;4;64;64;megjelent;24;8;19;11;0;2;64;-;-;-;-
2020;1;Bács-Kiskun;12;szakgimnázium/szakközépiskola (2016.09.01-től kifutó rendszerben);nő;nappali;magyar nyelv és irodalom;közép;rendes;Nem;magyar;4;63;63;megjelent;26;5;19;11;0;2;63;-;-;-;-
2020;1;Bács-Kiskun;12;szakgimnázium/szakközépiskola (2016.09.01-től kifutó rendszerben);nő;nappali;magyar nyelv és irodalom;közép;előrehozott;Nem;magyar;3;55;55;megjelent;25;6;13;9;0;2;55;-;-;-;-
2020;1;Bács-Kiskun;12;szakgimnázium/szakközépiskola (2016.09.01-től kifutó rendszerben);nő;nappali;magyar nyelv és irodalom;közép;rendes;Nem;magyar;4;76;76;megjelent;30;8;20;11;5;2;76;-;-;-;-
2020;1;Bács-Kiskun;12;szakgimnázium/szakközépiskola (2016.09.01-től kifutó rendszerben);nő;nappali;magyar nyelv és irodalom;közép;rendes;Nem;magyar;4;62;62;megjelent;28;7;15;10;0;2;62;-;-;-;-
2020;1;Bács-Kiskun;12;gimnázium;férfi;nappali;magyar nyelv és irodalom;közép;rendes;Nem;magyar;4;65;65;megjelent;30;8;11;12;2;2;65;-;-;-;-
2020;1;Bács-Kiskun;12;gimnázium;nő;nappali;magyar nyelv és irodalom;közép;rendes;Nem;magyar;5;81;81;megjelent;32;8;21;13;5;2;81;-;-;-;-
2020;1;Bács-Kiskun;12;gimnázium;nő;nappali;magyar nyelv és irodalom;közép;rendes;Nem;magyar;4;72;72;megjelent;30;9;14;13;4;2;72;-;-;-;-
2020;1;Bács-Kiskun;12;szakgimnázium/szakközépiskola (2016.09.01-től kifutó rendszerben);férfi;nappali;magyar nyelv és irodalom;közép;rendes;Nem;magyar;4;64;64;megjelent;28;7;18;9;0;2;64;-;-;-;-
2020;1;Bács-Kiskun;12;szakgimnázium/szakközépiskola (2016.09.01-től kifutó rendszerben);férfi;nappali;magyar nyelv és irodalom;közép;rendes;Nem;magyar;3;57;57;megjelent;26;8;15;7;0;1;57;-;-;-;-
2020;1;Bács-Kiskun;12;szakgimnázium/szakközépiskola (2016.09.01-től kifutó rendszerben);férfi;nappali;magyar nyelv és irodalom;közép;rendes;Nem;magyar;3;55;55;megjelent;22;8;18;7;0;0;55;-;-;-;-
2020;1;Bács-Kiskun;12;szakgimnázium/szakközépiskola (2016.09.01-től kifutó rendszerben);nő;nappali;magyar nyelv és irodalom;közép;rendes;Nem;magyar;4;60;60;megjelent;24;9;15;10;0;2;60;-;-;-;-
2020;1;Bács-Kiskun;12;szakgimnázium/szakközépiskola (2016.09.01-től kifutó rendszerben);nő;nappali;magyar nyelv és irodalom;közép;rendes;Nem;magyar;4;67;67;megjelent;22;9;19;13;2;2;67;-;-;-;-
2020;1;Bács-Kiskun;12;szakgimnázium/szakközépiskola (2016.09.01-től kifutó rendszerben);férfi;nappali;magyar nyelv és irodalom;közép;rendes;Nem;magyar;4;64;64;megjelent;25;8;20;10;0;1;64;-;-;-;-
2020;1;Bács-Kiskun;12;szakgimnázium/szakközépiskola (2016.09.01-től kifutó rendszerben);férfi;nappali;magyar nyelv és irodalom;közép;rendes;Nem;magyar;3;51;51;megjelent;21;6;15;7;0;2;51;-;-;-;-
2020;1;Bács-Kiskun;12;szakgimnázium/szakközépiskola (2016.09.01-től kifutó rendszerben);nő;nappali;magyar nyelv és irodalom;közép;rendes;Nem;magyar;4;69;69;megjelent;29;7;22;11;0;0;69;-;-;-;-
2020;1;Bács-Kiskun;12;szakgimnázium/szakközépiskola (2016.09.01-től kifutó rendszerben);nő;nappali;magyar nyelv és irodalom;közép;rendes;Nem;magyar;3;50;50;megjelent;19;5;15;9;0;2;50;-;-;-;-
2020;1;Bács-Kiskun;12;szakgimnázium/szakközépiskola (2016.09.01-től kifutó rendszerben);férfi;nappali;magyar nyelv és irodalom;közép;rendes;Nem;magyar;5;80;80;megjelent;33;10;20;12;3;2;80;-;-;-;-
2020;1;Bács-Kiskun;12;szakgimnázium/szakközépiskola (2016.09.01-től kifutó rendszerben);nő;nappali;magyar nyelv és irodalom;közép;rendes;Nem;magyar;3;55;55;megjelent;23;7;17;8;0;0;55;-;-;-;-
2020;1;Bács-Kiskun;12;szakgimnázium/szakközépiskola (2016.09.01-től kifutó rendszerben);nő;nappali;magyar nyelv és irodalom;közép;rendes;Nem;magyar;4;72;72;megjelent;28;10;20;12;0;2;72;-;-;-;-
2020;1;Bács-Kiskun;12;szakgimnázium/szakközépiskola (2016.09.01-től kifutó rendszerben);férfi;nappali;magyar nyelv és irodalom;közép;rendes;Nem;magyar;4;74;74;megjelent;34;7;21;10;0;2;74;-;-;-;-
2020;1;Bács-Kiskun;12;szakgimnázium/szakközépiskola (2016.09.01-től kifutó rendszerben);férfi;nappali;magyar nyelv és irodalom;közép;rendes;Igen;magyar;3;53;49;megjelent;16;8;15;10;0;0;49;-;-;-;-
2020;1;Bács-Kiskun;12;szakgimnázium/szakközépiskola (2016.09.01-től kifutó rendszerben);férfi;nappali;magyar nyelv és irodalom;közép;rendes;Nem;magyar;3;49;49;megjelent;17;7;17;7;0;1;49;-;-;-;-
2020;1;Bács-Kiskun;12;szakgimnázium/szakközépiskola (2016.09.01-től kifutó rendszerben);férfi;nappali;magyar nyelv és irodalom;közép;rendes;Nem;magyar;3;57;57;megjelent;25;9;16;6;0;1;57;-;-;-;-
2020;1;Bács-Kiskun;12;szakgimnázium/szakközépiskola (2016.09.01-től kifutó rendszerben);nő;nappali;magyar nyelv és irodalom;közép;rendes;Nem;magyar;3;50;50;megjelent;22;4;15;7;0;2;50;-;-;-;-
2020;1;Bács-Kiskun;12;szakgimnázium/szakközépiskola (2016.09.01-től kifutó rendszerben);nő;nappali;magyar nyelv és irodalom;közép;rendes;Nem;magyar;4;70;70;megjelent;24;9;22;12;1;2;70;-;-;-;-
2020;1;Bács-Kiskun;12;gimnázium;férfi;nappali;magyar nyelv és irodalom;közép;rendes;Nem;magyar;3;41;41;megjelent;30;0;5;6;0;0;41;-;-;-;-
2020;1;Bács-Kiskun;12;gimnázium;nő;nappali;magyar nyelv és irodalom;közép;rendes;Nem;magyar;2;32;32;megjelent;20;3;4;5;0;0;32;-;-;-;-
2020;1;Bács-Kiskun;12;szakgimnázium/szakközépiskola (2016.09.01-től kifutó rendszerben);nő;nappali;magyar nyelv és irodalom;közép;rendes;Nem;magyar;3;48;48;megjelent;25;6;9;6;0;2;48;-;-;-;-
2020;1;Bács-Kiskun;12;szakgimnázium/szakközépiskola (2016.09.01-től kifutó rendszerben);nő;nappali;magyar nyelv és irodalom;közép;rendes;Nem;magyar;3;43;43;megjelent;25;5;10;3;0;0;43;-;-;-;-
2020;1;Bács-Kiskun;12;szakgimnázium/szakközépiskola (2016.09.01-től kifutó rendszerben);nő;nappali;magyar nyelv és irodalom;közép;rendes;Nem;magyar;3;54;54;megjelent;26;9;9;8;0;2;54;-;-;-;-
2020;1;Bács-Kiskun;12;szakgimnázium/szakközépiskola (2016.09.01-től kifutó rendszerben);nő;nappali;magyar nyelv és irodalom;közép;rendes;Nem;magyar;4;60;60;megjelent;23;5;19;11;0;2;60;-;-;-;-
2020;1;Bács-Kiskun;12;szakgimnázium/szakközépiskola (2016.09.01-től kifutó rendszerben);nő;nappali;magyar nyelv és irodalom;közép;rendes;Nem;magyar;3;55;55;megjelent;19;7;17;10;0;2;55;-;-;-;-
2020;1;Bács-Kiskun;12;gimnázium;nő;nappali;magyar nyelv és irodalom;közép;rendes;Nem;magyar;3;51;51;megjelent;30;7;4;8;0;2;51;-;-;-;-
2020;1;Bács-Kiskun;12;gimnázium;nő;nappali;magyar nyelv és irodalom;közép;rendes;Nem;magyar;3;55;55;megjelent;22;8;16;9;0;0;55;-;-;-;-
2020;1;Bács-Kiskun;12;gimnázium;férfi;nappali;magyar nyelv és irodalom;közép;rendes;Nem;magyar;4;69;69;megjelent;33;7;11;13;3;2;69;-;-;-;-
2020;1;Bács-Kiskun;12;szakgimnázium/szakközépiskola (2016.09.01-től kifutó rendszerben);nő;nappali;magyar nyelv és irodalom;közép;rendes;Igen;magyar;3;42;21;megjelent;-;-;-;-;-;-;-;12;3;6;21
2020;1;Bács-Kiskun;12;gimnázium;férfi;nappali;magyar nyelv és irodalom;közép;rendes;Igen;magyar;3;58;54;megjelent;29;6;9;8;0;2;54;-;-;-;-
2020;1;Bács-Kiskun;12;gimnázium;férfi;nappali;magyar nyelv és irodalom;közép;rendes;Nem;magyar;3;52;52;megjelent;31;8;4;9;0;0;52;-;-;-;-
2020;1;Bács-Kiskun;12;szakgimnázium/szakközépiskola (2016.09.01-től kifutó rendszerben);nő;nappali;magyar nyelv és irodalom;közép;rendes;Nem;magyar;3;53;53;megjelent;19;8;18;7;0;1;53;-;-;-;-
2020;1;Bács-Kiskun;12;gimnázium;férfi;nappali;magyar nyelv és irodalom;közép;rendes;Igen;magyar;4;78;72;megjelent;32;8;19;11;0;2;72;-;-;-;-
2020;1;Bács-Kiskun;12;szakgimnázium/szakközépiskola (2016.09.01-től kifutó rendszerben);férfi;nappali;magyar nyelv és irodalom;közép;rendes;Nem;magyar;3;48;48;megjelent;26;6;7;7;0;2;48;-;-;-;-
2020;1;Bács-Kiskun;12;szakgimnázium/szakközépiskola (2016.09.01-től kifutó rendszerben);férfi;nappali;magyar nyelv és irodalom;közép;rendes;Nem;magyar;3;46;46;megjelent;23;7;9;7;0;0;46;-;-;-;-
2020;1;Bács-Kiskun;12;szakgimnázium/szakközépiskola (2016.09.01-től kifutó rendszerben);férfi;nappali;magyar nyelv és irodalom;közép;rendes;Nem;magyar;3;45;45;megjelent;28;4;8;5;0;0;45;-;-;-;-
2020;1;Bács-Kiskun;12;szakgimnázium/szakközépiskola (2016.09.01-től kifutó rendszerben);nő;nappali;magyar nyelv és irodalom;közép;rendes;Nem;magyar;2;36;36;megjelent;18;4;8;6;0;0;36;-;-;-;-
2020;1;Bács-Kiskun;12;szakgimnázium/szakközépiskola (2016.09.01-től kifutó rendszerben);nő;nappali;magyar nyelv és irodalom;közép;rendes;Igen;magyar;3;40;37;megjelent;18;5;8;6;0;0;37;-;-;-;-
2020;1;Bács-Kiskun;12;szakgimnázium/szakközépiskola (2016.09.01-től kifutó rendszerben);nő;nappali;magyar nyelv és irodalom;közép;rendes;Nem;magyar;2;37;37;megjelent;19;5;7;6;0;0;37;-;-;-;-
2020;1;Bács-Kiskun;12;szakgimnázium/szakközépiskola (2016.09.01-től kifutó rendszerben);férfi;nappali;magyar nyelv és irodalom;közép;rendes;Nem;magyar;3;52;52;megjelent;27;8;9;8;0;0;52;-;-;-;-
2020;1;Bács-Kiskun;12;szakgimnázium/szakközépiskola (2016.09.01-től kifutó rendszerben);férfi;nappali;magyar nyelv és irodalom;közép;rendes;Nem;magyar;3;55;55;megjelent;27;9;11;8;0;0;55;-;-;-;-
2020;1;Bács-Kiskun;12;szakgimnázium/szakközépiskola (2016.09.01-től kifutó rendszerben);nő;nappali;magyar nyelv és irodalom;közép;rendes;Igen;magyar;3;45;42;megjelent;17;7;10;8;0;0;42;-;-;-;-
2020;1;Bács-Kiskun;12;gimnázium;nő;nappali;magyar nyelv és irodalom;közép;rendes;Nem;magyar;5;90;90;megjelent;36;10;21;13;8;2;90;-;-;-;-
2020;1;Bács-Kiskun;12;gimnázium;nő;nappali;magyar nyelv és irodalom;közép;rendes;Nem;magyar;4;62;62;megjelent;26;8;18;10;0;0;62;-;-;-;-
2020;1;Bács-Kiskun;12;gimnázium;nő;nappali;magyar nyelv és irodalom;közép;rendes;Nem;magyar;5;82;82;megjelent;34;9;19;12;6;2;82;-;-;-;-
2020;1;Bács-Kiskun;12;gimnázium;nő;nappali;magyar nyelv és irodalom;közép;rendes;Nem;magyar;4;60;60;megjelent;21;7;18;12;0;2;60;-;-;-;-
2020;1;Bács-Kiskun;12;gimnázium;nő;nappali;magyar nyelv és irodalom;közép;rendes;Nem;magyar;5;95;95;megjelent;37;10;24;15;7;2;95;-;-;-;-
2020;1;Bács-Kiskun;12;gimnázium;férfi;nappali;magyar nyelv és irodalom;közép;rendes;Nem;magyar;4;62;62;megjelent;31;8;13;9;0;1;62;-;-;-;-
2020;1;Bács-Kiskun;12;gimnázium;férfi;nappali;magyar nyelv és irodalom;közép;rendes;Nem;magyar;5;83;83;megjelent;37;9;21;12;2;2;83;-;-;-;-
2020;1;Bács-Kiskun;12;szakgimnázium/szakközépiskola (2016.09.01-től kifutó rendszerben);nő;nappali;magyar nyelv és irodalom;közép;rendes;Nem;magyar;3;54;54;megjelent;29;6;12;5;0;2;54;-;-;-;-
2020;1;Bács-Kiskun;12;szakgimnázium/szakközépiskola (2016.09.01-től kifutó rendszerben);férfi;nappali;magyar nyelv és irodalom;közép;rendes;Nem;magyar;3;44;44;megjelent;25;3;12;4;0;0;44;-;-;-;-
2020;1;Bács-Kiskun;12;szakgimnázium/szakközépiskola (2016.09.01-től kifutó rendszerben);férfi;nappali;magyar nyelv és irodalom;közép;rendes;Nem;magyar;4;73;73;megjelent;32;9;19;12;0;1;73;-;-;-;-
2020;1;Bács-Kiskun;12;szakgimnázium/szakközépiskola (2016.09.01-től kifutó rendszerben);nő;nappali;magyar nyelv és irodalom;közép;rendes;Nem;magyar;4;78;78;megjelent;35;9;19;13;0;2;78;-;-;-;-
2020;1;Bács-Kiskun;12;szakgimnázium/szakközépiskola (2016.09.01-től kifutó rendszerben);nő;nappali;magyar nyelv és irodalom;közép;rendes;Igen;magyar;2;35;33;megjelent;18;4;5;5;0;1;33;-;-;-;-
2020;1;Bács-Kiskun;12;szakgimnázium/szakközépiskola (2016.09.01-től kifutó rendszerben);nő;nappali;magyar nyelv és irodalom;közép;rendes;Nem;magyar;5;84;84;megjelent;36;7;24;15;0;2;84;-;-;-;-
2020;1;Bács-Kiskun;12;szakgimnázium/szakközépiskola (2016.09.01-től kifutó rendszerben);férfi;nappali;magyar nyelv és irodalom;közép;rendes;Nem;magyar;4;61;61;megjelent;30;7;12;8;2;2;61;-;-;-;-
2020;1;Bács-Kiskun;12;szakgimnázium/szakközépiskola (2016.09.01-től kifutó rendszerben);férfi;nappali;magyar nyelv és irodalom;közép;rendes;Nem;magyar;3;52;52;megjelent;30;6;6;4;5;1;52;-;-;-;-
2020;1;Bács-Kiskun;12;szakgimnázium/szakközépiskola (2016.09.01-től kifutó rendszerben);férfi;nappali;magyar nyelv és irodalom;közép;rendes;Nem;magyar;4;62;62;megjelent;30;7;16;9;0;0;62;-;-;-;-
2020;1;Bács-Kiskun;12;szakgimnázium/szakközépiskola (2016.09.01-től kifutó rendszerben);nő;nappali;magyar nyelv és irodalom;közép;rendes;Nem;magyar;3;51;51;megjelent;24;4;15;8;0;0;51;-;-;-;-
2020;1;Bács-Kiskun;12;szakgimnázium/szakközépiskola (2016.09.01-től kifutó rendszerben);férfi;nappali;magyar nyelv és irodalom;közép;rendes;Nem;magyar;5;83;83;megjelent;37;8;22;14;0;2;83;-;-;-;-
2020;1;Bács-Kiskun;12;szakgimnázium/szakközépiskola (2016.09.01-től kifutó rendszerben);férfi;nappali;magyar nyelv és irodalom;közép;rendes;Nem;magyar;4;74;74;megjelent;32;8;22;12;0;0;74;-;-;-;-
2020;1;Bács-Kiskun;12;szakgimnázium/szakközépiskola (2016.09.01-től kifutó rendszerben);nő;nappali;magyar nyelv és irodalom;közép;rendes;Nem;magyar;2;33;33;megjelent;20;4;5;3;0;1;33;-;-;-;-
2020;1;Bács-Kiskun;12;szakgimnázium/szakközépiskola (2016.09.01-től kifutó rendszerben);férfi;nappali;magyar nyelv és irodalom;közép;rendes;Nem;magyar;2;36;36;megjelent;24;4;5;3;0;0;36;-;-;-;-
2020;1;Bács-Kiskun;12;szakgimnázium/szakközépiskola (2016.09.01-től kifutó rendszerben);férfi;nappali;magyar nyelv és irodalom;közép;rendes;Nem;magyar;3;44;44;megjelent;22;5;10;6;0;1;44;-;-;-;-
2020;1;Bács-Kiskun;12;szakgimnázium/szakközépiskola (2016.09.01-től kifutó rendszerben);nő;nappali;magyar nyelv és irodalom;közép;rendes;Nem;magyar;4;63;63;megjelent;31;5;19;8;0;0;63;-;-;-;-
2020;1;Bács-Kiskun;12;szakgimnázium/szakközépiskola (2016.09.01-től kifutó rendszerben);férfi;nappali;magyar nyelv és irodalom;közép;rendes;Nem;magyar;2;36;36;megjelent;19;7;6;4;0;0;36;-;-;-;-
2020;1;Bács-Kiskun;12;szakgimnázium/szakközépiskola (2016.09.01-től kifutó rendszerben);férfi;nappali;magyar nyelv és irodalom;közép;rendes;Nem;magyar;5;80;80;megjelent;35;8;23;14;0;0;80;-;-;-;-
2020;1;Bács-Kiskun;12;szakgimnázium/szakközépiskola (2016.09.01-től kifutó rendszerben);férfi;nappali;magyar nyelv és irodalom;közép;rendes;Nem;magyar;3;55;55;megjelent;29;4;16;6;0;0;55;-;-;-;-
2020;1;Bács-Kiskun;12;szakgimnázium/szakközépiskola (2016.09.01-től kifutó rendszerben);nő;nappali;magyar nyelv és irodalom;közép;rendes;Nem;magyar;4;61;61;megjelent;24;6;16;13;0;2;61;-;-;-;-
2020;1;Bács-Kiskun;12;szakgimnázium/szakközépiskola (2016.09.01-től kifutó rendszerben);nő;nappali;magyar nyelv és irodalom;közép;rendes;Nem;magyar;3;46;46;megjelent;20;6;14;5;0;1;46;-;-;-;-
2020;1;Bács-Kiskun;12;szakgimnázium/szakközépiskola (2016.09.01-től kifutó rendszerben);férfi;nappali;magyar nyelv és irodalom;közép;rendes;Nem;magyar;2;34;34;megjelent;25;3;3;3;0;0;34;-;-;-;-
2020;1;Bács-Kiskun;12;szakgimnázium/szakközépiskola (2016.09.01-től kifutó rendszerben);férfi;nappali;magyar nyelv és irodalom;közép;rendes;Nem;magyar;2;38;38;megjelent;26;0;6;6;0;0;38;-;-;-;-
2020;1;Bács-Kiskun;12;szakgimnázium/szakközépiskola (2016.09.01-től kifutó rendszerben);férfi;nappali;magyar nyelv és irodalom;közép;rendes;Nem;magyar;4;76;76;megjelent;34;9;17;14;0;2;76;-;-;-;-
2020;1;Bács-Kiskun;12;szakgimnázium/szakközépiskola (2016.09.01-től kifutó rendszerben);nő;nappali;magyar nyelv és irodalom;közép;rendes;Nem;magyar;3;56;56;megjelent;22;7;14;11;0;2;56;-;-;-;-
2020;1;Bács-Kiskun;12;gimnázium;férfi;nappali;magyar nyelv és irodalom;közép;rendes;Nem;magyar;5;96;96;megjelent;38;10;24;14;8;2;96;-;-;-;-
2020;1;Bács-Kiskun;12;gimnázium;nő;nappali;magyar nyelv és irodalom;közép;rendes;Nem;magyar;4;67;67;megjelent;34;7;17;8;0;1;67;-;-;-;-
2020;1;Bács-Kiskun;12;gimnázium;férfi;nappali;magyar nyelv és irodalom;közép;rendes;Nem;magyar;4;67;67;megjelent;29;7;18;11;0;2;67;-;-;-;-
2020;1;Bács-Kiskun;12;gimnázium;férfi;nappali;magyar nyelv és irodalom;közép;rendes;Nem;magyar;4;71;71;megjelent;33;8;15;11;2;2;71;-;-;-;-
2020;1;Bács-Kiskun;12;gimnázium;férfi;nappali;magyar nyelv és irodalom;közép;rendes;Nem;magyar;3;53;53;megjelent;28;5;11;7;0;2;53;-;-;-;-
2020;1;Bács-Kiskun;12;gimnázium;nő;nappali;magyar nyelv és irodalom;közép;rendes;Nem;magyar;5;89;89;megjelent;38;9;22;13;5;2;89;-;-;-;-
2020;1;Bács-Kiskun;12;gimnázium;nő;nappali;magyar nyelv és irodalom;közép;rendes;Nem;magyar;5;83;83;megjelent;32;9;19;13;8;2;83;-;-;-;-
2020;1;Bács-Kiskun;12;gimnázium;férfi;nappali;magyar nyelv és irodalom;közép;rendes;Nem;magyar;3;52;52;megjelent;30;5;9;6;0;2;52;-;-;-;-
2020;1;Bács-Kiskun;12;gimnázium;nő;nappali;magyar nyelv és irodalom;közép;rendes;Nem;magyar;4;71;71;megjelent;37;2;18;11;2;1;71;-;-;-;-
2020;1;Bács-Kiskun;12;gimnázium;férfi;nappali;magyar nyelv és irodalom;közép;rendes;Nem;magyar;3;53;53;megjelent;28;6;9;7;1;2;53;-;-;-;-
2020;1;Bács-Kiskun;12;gimnázium;nő;nappali;magyar nyelv és irodalom;közép;rendes;Nem;magyar;5;80;80;megjelent;34;10;19;12;3;2;80;-;-;-;-
2020;1;Bács-Kiskun;12;gimnázium;nő;nappali;magyar nyelv és irodalom;közép;rendes;Nem;magyar;5;87;87;megjelent;36;10;20;12;7;2;87;-;-;-;-
2020;1;Bács-Kiskun;12;gimnázium;nő;nappali;magyar nyelv és irodalom;közép;rendes;Nem;magyar;4;75;75;megjelent;35;7;14;10;7;2;75;-;-;-;-
2020;1;Bács-Kiskun;12;gimnázium;nő;nappali;magyar nyelv és irodalom;közép;rendes;Nem;magyar;5;81;81;megjelent;36;7;18;11;7;2;81;-;-;-;-
2020;1;Bács-Kiskun;12;gimnázium;férfi;nappali;magyar nyelv és irodalom;közép;rendes;Nem;magyar;4;69;69;megjelent;35;9;12;9;2;2;69;-;-;-;-
2020;1;Bács-Kiskun;12;gimnázium;nő;nappali;magyar nyelv és irodalom;közép;rendes;Nem;magyar;4;74;74;megjelent;37;9;17;10;0;1;74;-;-;-;-
2020;1;Bács-Kiskun;12;gimnázium;férfi;nappali;magyar nyelv és irodalom;közép;rendes;Nem;magyar;4;62;62;megjelent;29;9;12;10;0;2;62;-;-;-;-
2020;1;Bács-Kiskun;12;gimnázium;nő;nappali;magyar nyelv és irodalom;közép;rendes;Nem;magyar;4;75;75;megjelent;35;9;19;10;0;2;75;-;-;-;-
2020;1;Bács-Kiskun;12;gimnázium;férfi;nappali;magyar nyelv és irodalom;közép;rendes;Nem;magyar;3;43;43;megjelent;20;3;13;7;0;0;43;-;-;-;-
2020;1;Bács-Kiskun;12;gimnázium;nő;nappali;magyar nyelv és irodalom;közép;rendes;Nem;magyar;4;74;74;megjelent;30;9;19;11;3;2;74;-;-;-;-
2020;1;Bács-Kiskun;12;gimnázium;férfi;nappali;magyar nyelv és irodalom;közép;rendes;Nem;magyar;4;72;72;megjelent;33;9;18;11;0;1;72;-;-;-;-
2020;1;Bács-Kiskun;12;gimnázium;férfi;nappali;magyar nyelv és irodalom;közép;rendes;Nem;magyar;2;31;31;megjelent;20;4;2;3;0;2;31;-;-;-;-
2020;1;Bács-Kiskun;12;gimnázium;férfi;nappali;magyar nyelv és irodalom;közép;rendes;Nem;magyar;3;48;48;megjelent;21;7;10;8;0;2;48;-;-;-;-
2020;1;Bács-Kiskun;12;gimnázium;férfi;nappali;magyar nyelv és irodalom;közép;rendes;Nem;magyar;3;58;58;megjelent;33;5;10;9;0;1;58;-;-;-;-
2020;1;Bács-Kiskun;12;gimnázium;férfi;nappali;magyar nyelv és irodalom;közép;rendes;Nem;magyar;4;66;66;megjelent;27;7;18;12;0;2;66;-;-;-;-
2020;1;Bács-Kiskun;12;gimnázium;férfi;nappali;magyar nyelv és irodalom;közép;rendes;Nem;magyar;3;56;56;megjelent;26;9;12;8;0;1;56;-;-;-;-
2020;1;Bács-Kiskun;12;szakgimnázium/szakközépiskola (2016.09.01-től kifutó rendszerben);nő;nappali;magyar nyelv és irodalom;közép;rendes;Nem;magyar;3;57;57;megjelent;27;8;5;8;7;2;57;-;-;-;-
2020;1;Bács-Kiskun;12;szakgimnázium/szakközépiskola (2016.09.01-től kifutó rendszerben);nő;nappali;magyar nyelv és irodalom;közép;rendes;Nem;magyar;5;87;87;megjelent;34;10;25;15;1;2;87;-;-;-;-
2020;1;Bács-Kiskun;12;szakgimnázium/szakközépiskola (2016.09.01-től kifutó rendszerben);nő;nappali;magyar nyelv és irodalom;közép;rendes;Nem;magyar;3;48;48;megjelent;21;6;12;8;0;1;48;-;-;-;-
2020;1;Bács-Kiskun;12;szakgimnázium/szakközépiskola (2016.09.01-től kifutó rendszerben);férfi;nappali;magyar nyelv és irodalom;közép;rendes;Nem;magyar;3;45;45;megjelent;24;6;6;8;0;1;45;-;-;-;-
2020;1;Bács-Kiskun;12;szakgimnázium/szakközépiskola (2016.09.01-től kifutó rendszerben);férfi;nappali;magyar nyelv és irodalom;közép;rendes;Nem;magyar;3;44;44;megjelent;19;3;15;7;0;0;44;-;-;-;-
2020;1;Bács-Kiskun;12;szakgimnázium/szakközépiskola (2016.09.01-től kifutó rendszerben);férfi;nappali;magyar nyelv és irodalom;közép;rendes;Nem;magyar;4;66;66;megjelent;31;7;18;9;0;1;66;-;-;-;-
2020;1;Bács-Kiskun;12;szakgimnázium/szakközépiskola (2016.09.01-től kifutó rendszerben);férfi;nappali;magyar nyelv és irodalom;közép;rendes;Nem;magyar;3;54;54;megjelent;29;6;11;7;0;1;54;-;-;-;-
2020;1;Bács-Kiskun;12;gimnázium;férfi;nappali;magyar nyelv és irodalom;közép;rendes;Igen;magyar;3;44;22;megjelent;-;-;-;-;-;-;-;7;7;8;22
2020;1;Bács-Kiskun;12;gimnázium;férfi;nappali;magyar nyelv és irodalom;közép;rendes;Nem;magyar;2;35;35;megjelent;22;9;2;2;0;0;35;-;-;-;-
2020;1;Bács-Kiskun;12;szakgimnázium/szakközépiskola (2016.09.01-től kifutó rendszerben);nő;nappali;magyar nyelv és irodalom;közép;rendes;Nem;magyar;3;52;52;megjelent;27;6;11;8;0;0;52;-;-;-;-
2020;1;Bács-Kiskun;12;gimnázium;nő;nappali;magyar nyelv és irodalom;közép;rendes;Nem;magyar;3;49;49;megjelent;31;6;4;6;0;2;49;-;-;-;-
2020;1;Bács-Kiskun;12;gimnázium;férfi;nappali;magyar nyelv és irodalom;közép;rendes;Nem;magyar;4;62;62;megjelent;33;10;10;6;1;2;62;-;-;-;-
2020;1;Bács-Kiskun;12;gimnázium;férfi;nappali;magyar nyelv és irodalom;közép;rendes;Igen;magyar;3;50;46;megjelent;19;6;14;7;0;0;46;-;-;-;-
2020;1;Bács-Kiskun;12;gimnázium;férfi;nappali;magyar nyelv és irodalom;közép;rendes;Nem;magyar;2;38;38;megjelent;26;6;2;3;0;1;38;-;-;-;-
2020;1;Bács-Kiskun;12;szakgimnázium/szakközépiskola (2016.09.01-től kifutó rendszerben);nő;nappali;magyar nyelv és irodalom;közép;rendes;Nem;magyar;3;48;48;megjelent;28;6;5;8;0;1;48;-;-;-;-
2020;1;Bács-Kiskun;12;gimnázium;férfi;nappali;magyar nyelv és irodalom;közép;rendes;Nem;magyar;3;53;53;megjelent;24;9;8;6;5;1;53;-;-;-;-
2020;1;Bács-Kiskun;12;szakgimnázium/szakközépiskola (2016.09.01-től kifutó rendszerben);férfi;nappali;magyar nyelv és irodalom;közép;rendes;Nem;magyar;3;43;43;megjelent;23;4;9;7;0;0;43;-;-;-;-
2020;1;Bács-Kiskun;12;gimnázium;férfi;nappali;magyar nyelv és irodalom;közép;rendes;Nem;magyar;4;65;65;megjelent;34;9;14;8;0;0;65;-;-;-;-
2020;1;Bács-Kiskun;12;szakgimnázium/szakközépiskola (2016.09.01-től kifutó rendszerben);férfi;nappali;magyar nyelv és irodalom;közép;rendes;Nem;magyar;3;57;57;megjelent;29;7;9;10;0;2;57;-;-;-;-
2020;1;Bács-Kiskun;12;gimnázium;férfi;nappali;magyar nyelv és irodalom;közép;rendes;Nem;magyar;2;36;36;megjelent;24;6;2;4;0;0;36;-;-;-;-
2020;1;Bács-Kiskun;12;gimnázium;férfi;nappali;magyar nyelv és irodalom;közép;rendes;Nem;magyar;4;71;71;megjelent;30;9;18;12;0;2;71;-;-;-;-
2020;1;Bács-Kiskun;12;szakgimnázium/szakközépiskola (2016.09.01-től kifutó rendszerben);férfi;nappali;magyar nyelv és irodalom;közép;rendes;Nem;magyar;3;46;46;megjelent;27;3;7;8;0;1;46;-;-;-;-
2020;1;Bács-Kiskun;12;gimnázium;férfi;nappali;magyar nyelv és irodalom;közép;rendes;Nem;magyar;5;92;92;megjelent;36;10;25;15;4;2;92;-;-;-;-
2020;1;Bács-Kiskun;12;szakgimnázium/szakközépiskola (2016.09.01-től kifutó rendszerben);férfi;nappali;magyar nyelv és irodalom;közép;rendes;Nem;magyar;3;47;47;megjelent;22;6;5;6;8;0;47;-;-;-;-
2020;1;Bács-Kiskun;12;gimnázium;nő;nappali;magyar nyelv és irodalom;közép;rendes;Nem;magyar;2;29;29;megjelent;20;5;2;1;0;1;29;-;-;-;-
2020;1;Bács-Kiskun;12;szakgimnázium/szakközépiskola (2016.09.01-től kifutó rendszerben);férfi;nappali;magyar nyelv és irodalom;közép;rendes;Nem;magyar;4;71;71;megjelent;30;7;19;13;0;2;71;-;-;-;-
2020;1;Bács-Kiskun;12;szakgimnázium/szakközépiskola (2016.09.01-től kifutó rendszerben);nő;nappali;magyar nyelv és irodalom;közép;rendes;Nem;magyar;4;64;64;megjelent;28;7;16;11;0;2;64;-;-;-;-
2020;1;Bács-Kiskun;12;gimnázium;férfi;nappali;magyar nyelv és irodalom;közép;rendes;Nem;magyar;5;81;81;megjelent;34;9;19;14;4;1;81;-;-;-;-
2020;1;Bács-Kiskun;12;gimnázium;férfi;nappali;magyar nyelv és irodalom;közép;rendes;Nem;magyar;4;63;63;megjelent;31;5;16;10;0;1;63;-;-;-;-
2020;1;Bács-Kiskun;12;szakgimnázium/szakközépiskola (2016.09.01-től kifutó rendszerben);férfi;nappali;magyar nyelv és irodalom;közép;rendes;Nem;magyar;3;52;52;megjelent;28;4;11;9;0;0;52;-;-;-;-
2020;1;Bács-Kiskun;12;gimnázium;férfi;nappali;magyar nyelv és irodalom;közép;rendes;Nem;magyar;4;76;76;megjelent;33;10;18;10;3;2;76;-;-;-;-
2020;1;Bács-Kiskun;12;szakgimnázium/szakközépiskola (2016.09.01-től kifutó rendszerben);férfi;nappali;magyar nyelv és irodalom;közép;rendes;Nem;magyar;3;42;42;megjelent;25;4;6;7;0;0;42;-;-;-;-
2020;1;Bács-Kiskun;12;szakgimnázium/szakközépiskola (2016.09.01-től kifutó rendszerben);férfi;nappali;magyar nyelv és irodalom;közép;rendes;Nem;magyar;2;37;37;megjelent;19;7;4;5;0;2;37;-;-;-;-
2020;1;Bács-Kiskun;12;szakgimnázium/szakközépiskola (2016.09.01-től kifutó rendszerben);nő;nappali;magyar nyelv és irodalom;közép;rendes;Nem;magyar;4;67;67;megjelent;27;9;19;11;0;1;67;-;-;-;-
2020;1;Bács-Kiskun;12;szakgimnázium/szakközépiskola (2016.09.01-től kifutó rendszerben);férfi;nappali;magyar nyelv és irodalom;közép;rendes;Nem;magyar;4;60;60;megjelent;27;7;13;9;2;2;60;-;-;-;-
2020;1;Bács-Kiskun;12;szakgimnázium/szakközépiskola (2016.09.01-től kifutó rendszerben);férfi;nappali;magyar nyelv és irodalom;közép;rendes;Nem;magyar;4;76;76;megjelent;33;8;15;13;5;2;76;-;-;-;-
2020;1;Bács-Kiskun;12;szakgimnázium/szakközépiskola (2016.09.01-től kifutó rendszerben);férfi;nappali;magyar nyelv és irodalom;közép;rendes;Nem;magyar;3;41;41;megjelent;21;4;7;8;0;1;41;-;-;-;-
2020;1;Bács-Kiskun;12;szakgimnázium/szakközépiskola (2016.09.01-től kifutó rendszerben);férfi;nappali;magyar nyelv és irodalom;közép;rendes;Nem;magyar;2;36;36;megjelent;21;3;4;6;0;2;36;-;-;-;-
2020;1;Bács-Kiskun;12;szakgimnázium/szakközépiskola (2016.09.01-től kifutó rendszerben);nő;nappali;magyar nyelv és irodalom;közép;rendes;Nem;magyar;2;28;28;megjelent;13;3;6;5;0;1;28;-;-;-;-
2020;1;Bács-Kiskun;12;szakgimnázium/szakközépiskola (2016.09.01-től kifutó rendszerben);férfi;nappali;magyar nyelv és irodalom;közép;rendes;Nem;magyar;4;63;63;megjelent;30;9;13;10;0;1;63;-;-;-;-
2020;1;Bács-Kiskun;12;gimnázium;nő;nappali;magyar nyelv és irodalom;közép;rendes;Nem;magyar;3;57;57;megjelent;32;0;15;8;0;2;57;-;-;-;-
2020;1;Bács-Kiskun;12;gimnázium;nő;nappali;magyar nyelv és irodalom;közép;rendes;Igen;magyar;3;41;38;megjelent;25;5;3;3;0;2;38;-;-;-;-
2020;1;Bács-Kiskun;12;gimnázium;nő;nappali;magyar nyelv és irodalom;közép;rendes;Nem;magyar;2;37;37;megjelent;22;3;6;4;0;2;37;-;-;-;-
2020;1;Bács-Kiskun;12;gimnázium;férfi;nappali;magyar nyelv és irodalom;közép;rendes;Nem;magyar;4;71;71;megjelent;35;8;17;9;0;2;71;-;-;-;-
2020;1;Bács-Kiskun;12;gimnázium;nő;nappali;magyar nyelv és irodalom;közép;rendes;Nem;magyar;2;38;38;megjelent;23;5;5;3;0;2;38;-;-;-;-
2020;1;Bács-Kiskun;12;gimnázium;nő;nappali;magyar nyelv és irodalom;közép;rendes;Igen;magyar;5;80;40;megjelent;-;-;-;-;-;-;-;22;5;13;40
2020;1;Bács-Kiskun;12;gimnázium;nő;nappali;magyar nyelv és irodalom;közép;rendes;Nem;magyar;3;42;42;megjelent;21;6;8;5;0;2;42;-;-;-;-
2020;1;Bács-Kiskun;12;gimnázium;nő;nappali;magyar nyelv és irodalom;közép;rendes;Nem;magyar;3;49;49;megjelent;21;8;11;7;0;2;49;-;-;-;-
2020;1;Bács-Kiskun;12;gimnázium;férfi;nappali;magyar nyelv és irodalom;közép;rendes;Nem;magyar;2;33;33;megjelent;20;4;4;4;0;1;33;-;-;-;-
2020;1;Bács-Kiskun;12;gimnázium;férfi;nappali;magyar nyelv és irodalom;közép;rendes;Igen;magyar;2;36;18;megjelent;-;-;-;-;-;-;-;10;4;4;18
2020;1;Bács-Kiskun;12;gimnázium;nő;nappali;magyar nyelv és irodalom;közép;rendes;Igen;magyar;2;36;34;megjelent;20;0;7;5;0;2;34;-;-;-;-
2020;1;Bács-Kiskun;12;gimnázium;nő;nappali;magyar nyelv és irodalom;közép;rendes;Nem;magyar;4;64;64;megjelent;28;7;16;9;2;2;64;-;-;-;-
2020;1;Bács-Kiskun;12;gimnázium;nő;nappali;magyar nyelv és irodalom;közép;rendes;Nem;magyar;4;75;75;megjelent;31;7;23;10;2;2;75;-;-;-;-
2020;1;Bács-Kiskun;12;gimnázium;férfi;nappali;magyar nyelv és irodalom;közép;rendes;Nem;magyar;3;52;52;megjelent;29;8;9;5;0;1;52;-;-;-;-
2020;1;Bács-Kiskun;12;gimnázium;férfi;nappali;magyar nyelv és irodalom;közép;rendes;Nem;magyar;2;37;37;megjelent;21;0;9;7;0;0;37;-;-;-;-
2020;1;Bács-Kiskun;12;gimnázium;férfi;nappali;magyar nyelv és irodalom;közép;rendes;Igen;magyar;3;54;27;megjelent;-;-;-;-;-;-;-;13;4;10;27
2020;1;Bács-Kiskun;12;gimnázium;nő;nappali;magyar nyelv és irodalom;közép;rendes;Nem;magyar;4;68;68;megjelent;32;6;17;9;2;2;68;-;-;-;-
2020;1;Bács-Kiskun;12;gimnázium;nő;nappali;magyar nyelv és irodalom;közép;rendes;Nem;magyar;4;66;66;megjelent;35;7;16;7;1;0;66;-;-;-;-
2020;1;Bács-Kiskun;12;gimnázium;nő;nappali;magyar nyelv és irodalom;közép;rendes;Nem;magyar;3;45;45;megjelent;25;6;7;5;0;2;45;-;-;-;-
2020;1;Bács-Kiskun;12;gimnázium;nő;nappali;magyar nyelv és irodalom;közép;rendes;Nem;magyar;3;41;41;megjelent;23;6;5;5;0;2;41;-;-;-;-
2020;1;Bács-Kiskun;12;gimnázium;nő;nappali;magyar nyelv és irodalom;közép;rendes;Nem;magyar;3;56;56;megjelent;27;8;13;6;0;2;56;-;-;-;-
2020;1;Bács-Kiskun;12;gimnázium;nő;nappali;magyar nyelv és irodalom;közép;rendes;Nem;magyar;4;65;65;megjelent;31;7;16;9;0;2;65;-;-;-;-
2020;1;Bács-Kiskun;12;gimnázium;nő;nappali;magyar nyelv és irodalom;közép;rendes;Nem;magyar;4;67;67;megjelent;31;7;15;11;1;2;67;-;-;-;-
2020;1;Bács-Kiskun;12;gimnázium;nő;nappali;magyar nyelv és irodalom;közép;rendes;Nem;magyar;4;62;62;megjelent;29;6;17;7;1;2;62;-;-;-;-
2020;1;Bács-Kiskun;12;gimnázium;nő;nappali;magyar nyelv és irodalom;közép;rendes;Nem;magyar;4;60;60;megjelent;30;7;13;7;1;2;60;-;-;-;-
2020;1;Bács-Kiskun;12;gimnázium;nő;nappali;magyar nyelv és irodalom;közép;rendes;Nem;magyar;2;36;36;megjelent;19;3;8;4;0;2;36;-;-;-;-
2020;1;Bács-Kiskun;12;gimnázium;nő;nappali;magyar nyelv és irodalom;közép;rendes;Igen;magyar;4;60;56;megjelent;29;6;13;6;0;2;56;-;-;-;-
2020;1;Bács-Kiskun;12;gimnázium;nő;nappali;magyar nyelv és irodalom;közép;rendes;Nem;magyar;4;60;60;megjelent;30;5;13;8;2;2;60;-;-;-;-
2020;1;Bács-Kiskun;12;gimnázium;férfi;nappali;magyar nyelv és irodalom;közép;rendes;Nem;magyar;4;65;65;megjelent;32;9;10;8;4;2;65;-;-;-;-
2020;1;Bács-Kiskun;12;gimnázium;férfi;nappali;magyar nyelv és irodalom;közép;rendes;Nem;magyar;4;65;65;megjelent;32;6;16;9;0;2;65;-;-;-;-
2020;1;Bács-Kiskun;12;gimnázium;nő;nappali;magyar nyelv és irodalom;közép;rendes;Nem;magyar;3;40;40;megjelent;27;0;4;3;4;2;40;-;-;-;-
2020;1;Bács-Kiskun;12;gimnázium;nő;nappali;magyar nyelv és irodalom;közép;rendes;Igen;magyar;3;41;38;megjelent;24;7;3;2;0;2;38;-;-;-;-
2020;1;Bács-Kiskun;12;gimnázium;nő;nappali;magyar nyelv és irodalom;közép;rendes;Igen;magyar;3;52;48;megjelent;24;7;9;6;0;2;48;-;-;-;-
2020;1;Bács-Kiskun;12;gimnázium;nő;nappali;magyar nyelv és irodalom;közép;rendes;Nem;magyar;4;71;71;megjelent;36;3;17;9;4;2;71;-;-;-;-
2020;1;Bács-Kiskun;12;gimnázium;nő;nappali;magyar nyelv és irodalom;közép;rendes;Nem;magyar;3;57;57;megjelent;30;8;9;8;0;2;57;-;-;-;-
2020;1;Bács-Kiskun;12;gimnázium;nő;nappali;magyar nyelv és irodalom;közép;rendes;Nem;magyar;5;81;81;megjelent;37;9;19;11;4;1;81;-;-;-;-
2020;1;Bács-Kiskun;12;gimnázium;nő;nappali;magyar nyelv és irodalom;közép;rendes;Nem;magyar;4;62;62;megjelent;31;6;14;9;0;2;62;-;-;-;-
2020;1;Bács-Kiskun;12;szakgimnázium/szakközépiskola (2016.09.01-től kifutó rendszerben);nő;nappali;magyar nyelv és irodalom;közép;rendes;Nem;magyar;4;60;60;megjelent;21;8;17;12;0;2;60;-;-;-;-
2020;1;Bács-Kiskun;12;gimnázium;férfi;nappali;magyar nyelv és irodalom;közép;rendes;Nem;magyar;5;86;86;megjelent;34;7;24;13;6;2;86;-;-;-;-
2020;1;Bács-Kiskun;12;gimnázium;nő;nappali;magyar nyelv és irodalom;közép;rendes;Igen;magyar;5;83;77;megjelent;36;9;20;10;0;2;77;-;-;-;-
2020;1;Bács-Kiskun;12;gimnázium;nő;nappali;magyar nyelv és irodalom;közép;rendes;Nem;magyar;5;80;80;megjelent;32;8;22;13;3;2;80;-;-;-;-
2020;1;Bács-Kiskun;12;gimnázium;férfi;nappali;magyar nyelv és irodalom;közép;rendes;Nem;magyar;5;92;92;megjelent;36;9;25;14;7;1;92;-;-;-;-
2020;1;Bács-Kiskun;12;gimnázium;nő;nappali;magyar nyelv és irodalom;közép;rendes;Nem;magyar;5;90;90;megjelent;34;8;25;13;8;2;90;-;-;-;-
2020;1;Bács-Kiskun;12;gimnázium;férfi;nappali;magyar nyelv és irodalom;közép;rendes;Nem;magyar;4;63;63;megjelent;33;8;11;8;1;2;63;-;-;-;-
2020;1;Bács-Kiskun;12;gimnázium;férfi;nappali;magyar nyelv és irodalom;közép;rendes;Nem;magyar;5;82;82;megjelent;33;9;20;12;6;2;82;-;-;-;-
2020;1;Bács-Kiskun;12;gimnázium;nő;nappali;magyar nyelv és irodalom;közép;rendes;Nem;magyar;5;87;87;megjelent;34;9;23;13;6;2;87;-;-;-;-
2020;1;Bács-Kiskun;12;gimnázium;férfi;nappali;magyar nyelv és irodalom;közép;rendes;Nem;magyar;5;81;81;megjelent;29;8;24;12;6;2;81;-;-;-;-
2020;1;Bács-Kiskun;12;gimnázium;nő;nappali;magyar nyelv és irodalom;közép;rendes;Nem;magyar;5;90;90;megjelent;33;10;25;15;5;2;90;-;-;-;-
2020;1;Bács-Kiskun;12;gimnázium;nő;nappali;magyar nyelv és irodalom;közép;rendes;Nem;magyar;5;92;92;megjelent;39;8;24;13;6;2;92;-;-;-;-
2020;1;Bács-Kiskun;12;gimnázium;férfi;nappali;magyar nyelv és irodalom;közép;rendes;Nem;magyar;5;80;80;megjelent;33;9;19;15;2;2;80;-;-;-;-
2020;1;Bács-Kiskun;12;gimnázium;férfi;nappali;magyar nyelv és irodalom;közép;rendes;Nem;magyar;4;62;62;megjelent;34;7;10;8;1;2;62;-;-;-;-
2020;1;Bács-Kiskun;12;gimnázium;férfi;nappali;magyar nyelv és irodalom;közép;rendes;Nem;magyar;4;66;66;megjelent;27;7;15;10;5;2;66;-;-;-;-
2020;1;Bács-Kiskun;12;gimnázium;nő;nappali;magyar nyelv és irodalom;közép;rendes;Nem;magyar;5;81;81;megjelent;33;9;18;13;6;2;81;-;-;-;-
2020;1;Bács-Kiskun;12;gimnázium;nő;nappali;magyar nyelv és irodalom;közép;rendes;Nem;magyar;5;95;95;megjelent;39;10;25;14;5;2;95;-;-;-;-
2020;1;Bács-Kiskun;12;gimnázium;nő;nappali;magyar nyelv és irodalom;közép;rendes;Nem;magyar;4;71;71;megjelent;34;7;12;11;5;2;71;-;-;-;-
2020;1;Bács-Kiskun;12;gimnázium;nő;nappali;magyar nyelv és irodalom;közép;rendes;Nem;magyar;5;96;96;megjelent;38;8;25;15;8;2;96;-;-;-;-
2020;1;Bács-Kiskun;12;gimnázium;férfi;nappali;magyar nyelv és irodalom;közép;rendes;Nem;magyar;5;80;80;megjelent;29;9;18;14;8;2;80;-;-;-;-
2020;1;Bács-Kiskun;12;gimnázium;férfi;nappali;magyar nyelv és irodalom;közép;rendes;Nem;magyar;3;54;54;megjelent;25;7;8;10;2;2;54;-;-;-;-
2020;1;Bács-Kiskun;12;gimnázium;férfi;nappali;magyar nyelv és irodalom;közép;rendes;Nem;magyar;5;84;84;megjelent;36;10;18;12;6;2;84;-;-;-;-
2020;1;Bács-Kiskun;12;gimnázium;nő;nappali;magyar nyelv és irodalom;közép;rendes;Nem;magyar;5;96;96;megjelent;37;10;25;15;7;2;96;-;-;-;-
2020;1;Bács-Kiskun;12;gimnázium;férfi;nappali;magyar nyelv és irodalom;közép;rendes;Igen;magyar;5;80;72;megjelent;32;8;20;12;0;0;72;-;-;-;-
2020;1;Bács-Kiskun;12;gimnázium;férfi;nappali;magyar nyelv és irodalom;közép;rendes;Nem;magyar;4;73;73;megjelent;36;8;15;12;0;2;73;-;-;-;-
2020;1;Bács-Kiskun;12;gimnázium;nő;nappali;magyar nyelv és irodalom;közép;rendes;Nem;magyar;4;69;69;megjelent;34;6;12;11;4;2;69;-;-;-;-
2020;1;Bács-Kiskun;12;gimnázium;férfi;nappali;magyar nyelv és irodalom;közép;rendes;Nem;magyar;5;83;83;megjelent;32;9;19;14;7;2;83;-;-;-;-
2020;1;Bács-Kiskun;12;gimnázium;nő;nappali;magyar nyelv és irodalom;közép;rendes;Nem;magyar;5;80;80;megjelent;35;7;19;13;4;2;80;-;-;-;-
2020;1;Bács-Kiskun;12;gimnázium;férfi;nappali;magyar nyelv és irodalom;közép;rendes;Nem;magyar;4;69;69;megjelent;35;6;14;10;2;2;69;-;-;-;-
2020;1;Bács-Kiskun;12;gimnázium;férfi;nappali;magyar nyelv és irodalom;közép;rendes;Nem;magyar;4;68;68;megjelent;31;7;15;10;3;2;68;-;-;-;-
2020;1;Bács-Kiskun;12;gimnázium;nő;nappali;magyar nyelv és irodalom;közép;rendes;Nem;magyar;5;94;94;megjelent;37;10;24;13;8;2;94;-;-;-;-
2020;1;Bács-Kiskun;12;gimnázium;férfi;nappali;magyar nyelv és irodalom;közép;rendes;Nem;magyar;5;83;83;megjelent;34;9;19;13;6;2;83;-;-;-;-
2020;1;Bács-Kiskun;12;gimnázium;nő;nappali;magyar nyelv és irodalom;közép;rendes;Nem;magyar;5;95;95;megjelent;36;10;25;14;8;2;95;-;-;-;-
2020;1;Bács-Kiskun;12;gimnázium;nő;nappali;magyar nyelv és irodalom;közép;rendes;Nem;magyar;4;69;69;megjelent;32;4;16;9;6;2;69;-;-;-;-
2020;1;Bács-Kiskun;12;gimnázium;nő;nappali;magyar nyelv és irodalom;közép;rendes;Nem;magyar;4;73;73;megjelent;34;8;19;10;0;2;73;-;-;-;-
2020;1;Bács-Kiskun;12;gimnázium;férfi;nappali;magyar nyelv és irodalom;közép;rendes;Igen;magyar;5;80;74;megjelent;35;8;20;9;0;2;74;-;-;-;-
2020;1;Bács-Kiskun;12;gimnázium;nő;nappali;magyar nyelv és irodalom;közép;rendes;Nem;magyar;3;55;55;megjelent;31;6;9;7;0;2;55;-;-;-;-
2020;1;Bács-Kiskun;12;gimnázium;nő;nappali;magyar nyelv és irodalom;közép;rendes;Nem;magyar;4;73;73;megjelent;32;9;18;11;1;2;73;-;-;-;-
2020;1;Bács-Kiskun;12;gimnázium;nő;nappali;magyar nyelv és irodalom;közép;rendes;Nem;magyar;5;87;87;megjelent;33;9;23;14;6;2;87;-;-;-;-
2020;1;Bács-Kiskun;12;gimnázium;nő;nappali;magyar nyelv és irodalom;közép;rendes;Nem;magyar;4;65;65;megjelent;30;6;10;12;5;2;65;-;-;-;-
2020;1;Bács-Kiskun;12;gimnázium;nő;nappali;magyar nyelv és irodalom;közép;rendes;Nem;magyar;5;92;92;megjelent;37;10;22;13;8;2;92;-;-;-;-
2020;1;Bács-Kiskun;12;gimnázium;nő;nappali;magyar nyelv és irodalom;közép;rendes;Nem;magyar;5;81;81;megjelent;30;10;19;13;7;2;81;-;-;-;-
2020;1;Bács-Kiskun;12;gimnázium;férfi;nappali;magyar nyelv és irodalom;közép;rendes;Nem;magyar;5;85;85;megjelent;31;8;25;13;6;2;85;-;-;-;-
2020;1;Bács-Kiskun;12;gimnázium;nő;nappali;magyar nyelv és irodalom;közép;rendes;Nem;magyar;5;86;86;megjelent;38;8;19;12;7;2;86;-;-;-;-
2020;1;Bács-Kiskun;12;gimnázium;nő;nappali;magyar nyelv és irodalom;közép;rendes;Nem;magyar;5;89;89;megjelent;32;9;25;14;7;2;89;-;-;-;-
2020;1;Bács-Kiskun;12;gimnázium;férfi;nappali;magyar nyelv és irodalom;közép;rendes;Nem;magyar;4;63;63;megjelent;30;9;10;8;4;2;63;-;-;-;-
2020;1;Bács-Kiskun;12;gimnázium;nő;nappali;magyar nyelv és irodalom;közép;rendes;Nem;magyar;5;87;87;megjelent;35;9;23;12;6;2;87;-;-;-;-
2020;1;Bács-Kiskun;12;gimnázium;férfi;nappali;magyar nyelv és irodalom;közép;rendes;Nem;magyar;5;82;82;megjelent;31;9;22;11;7;2;82;-;-;-;-
2020;1;Bács-Kiskun;12;gimnázium;férfi;nappali;magyar nyelv és irodalom;közép;rendes;Nem;magyar;4;73;73;megjelent;32;9;14;10;6;2;73;-;-;-;-
2020;1;Bács-Kiskun;12;gimnázium;férfi;nappali;magyar nyelv és irodalom;közép;rendes;Nem;magyar;3;55;55;megjelent;30;8;8;7;0;2;55;-;-;-;-
2020;1;Bács-Kiskun;12;gimnázium;férfi;nappali;magyar nyelv és irodalom;közép;rendes;Nem;magyar;3;52;52;megjelent;27;5;8;6;4;2;52;-;-;-;-
2020;1;Bács-Kiskun;12;gimnázium;nő;nappali;magyar nyelv és irodalom;közép;rendes;Nem;magyar;5;92;92;megjelent;39;9;25;14;3;2;92;-;-;-;-
2020;1;Bács-Kiskun;12;gimnázium;férfi;nappali;magyar nyelv és irodalom;közép;rendes;Igen;magyar;4;65;60;megjelent;31;8;11;8;0;2;60;-;-;-;-
2020;1;Bács-Kiskun;12;gimnázium;férfi;nappali;magyar nyelv és irodalom;közép;rendes;Nem;magyar;4;72;72;megjelent;34;9;16;9;2;2;72;-;-;-;-
2020;1;Bács-Kiskun;12;gimnázium;nő;nappali;magyar nyelv és irodalom;közép;rendes;Nem;magyar;5;80;80;megjelent;32;9;19;12;6;2;80;-;-;-;-
2020;1;Bács-Kiskun;12;gimnázium;nő;nappali;magyar nyelv és irodalom;közép;rendes;Nem;magyar;4;69;69;megjelent;31;9;14;8;5;2;69;-;-;-;-
2020;1;Bács-Kiskun;12;gimnázium;nő;nappali;magyar nyelv és irodalom;közép;rendes;Nem;magyar;4;69;69;megjelent;31;6;17;8;5;2;69;-;-;-;-
2020;1;Bács-Kiskun;12;gimnázium;férfi;nappali;magyar nyelv és irodalom;közép;rendes;Nem;magyar;3;57;57;megjelent;31;6;10;8;0;2;57;-;-;-;-
2020;1;Bács-Kiskun;12;gimnázium;férfi;nappali;magyar nyelv és irodalom;közép;rendes;Nem;magyar;5;80;80;megjelent;33;8;19;12;6;2;80;-;-;-;-
2020;1;Bács-Kiskun;12;gimnázium;nő;nappali;magyar nyelv és irodalom;közép;rendes;Nem;magyar;5;86;86;megjelent;32;10;25;13;4;2;86;-;-;-;-
2020;1;Bács-Kiskun;12;gimnázium;nő;nappali;magyar nyelv és irodalom;közép;rendes;Nem;magyar;4;71;71;megjelent;25;9;18;11;6;2;71;-;-;-;-
2020;1;Bács-Kiskun;12;gimnázium;nő;nappali;magyar nyelv és irodalom;közép;rendes;Nem;magyar;4;60;60;megjelent;30;7;13;7;1;2;60;-;-;-;-
2020;1;Bács-Kiskun;12;gimnázium;férfi;nappali;magyar nyelv és irodalom;közép;rendes;Nem;magyar;5;89;89;megjelent;36;9;25;13;4;2;89;-;-;-;-
2020;1;Bács-Kiskun;12;gimnázium;nő;nappali;magyar nyelv és irodalom;közép;rendes;Nem;magyar;5;87;87;megjelent;34;8;25;13;5;2;87;-;-;-;-
2020;1;Bács-Kiskun;12;gimnázium;férfi;nappali;magyar nyelv és irodalom;közép;rendes;Nem;magyar;5;94;94;megjelent;38;9;25;15;5;2;94;-;-;-;-
2020;1;Bács-Kiskun;12;gimnázium;nő;nappali;magyar nyelv és irodalom;közép;rendes;Nem;magyar;5;80;80;megjelent;34;9;19;12;4;2;80;-;-;-;-
2020;1;Bács-Kiskun;12;gimnázium;nő;nappali;magyar nyelv és irodalom;közép;rendes;Nem;magyar;4;64;64;megjelent;31;7;15;9;0;2;64;-;-;-;-
2020;1;Bács-Kiskun;12;gimnázium;férfi;nappali;magyar nyelv és irodalom;közép;rendes;Nem;magyar;4;63;63;megjelent;34;8;10;8;1;2;63;-;-;-;-
2020;1;Bács-Kiskun;12;szakgimnázium/szakközépiskola (2016.09.01-től kifutó rendszerben);nő;nappali;magyar nyelv és irodalom;közép;rendes;Nem;magyar;3;54;54;megjelent;26;0;10;9;7;2;54;-;-;-;-
2020;1;Bács-Kiskun;12;szakgimnázium/szakközépiskola (2016.09.01-től kifutó rendszerben);nő;nappali;magyar nyelv és irodalom;közép;rendes;Nem;magyar;2;28;28;megjelent;13;4;7;4;0;0;28;-;-;-;-
2020;1;Bács-Kiskun;12;szakgimnázium/szakközépiskola (2016.09.01-től kifutó rendszerben);férfi;nappali;magyar nyelv és irodalom;közép;rendes;Nem;magyar;3;53;53;megjelent;24;7;13;9;0;0;53;-;-;-;-
2020;1;Bács-Kiskun;12;szakgimnázium/szakközépiskola (2016.09.01-től kifutó rendszerben);nő;nappali;magyar nyelv és irodalom;közép;rendes;Nem;magyar;3;44;44;megjelent;22;7;7;8;0;0;44;-;-;-;-
2020;1;Bács-Kiskun;12;szakgimnázium/szakközépiskola (2016.09.01-től kifutó rendszerben);férfi;nappali;magyar nyelv és irodalom;közép;rendes;Nem;magyar;3;47;47;megjelent;25;6;7;8;0;1;47;-;-;-;-
2020;1;Bács-Kiskun;12;szakgimnázium/szakközépiskola (2016.09.01-től kifutó rendszerben);férfi;nappali;magyar nyelv és irodalom;közép;rendes;Nem;magyar;4;70;70;megjelent;27;8;20;12;3;0;70;-;-;-;-
2020;1;Bács-Kiskun;12;szakgimnázium/szakközépiskola (2016.09.01-től kifutó rendszerben);férfi;nappali;magyar nyelv és irodalom;közép;rendes;Nem;magyar;4;62;62;megjelent;21;8;21;12;0;0;62;-;-;-;-
2020;1;Bács-Kiskun;12;szakgimnázium/szakközépiskola (2016.09.01-től kifutó rendszerben);nő;nappali;magyar nyelv és irodalom;közép;rendes;Nem;magyar;3;55;55;megjelent;23;5;12;13;0;2;55;-;-;-;-
2020;1;Bács-Kiskun;12;szakgimnázium/szakközépiskola (2016.09.01-től kifutó rendszerben);férfi;nappali;magyar nyelv és irodalom;közép;rendes;Nem;magyar;2;30;30;megjelent;14;4;6;6;0;0;30;-;-;-;-
2020;1;Bács-Kiskun;12;szakgimnázium/szakközépiskola (2016.09.01-től kifutó rendszerben);férfi;nappali;magyar nyelv és irodalom;közép;rendes;Nem;magyar;4;61;61;megjelent;23;9;17;12;0;0;61;-;-;-;-
2020;1;Bács-Kiskun;12;szakgimnázium/szakközépiskola (2016.09.01-től kifutó rendszerben);férfi;nappali;magyar nyelv és irodalom;közép;rendes;Nem;magyar;3;45;45;megjelent;16;7;12;8;0;2;45;-;-;-;-
2020;1;Bács-Kiskun;12;szakgimnázium/szakközépiskola (2016.09.01-től kifutó rendszerben);férfi;nappali;magyar nyelv és irodalom;közép;rendes;Nem;magyar;2;34;34;megjelent;11;8;8;7;0;0;34;-;-;-;-
2020;1;Bács-Kiskun;12;szakgimnázium/szakközépiskola (2016.09.01-től kifutó rendszerben);nő;nappali;magyar nyelv és irodalom;közép;rendes;Nem;magyar;5;82;82;megjelent;34;7;20;15;4;2;82;-;-;-;-
2020;1;Bács-Kiskun;12;szakgimnázium/szakközépiskola (2016.09.01-től kifutó rendszerben);nő;nappali;magyar nyelv és irodalom;közép;rendes;Nem;magyar;3;43;43;megjelent;19;8;8;8;0;0;43;-;-;-;-
2020;1;Bács-Kiskun;12;szakgimnázium/szakközépiskola (2016.09.01-től kifutó rendszerben);nő;nappali;magyar nyelv és irodalom;közép;rendes;Nem;magyar;5;82;82;megjelent;29;9;24;13;5;2;82;-;-;-;-
2020;1;Bács-Kiskun;12;szakgimnázium/szakközépiskola (2016.09.01-től kifutó rendszerben);férfi;nappali;magyar nyelv és irodalom;közép;rendes;Nem;magyar;3;41;41;megjelent;19;8;7;6;0;1;41;-;-;-;-
2020;1;Bács-Kiskun;12;szakgimnázium/szakközépiskola (2016.09.01-től kifutó rendszerben);nő;nappali;magyar nyelv és irodalom;közép;rendes;Nem;magyar;3;46;46;megjelent;18;8;12;8;0;0;46;-;-;-;-
2020;1;Bács-Kiskun;12;szakgimnázium/szakközépiskola (2016.09.01-től kifutó rendszerben);férfi;nappali;magyar nyelv és irodalom;közép;rendes;Nem;magyar;3;48;48;megjelent;19;8;11;9;0;1;48;-;-;-;-
2020;1;Bács-Kiskun;12;szakgimnázium/szakközépiskola (2016.09.01-től kifutó rendszerben);férfi;nappali;magyar nyelv és irodalom;közép;rendes;Nem;magyar;3;46;46;megjelent;20;5;13;8;0;0;46;-;-;-;-
2020;1;Bács-Kiskun;12;szakgimnázium/szakközépiskola (2016.09.01-től kifutó rendszerben);férfi;nappali;magyar nyelv és irodalom;közép;rendes;Nem;magyar;3;44;44;megjelent;21;4;12;7;0;0;44;-;-;-;-
2020;1;Bács-Kiskun;12;szakgimnázium/szakközépiskola (2016.09.01-től kifutó rendszerben);nő;nappali;magyar nyelv és irodalom;közép;rendes;Nem;magyar;2;27;27;megjelent;12;6;5;4;0;0;27;-;-;-;-
2020;1;Bács-Kiskun;12;szakgimnázium/szakközépiskola (2016.09.01-től kifutó rendszerben);férfi;nappali;magyar nyelv és irodalom;közép;rendes;Nem;magyar;3;45;45;megjelent;22;8;9;6;0;0;45;-;-;-;-
2020;1;Bács-Kiskun;12;szakgimnázium/szakközépiskola (2016.09.01-től kifutó rendszerben);férfi;nappali;magyar nyelv és irodalom;közép;rendes;Nem;magyar;3;43;43;megjelent;25;7;5;6;0;0;43;-;-;-;-
2020;1;Bács-Kiskun;12;szakgimnázium/szakközépiskola (2016.09.01-től kifutó rendszerben);nő;nappali;magyar nyelv és irodalom;közép;rendes;Nem;magyar;4;63;63;megjelent;26;0;14;14;7;2;63;-;-;-;-
2020;1;Bács-Kiskun;12;szakgimnázium/szakközépiskola (2016.09.01-től kifutó rendszerben);nő;nappali;magyar nyelv és irodalom;közép;rendes;Nem;magyar;4;71;71;megjelent;33;6;19;11;0;2;71;-;-;-;-
2020;1;Bács-Kiskun;12;szakgimnázium/szakközépiskola (2016.09.01-től kifutó rendszerben);férfi;nappali;magyar nyelv és irodalom;közép;rendes;Nem;magyar;3;45;45;megjelent;25;5;7;8;0;0;45;-;-;-;-
2020;1;Bács-Kiskun;12;szakgimnázium/szakközépiskola (2016.09.01-től kifutó rendszerben);nő;nappali;magyar nyelv és irodalom;közép;rendes;Nem;magyar;3;46;46;megjelent;19;5;12;9;0;1;46;-;-;-;-
2020;1;Bács-Kiskun;12;szakgimnázium/szakközépiskola (2016.09.01-től kifutó rendszerben);férfi;nappali;magyar nyelv és irodalom;közép;rendes;Nem;magyar;3;50;50;megjelent;28;6;5;9;0;2;50;-;-;-;-
2020;1;Bács-Kiskun;12;szakgimnázium/szakközépiskola (2016.09.01-től kifutó rendszerben);férfi;nappali;magyar nyelv és irodalom;közép;rendes;Nem;magyar;4;61;61;megjelent;33;6;14;7;0;1;61;-;-;-;-
2020;1;Bács-Kiskun;12;szakgimnázium/szakközépiskola (2016.09.01-től kifutó rendszerben);férfi;nappali;magyar nyelv és irodalom;közép;rendes;Nem;magyar;3;40;40;megjelent;22;6;4;7;0;1;40;-;-;-;-
2020;1;Bács-Kiskun;12;szakgimnázium/szakközépiskola (2016.09.01-től kifutó rendszerben);férfi;nappali;magyar nyelv és irodalom;közép;rendes;Nem;magyar;4;60;60;megjelent;24;7;16;11;0;2;60;-;-;-;-
2020;1;Bács-Kiskun;12;szakgimnázium/szakközépiskola (2016.09.01-től kifutó rendszerben);férfi;nappali;magyar nyelv és irodalom;közép;rendes;Nem;magyar;3;43;43;megjelent;26;7;2;8;0;0;43;-;-;-;-
2020;1;Bács-Kiskun;12;szakgimnázium/szakközépiskola (2016.09.01-től kifutó rendszerben);férfi;nappali;magyar nyelv és irodalom;közép;rendes;Igen;magyar;2;38;19;megjelent;-;-;-;-;-;-;-;6;4;9;19
2020;1;Bács-Kiskun;12;szakgimnázium/szakközépiskola (2016.09.01-től kifutó rendszerben);férfi;nappali;magyar nyelv és irodalom;közép;rendes;Igen;magyar;3;54;27;megjelent;-;-;-;-;-;-;-;8;6;13;27
2020;1;Bács-Kiskun;12;szakgimnázium/szakközépiskola (2016.09.01-től kifutó rendszerben);férfi;nappali;magyar nyelv és irodalom;közép;rendes;Nem;magyar;3;56;56;megjelent;26;8;11;10;0;1;56;-;-;-;-
2020;1;Bács-Kiskun;12;szakgimnázium/szakközépiskola (2016.09.01-től kifutó rendszerben);férfi;nappali;magyar nyelv és irodalom;közép;rendes;Nem;magyar;3;48;48;megjelent;26;7;7;7;0;1;48;-;-;-;-
2020;1;Bács-Kiskun;12;szakgimnázium/szakközépiskola (2016.09.01-től kifutó rendszerben);férfi;nappali;magyar nyelv és irodalom;közép;rendes;Nem;magyar;3;46;46;megjelent;23;4;10;8;0;1;46;-;-;-;-
2020;1;Bács-Kiskun;12;szakgimnázium/szakközépiskola (2016.09.01-től kifutó rendszerben);férfi;nappali;magyar nyelv és irodalom;közép;rendes;Nem;magyar;3;43;43;megjelent;22;6;8;6;0;1;43;-;-;-;-
2020;1;Bács-Kiskun;12;szakgimnázium/szakközépiskola (2016.09.01-től kifutó rendszerben);nő;nappali;magyar nyelv és irodalom;közép;rendes;Nem;magyar;2;31;31;megjelent;17;3;4;5;0;2;31;-;-;-;-
2020;1;Bács-Kiskun;12;szakgimnázium/szakközépiskola (2016.09.01-től kifutó rendszerben);nő;nappali;magyar nyelv és irodalom;közép;rendes;Nem;magyar;4;60;60;megjelent;28;7;15;8;0;2;60;-;-;-;-
2020;1;Bács-Kiskun;12;szakgimnázium/szakközépiskola (2016.09.01-től kifutó rendszerben);nő;nappali;magyar nyelv és irodalom;közép;rendes;Nem;magyar;3;43;43;megjelent;25;5;5;7;0;1;43;-;-;-;-
2020;1;Bács-Kiskun;12;szakgimnázium/szakközépiskola (2016.09.01-től kifutó rendszerben);férfi;nappali;magyar nyelv és irodalom;közép;rendes;Nem;magyar;4;60;60;megjelent;26;6;14;8;5;1;60;-;-;-;-
2020;1;Bács-Kiskun;12;szakgimnázium/szakközépiskola (2016.09.01-től kifutó rendszerben);férfi;nappali;magyar nyelv és irodalom;közép;rendes;Nem;magyar;2;37;37;megjelent;21;6;5;5;0;0;37;-;-;-;-
2020;1;Bács-Kiskun;12;szakgimnázium/szakközépiskola (2016.09.01-től kifutó rendszerben);férfi;nappali;magyar nyelv és irodalom;közép;rendes;Nem;magyar;3;45;45;megjelent;24;4;9;7;0;1;45;-;-;-;-
2020;1;Bács-Kiskun;12;szakgimnázium/szakközépiskola (2016.09.01-től kifutó rendszerben);nő;nappali;magyar nyelv és irodalom;közép;rendes;Nem;magyar;2;30;30;megjelent;10;6;5;7;0;2;30;-;-;-;-
2020;1;Bács-Kiskun;12;szakgimnázium/szakközépiskola (2016.09.01-től kifutó rendszerben);nő;nappali;magyar nyelv és irodalom;közép;rendes;Nem;magyar;3;50;50;megjelent;23;6;10;9;0;2;50;-;-;-;-
2020;1;Bács-Kiskun;12;szakgimnázium/szakközépiskola (2016.09.01-től kifutó rendszerben);nő;nappali;magyar nyelv és irodalom;közép;rendes;Nem;magyar;4;72;72;megjelent;29;9;19;13;0;2;72;-;-;-;-
2020;1;Bács-Kiskun;12;szakgimnázium/szakközépiskola (2016.09.01-től kifutó rendszerben);férfi;nappali;magyar nyelv és irodalom;közép;rendes;Nem;magyar;4;61;61;megjelent;28;9;14;8;0;2;61;-;-;-;-
2020;1;Bács-Kiskun;12;szakgimnázium/szakközépiskola (2016.09.01-től kifutó rendszerben);férfi;nappali;magyar nyelv és irodalom;közép;rendes;Nem;magyar;2;36;36;megjelent;20;5;3;7;0;1;36;-;-;-;-
2020;1;Bács-Kiskun;12;szakgimnázium/szakközépiskola (2016.09.01-től kifutó rendszerben);nő;nappali;magyar nyelv és irodalom;közép;rendes;Igen;magyar;2;35;35;megjelent;23;6;2;3;0;1;35;-;-;-;-
2020;1;Bács-Kiskun;12;szakgimnázium/szakközépiskola (2016.09.01-től kifutó rendszerben);nő;nappali;magyar nyelv és irodalom;közép;rendes;Nem;magyar;3;48;48;megjelent;25;5;10;6;0;2;48;-;-;-;-
2020;1;Bács-Kiskun;12;szakgimnázium/szakközépiskola (2016.09.01-től kifutó rendszerben);férfi;nappali;magyar nyelv és irodalom;közép;rendes;Nem;magyar;4;68;68;megjelent;29;6;20;11;0;2;68;-;-;-;-
2020;1;Borsod-Abaúj-Zemplén;12;szakgimnázium/szakközépiskola (2016.09.01-től kifutó rendszerben);férfi;nappali;magyar nyelv és irodalom;közép;rendes;Nem;magyar;4;60;60;megjelent;29;6;15;9;0;1;60;-;-;-;-
2020;1;Borsod-Abaúj-Zemplén;12;szakgimnázium/szakközépiskola (2016.09.01-től kifutó rendszerben);férfi;nappali;magyar nyelv és irodalom;közép;rendes;Nem;magyar;3;45;45;megjelent;26;8;5;6;0;0;45;-;-;-;-
2020;1;Borsod-Abaúj-Zemplén;12;szakgimnázium/szakközépiskola (2016.09.01-től kifutó rendszerben);férfi;nappali;magyar nyelv és irodalom;közép;rendes;Nem;magyar;2;36;36;megjelent;21;4;5;5;1;0;36;-;-;-;-
2020;1;Borsod-Abaúj-Zemplén;12;szakgimnázium/szakközépiskola (2016.09.01-től kifutó rendszerben);férfi;nappali;magyar nyelv és irodalom;közép;rendes;Nem;magyar;2;28;28;megjelent;14;3;2;3;6;0;28;-;-;-;-
2020;1;Borsod-Abaúj-Zemplén;12;szakgimnázium/szakközépiskola (2016.09.01-től kifutó rendszerben);férfi;nappali;magyar nyelv és irodalom;közép;rendes;Nem;magyar;4;60;60;megjelent;28;7;14;9;2;0;60;-;-;-;-
2020;1;Borsod-Abaúj-Zemplén;12;szakgimnázium/szakközépiskola (2016.09.01-től kifutó rendszerben);férfi;nappali;magyar nyelv és irodalom;közép;rendes;Nem;magyar;2;30;30;megjelent;13;7;4;5;1;0;30;-;-;-;-
2020;1;Borsod-Abaúj-Zemplén;12;szakgimnázium/szakközépiskola (2016.09.01-től kifutó rendszerben);férfi;nappali;magyar nyelv és irodalom;közép;rendes;Nem;magyar;3;46;46;megjelent;29;6;4;5;2;0;46;-;-;-;-
2020;1;Borsod-Abaúj-Zemplén;12;szakgimnázium/szakközépiskola (2016.09.01-től kifutó rendszerben);férfi;nappali;magyar nyelv és irodalom;közép;rendes;Nem;magyar;2;37;37;megjelent;25;5;3;4;0;0;37;-;-;-;-
2020;1;Borsod-Abaúj-Zemplén;12;szakgimnázium/szakközépiskola (2016.09.01-től kifutó rendszerben);férfi;nappali;magyar nyelv és irodalom;közép;rendes;Nem;magyar;2;25;25;megjelent;14;4;3;3;1;0;25;-;-;-;-
2020;1;Borsod-Abaúj-Zemplén;12;szakgimnázium/szakközépiskola (2016.09.01-től kifutó rendszerben);férfi;nappali;magyar nyelv és irodalom;közép;rendes;Nem;magyar;3;42;42;megjelent;28;5;4;5;0;0;42;-;-;-;-
2020;1;Borsod-Abaúj-Zemplén;12;szakgimnázium/szakközépiskola (2016.09.01-től kifutó rendszerben);férfi;nappali;magyar nyelv és irodalom;közép;rendes;Nem;magyar;2;31;31;megjelent;20;3;4;4;0;0;31;-;-;-;-
2020;1;Borsod-Abaúj-Zemplén;12;szakgimnázium/szakközépiskola (2016.09.01-től kifutó rendszerben);férfi;nappali;magyar nyelv és irodalom;közép;rendes;Nem;magyar;2;31;31;megjelent;18;2;4;4;3;0;31;-;-;-;-
2020;1;Borsod-Abaúj-Zemplén;12;szakgimnázium/szakközépiskola (2016.09.01-től kifutó rendszerben);férfi;nappali;magyar nyelv és irodalom;közép;rendes;Nem;magyar;2;33;33;megjelent;20;3;4;6;0;0;33;-;-;-;-
2020;1;Borsod-Abaúj-Zemplén;12;szakgimnázium/szakközépiskola (2016.09.01-től kifutó rendszerben);férfi;nappali;magyar nyelv és irodalom;közép;rendes;Nem;magyar;3;50;50;megjelent;27;7;9;6;1;0;50;-;-;-;-
2020;1;Borsod-Abaúj-Zemplén;12;szakgimnázium/szakközépiskola (2016.09.01-től kifutó rendszerben);férfi;nappali;magyar nyelv és irodalom;közép;rendes;Nem;magyar;4;62;62;megjelent;32;7;14;9;0;0;62;-;-;-;-
2020;1;Borsod-Abaúj-Zemplén;12;szakgimnázium/szakközépiskola (2016.09.01-től kifutó rendszerben);férfi;nappali;magyar nyelv és irodalom;közép;rendes;Nem;magyar;4;60;60;megjelent;27;10;13;10;0;0;60;-;-;-;-
2020;1;Borsod-Abaúj-Zemplén;12;szakgimnázium/szakközépiskola (2016.09.01-től kifutó rendszerben);férfi;nappali;magyar nyelv és irodalom;közép;rendes;Nem;magyar;5;80;80;megjelent;34;8;18;15;3;2;80;-;-;-;-
2020;1;Borsod-Abaúj-Zemplén;12;szakgimnázium/szakközépiskola (2016.09.01-től kifutó rendszerben);nő;nappali;magyar nyelv és irodalom;közép;rendes;Nem;magyar;3;51;51;megjelent;24;9;9;6;2;1;51;-;-;-;-
2020;1;Borsod-Abaúj-Zemplén;12;szakgimnázium/szakközépiskola (2016.09.01-től kifutó rendszerben);nő;nappali;magyar nyelv és irodalom;közép;rendes;Nem;magyar;2;27;27;megjelent;14;3;4;5;0;1;27;-;-;-;-
2020;1;Borsod-Abaúj-Zemplén;12;szakgimnázium/szakközépiskola (2016.09.01-től kifutó rendszerben);nő;nappali;magyar nyelv és irodalom;közép;rendes;Nem;magyar;3;54;54;megjelent;15;6;17;11;4;1;54;-;-;-;-
2020;1;Borsod-Abaúj-Zemplén;12;szakgimnázium/szakközépiskola (2016.09.01-től kifutó rendszerben);nő;nappali;magyar nyelv és irodalom;közép;rendes;Igen;magyar;2;30;28;megjelent;12;6;4;5;0;1;28;-;-;-;-
2020;1;Borsod-Abaúj-Zemplén;12;szakgimnázium/szakközépiskola (2016.09.01-től kifutó rendszerben);nő;nappali;magyar nyelv és irodalom;közép;rendes;Nem;magyar;3;56;56;megjelent;22;6;14;7;6;1;56;-;-;-;-
2020;1;Borsod-Abaúj-Zemplén;12;gimnázium;nő;nappali;magyar nyelv és irodalom;közép;rendes;Nem;magyar;3;42;42;megjelent;16;6;13;6;0;1;42;-;-;-;-
2020;1;Borsod-Abaúj-Zemplén;12;szakközép;nő;nappali;magyar nyelv és irodalom;közép;rendes;Nem;magyar;3;48;48;megjelent;17;8;14;9;0;0;48;-;-;-;-
2020;1;Borsod-Abaúj-Zemplén;12;szakgimnázium/szakközépiskola (2016.09.01-től kifutó rendszerben);nő;nappali;magyar nyelv és irodalom;közép;rendes;Nem;magyar;3;44;44;megjelent;19;3;13;8;0;1;44;-;-;-;-
2020;1;Borsod-Abaúj-Zemplén;12;szakgimnázium/szakközépiskola (2016.09.01-től kifutó rendszerben);nő;nappali;magyar nyelv és irodalom;közép;rendes;Nem;magyar;3;50;50;megjelent;19;3;15;11;0;2;50;-;-;-;-
2020;1;Borsod-Abaúj-Zemplén;12;szakgimnázium/szakközépiskola (2016.09.01-től kifutó rendszerben);férfi;nappali;magyar nyelv és irodalom;közép;rendes;Nem;magyar;3;48;48;megjelent;17;7;16;8;0;0;48;-;-;-;-
2020;1;Borsod-Abaúj-Zemplén;12;szakgimnázium/szakközépiskola (2016.09.01-től kifutó rendszerben);nő;nappali;magyar nyelv és irodalom;közép;rendes;Nem;magyar;4;63;63;megjelent;26;8;18;11;0;0;63;-;-;-;-
2020;1;Borsod-Abaúj-Zemplén;12;szakgimnázium/szakközépiskola (2016.09.01-től kifutó rendszerben);nő;nappali;magyar nyelv és irodalom;közép;rendes;Nem;magyar;2;26;26;megjelent;12;0;9;4;0;1;26;-;-;-;-
2020;1;Borsod-Abaúj-Zemplén;12;szakgimnázium/szakközépiskola (2016.09.01-től kifutó rendszerben);nő;nappali;magyar nyelv és irodalom;közép;rendes;Nem;magyar;3;53;53;megjelent;22;5;16;9;0;1;53;-;-;-;-
2020;1;Borsod-Abaúj-Zemplén;12;szakgimnázium/szakközépiskola (2016.09.01-től kifutó rendszerben);nő;nappali;magyar nyelv és irodalom;közép;rendes;Nem;magyar;4;66;66;megjelent;17;10;22;13;2;2;66;-;-;-;-
2020;1;Borsod-Abaúj-Zemplén;12;gimnázium;nő;nappali;magyar nyelv és irodalom;közép;rendes;Nem;magyar;5;80;80;megjelent;33;9;18;15;5;0;80;-;-;-;-
2020;1;Borsod-Abaúj-Zemplén;12;szakgimnázium/szakközépiskola (2016.09.01-től kifutó rendszerben);nő;nappali;magyar nyelv és irodalom;közép;rendes;Nem;magyar;4;69;69;megjelent;22;6;25;14;0;2;69;-;-;-;-
2020;1;Borsod-Abaúj-Zemplén;12;szakgimnázium/szakközépiskola (2016.09.01-től kifutó rendszerben);nő;nappali;magyar nyelv és irodalom;közép;rendes;Nem;magyar;5;81;81;megjelent;26;10;23;13;8;1;81;-;-;-;-
2020;1;Borsod-Abaúj-Zemplén;12;szakgimnázium/szakközépiskola (2016.09.01-től kifutó rendszerben);nő;nappali;magyar nyelv és irodalom;közép;rendes;Nem;magyar;4;63;63;megjelent;27;8;9;10;8;1;63;-;-;-;-
2020;1;Borsod-Abaúj-Zemplén;12;szakgimnázium/szakközépiskola (2016.09.01-től kifutó rendszerben);nő;nappali;magyar nyelv és irodalom;közép;rendes;Nem;magyar;4;60;60;megjelent;20;8;15;13;2;2;60;-;-;-;-
2020;1;Borsod-Abaúj-Zemplén;12;szakgimnázium/szakközépiskola (2016.09.01-től kifutó rendszerben);nő;nappali;magyar nyelv és irodalom;közép;rendes;Nem;magyar;5;81;81;megjelent;30;8;25;14;2;2;81;-;-;-;-
2020;1;Borsod-Abaúj-Zemplén;12;gimnázium;férfi;nappali;magyar nyelv és irodalom;közép;rendes;Nem;magyar;4;61;61;megjelent;31;9;9;8;4;0;61;-;-;-;-
2020;1;Borsod-Abaúj-Zemplén;12;szakgimnázium/szakközépiskola (2016.09.01-től kifutó rendszerben);férfi;nappali;magyar nyelv és irodalom;közép;rendes;Nem;magyar;2;29;29;megjelent;7;5;9;8;0;0;29;-;-;-;-
2020;1;Borsod-Abaúj-Zemplén;12;szakgimnázium/szakközépiskola (2016.09.01-től kifutó rendszerben);nő;nappali;magyar nyelv és irodalom;közép;rendes;Nem;magyar;4;60;60;megjelent;17;9;14;14;4;2;60;-;-;-;-
2020;1;Borsod-Abaúj-Zemplén;12;szakgimnázium/szakközépiskola (2016.09.01-től kifutó rendszerben);férfi;nappali;magyar nyelv és irodalom;közép;rendes;Igen;magyar;5;84;42;megjelent;-;-;-;-;-;-;-;21;9;12;42
2020;1;Borsod-Abaúj-Zemplén;12;szakgimnázium/szakközépiskola (2016.09.01-től kifutó rendszerben);férfi;nappali;magyar nyelv és irodalom;közép;rendes;Nem;magyar;5;80;80;megjelent;29;9;23;13;5;1;80;-;-;-;-
2020;1;Borsod-Abaúj-Zemplén;12;szakgimnázium/szakközépiskola (2016.09.01-től kifutó rendszerben);nő;nappali;magyar nyelv és irodalom;közép;rendes;Nem;magyar;4;66;66;megjelent;27;8;18;11;0;2;66;-;-;-;-
2020;1;Borsod-Abaúj-Zemplén;12;gimnázium;férfi;nappali;magyar nyelv és irodalom;közép;rendes;Nem;magyar;3;54;54;megjelent;25;7;14;8;0;0;54;-;-;-;-
2020;1;Borsod-Abaúj-Zemplén;12;szakgimnázium/szakközépiskola (2016.09.01-től kifutó rendszerben);férfi;nappali;magyar nyelv és irodalom;közép;rendes;Nem;magyar;5;81;81;megjelent;32;9;20;13;6;1;81;-;-;-;-
2020;1;Borsod-Abaúj-Zemplén;12;szakgimnázium/szakközépiskola (2016.09.01-től kifutó rendszerben);férfi;nappali;magyar nyelv és irodalom;közép;rendes;Nem;magyar;4;61;61;megjelent;24;7;16;12;1;1;61;-;-;-;-
2020;1;Borsod-Abaúj-Zemplén;12;szakgimnázium/szakközépiskola (2016.09.01-től kifutó rendszerben);férfi;nappali;magyar nyelv és irodalom;közép;rendes;Nem;magyar;3;55;55;megjelent;26;7;13;8;0;1;55;-;-;-;-
2020;1;Borsod-Abaúj-Zemplén;12;szakgimnázium/szakközépiskola (2016.09.01-től kifutó rendszerben);férfi;nappali;magyar nyelv és irodalom;közép;rendes;Nem;magyar;2;33;33;megjelent;20;2;6;5;0;0;33;-;-;-;-
2020;1;Borsod-Abaúj-Zemplén;12;gimnázium;férfi;nappali;magyar nyelv és irodalom;közép;rendes;Nem;magyar;3;52;52;megjelent;31;5;9;5;0;2;52;-;-;-;-
2020;1;Borsod-Abaúj-Zemplén;12;gimnázium;nő;nappali;magyar nyelv és irodalom;közép;rendes;Nem;magyar;4;70;70;megjelent;32;5;23;10;0;0;70;-;-;-;-
2020;1;Borsod-Abaúj-Zemplén;12;gimnázium;férfi;nappali;magyar nyelv és irodalom;közép;rendes;Nem;magyar;4;63;63;megjelent;28;7;18;9;0;1;63;-;-;-;-
2020;1;Borsod-Abaúj-Zemplén;12;szakgimnázium/szakközépiskola (2016.09.01-től kifutó rendszerben);nő;nappali;magyar nyelv és irodalom;közép;rendes;Nem;magyar;4;66;66;megjelent;27;8;14;9;7;1;66;-;-;-;-
2020;1;Borsod-Abaúj-Zemplén;12;szakgimnázium/szakközépiskola (2016.09.01-től kifutó rendszerben);férfi;nappali;magyar nyelv és irodalom;közép;rendes;Nem;magyar;3;45;45;megjelent;22;0;12;6;4;1;45;-;-;-;-
2020;1;Borsod-Abaúj-Zemplén;12;szakgimnázium/szakközépiskola (2016.09.01-től kifutó rendszerben);nő;nappali;magyar nyelv és irodalom;közép;előrehozott;Nem;magyar;3;41;41;megjelent;21;0;11;7;1;1;41;-;-;-;-
2020;1;Borsod-Abaúj-Zemplén;12;gimnázium;férfi;nappali;magyar nyelv és irodalom;közép;rendes;Nem;magyar;4;71;71;megjelent;36;9;17;9;0;0;71;-;-;-;-
2020;1;Borsod-Abaúj-Zemplén;12;szakgimnázium/szakközépiskola (2016.09.01-től kifutó rendszerben);nő;nappali;magyar nyelv és irodalom;közép;rendes;Nem;magyar;2;32;32;megjelent;19;3;3;4;1;2;32;-;-;-;-
2020;1;Borsod-Abaúj-Zemplén;12;szakgimnázium/szakközépiskola (2016.09.01-től kifutó rendszerben);nő;nappali;magyar nyelv és irodalom;közép;rendes;Nem;magyar;4;63;63;megjelent;26;6;18;11;0;2;63;-;-;-;-
2020;1;Borsod-Abaúj-Zemplén;12;szakgimnázium/szakközépiskola (2016.09.01-től kifutó rendszerben);nő;nappali;magyar nyelv és irodalom;közép;rendes;Nem;magyar;4;64;64;megjelent;25;8;19;11;0;1;64;-;-;-;-
2020;1;Borsod-Abaúj-Zemplén;12;szakgimnázium/szakközépiskola (2016.09.01-től kifutó rendszerben);férfi;nappali;magyar nyelv és irodalom;közép;rendes;Nem;magyar;5;81;81;megjelent;32;8;20;13;7;1;81;-;-;-;-
2020;1;Borsod-Abaúj-Zemplén;12;szakgimnázium/szakközépiskola (2016.09.01-től kifutó rendszerben);férfi;nappali;magyar nyelv és irodalom;közép;rendes;Nem;magyar;5;84;84;megjelent;33;10;20;12;8;1;84;-;-;-;-
2020;1;Borsod-Abaúj-Zemplén;12;szakgimnázium/szakközépiskola (2016.09.01-től kifutó rendszerben);nő;nappali;magyar nyelv és irodalom;közép;rendes;Nem;magyar;4;77;77;megjelent;31;8;17;15;4;2;77;-;-;-;-
2020;1;Borsod-Abaúj-Zemplén;12;gimnázium;nő;nappali;magyar nyelv és irodalom;közép;rendes;Nem;magyar;4;68;68;megjelent;32;5;19;10;0;2;68;-;-;-;-
2020;1;Borsod-Abaúj-Zemplén;12;szakgimnázium/szakközépiskola (2016.09.01-től kifutó rendszerben);férfi;nappali;magyar nyelv és irodalom;közép;rendes;Nem;magyar;4;60;60;megjelent;26;0;17;8;8;1;60;-;-;-;-
2020;1;Borsod-Abaúj-Zemplén;12;szakgimnázium/szakközépiskola (2016.09.01-től kifutó rendszerben);férfi;nappali;magyar nyelv és irodalom;közép;rendes;Nem;magyar;3;40;40;megjelent;16;8;9;6;0;1;40;-;-;-;-
2020;1;Borsod-Abaúj-Zemplén;12;gimnázium;nő;nappali;magyar nyelv és irodalom;közép;rendes;Nem;magyar;4;64;64;megjelent;28;8;18;10;0;0;64;-;-;-;-
2020;1;Borsod-Abaúj-Zemplén;12;gimnázium;nő;nappali;magyar nyelv és irodalom;közép;rendes;Nem;magyar;3;41;41;megjelent;25;5;5;4;0;2;41;-;-;-;-
2020;1;Borsod-Abaúj-Zemplén;12;gimnázium;férfi;nappali;magyar nyelv és irodalom;közép;rendes;Nem;magyar;3;49;49;megjelent;28;6;8;7;0;0;49;-;-;-;-
2020;1;Borsod-Abaúj-Zemplén;12;szakgimnázium/szakközépiskola (2016.09.01-től kifutó rendszerben);nő;nappali;magyar nyelv és irodalom;közép;rendes;Nem;magyar;3;41;41;megjelent;24;3;9;4;0;1;41;-;-;-;-
2020;1;Borsod-Abaúj-Zemplén;12;szakgimnázium/szakközépiskola (2016.09.01-től kifutó rendszerben);nő;nappali;magyar nyelv és irodalom;közép;rendes;Nem;magyar;2;27;27;megjelent;15;6;2;3;0;1;27;-;-;-;-
2020;1;Borsod-Abaúj-Zemplén;12;gimnázium;férfi;nappali;magyar nyelv és irodalom;közép;rendes;Nem;magyar;3;48;48;megjelent;30;4;10;4;0;0;48;-;-;-;-
2020;1;Borsod-Abaúj-Zemplén;12;szakgimnázium/szakközépiskola (2016.09.01-től kifutó rendszerben);nő;nappali;magyar nyelv és irodalom;közép;rendes;Nem;magyar;4;60;60;megjelent;25;6;17;10;0;2;60;-;-;-;-
2020;1;Borsod-Abaúj-Zemplén;12;szakgimnázium/szakközépiskola (2016.09.01-től kifutó rendszerben);férfi;nappali;magyar nyelv és irodalom;közép;rendes;Nem;magyar;3;41;41;megjelent;20;6;10;5;0;0;41;-;-;-;-
2020;1;Borsod-Abaúj-Zemplén;12;gimnázium;férfi;nappali;magyar nyelv és irodalom;közép;rendes;Nem;magyar;3;55;55;megjelent;34;6;9;6;0;0;55;-;-;-;-
2020;1;Borsod-Abaúj-Zemplén;12;szakgimnázium/szakközépiskola (2016.09.01-től kifutó rendszerben);férfi;nappali;magyar nyelv és irodalom;közép;rendes;Nem;magyar;4;60;60;megjelent;19;7;22;11;0;1;60;-;-;-;-
2020;1;Borsod-Abaúj-Zemplén;12;szakgimnázium/szakközépiskola (2016.09.01-től kifutó rendszerben);férfi;nappali;magyar nyelv és irodalom;közép;rendes;Nem;magyar;3;41;41;megjelent;16;4;13;8;0;0;41;-;-;-;-
2020;1;Borsod-Abaúj-Zemplén;12;szakgimnázium/szakközépiskola (2016.09.01-től kifutó rendszerben);férfi;nappali;magyar nyelv és irodalom;közép;rendes;Nem;magyar;3;40;40;megjelent;23;6;4;6;0;1;40;-;-;-;-
2020;1;Borsod-Abaúj-Zemplén;12;gimnázium;nő;nappali;magyar nyelv és irodalom;közép;rendes;Nem;magyar;4;60;60;megjelent;31;8;13;7;0;1;60;-;-;-;-
2020;1;Borsod-Abaúj-Zemplén;12;szakgimnázium/szakközépiskola (2016.09.01-től kifutó rendszerben);férfi;nappali;magyar nyelv és irodalom;közép;rendes;Nem;magyar;4;67;67;megjelent;30;7;19;8;2;1;67;-;-;-;-
2020;1;Borsod-Abaúj-Zemplén;12;szakgimnázium/szakközépiskola (2016.09.01-től kifutó rendszerben);férfi;nappali;magyar nyelv és irodalom;közép;rendes;Nem;magyar;3;43;43;megjelent;21;6;10;6;0;0;43;-;-;-;-
2020;1;Borsod-Abaúj-Zemplén;12;szakgimnázium/szakközépiskola (2016.09.01-től kifutó rendszerben);nő;nappali;magyar nyelv és irodalom;közép;rendes;Nem;magyar;2;37;37;megjelent;17;5;7;6;0;2;37;-;-;-;-
2020;1;Borsod-Abaúj-Zemplén;12;szakgimnázium/szakközépiskola (2016.09.01-től kifutó rendszerben);férfi;nappali;magyar nyelv és irodalom;közép;rendes;Nem;magyar;3;46;46;megjelent;24;7;8;7;0;0;46;-;-;-;-
2020;1;Borsod-Abaúj-Zemplén;12;szakgimnázium/szakközépiskola (2016.09.01-től kifutó rendszerben);nő;nappali;magyar nyelv és irodalom;közép;rendes;Nem;magyar;4;61;61;megjelent;28;7;14;8;3;1;61;-;-;-;-
2020;1;Borsod-Abaúj-Zemplén;12;szakgimnázium/szakközépiskola (2016.09.01-től kifutó rendszerben);nő;nappali;magyar nyelv és irodalom;közép;rendes;Nem;magyar;3;41;41;megjelent;20;5;5;5;4;2;41;-;-;-;-
2020;1;Borsod-Abaúj-Zemplén;12;szakgimnázium/szakközépiskola (2016.09.01-től kifutó rendszerben);férfi;nappali;magyar nyelv és irodalom;közép;rendes;Nem;magyar;4;60;60;megjelent;25;6;14;11;4;0;60;-;-;-;-
2020;1;Borsod-Abaúj-Zemplén;12;gimnázium;férfi;nappali;magyar nyelv és irodalom;közép;rendes;Nem;magyar;5;80;80;megjelent;34;10;19;12;5;0;80;-;-;-;-
2020;1;Borsod-Abaúj-Zemplén;12;gimnázium;nő;nappali;magyar nyelv és irodalom;közép;rendes;Nem;magyar;5;91;91;megjelent;33;10;25;15;8;0;91;-;-;-;-
2020;1;Borsod-Abaúj-Zemplén;12;szakgimnázium/szakközépiskola (2016.09.01-től kifutó rendszerben);férfi;nappali;magyar nyelv és irodalom;közép;rendes;Nem;magyar;3;44;44;megjelent;18;5;14;7;0;0;44;-;-;-;-
2020;1;Borsod-Abaúj-Zemplén;12;szakgimnázium/szakközépiskola (2016.09.01-től kifutó rendszerben);nő;nappali;magyar nyelv és irodalom;közép;rendes;Nem;magyar;4;67;67;megjelent;26;9;14;12;5;1;67;-;-;-;-
2020;1;Borsod-Abaúj-Zemplén;12;szakgimnázium/szakközépiskola (2016.09.01-től kifutó rendszerben);nő;nappali;magyar nyelv és irodalom;közép;rendes;Nem;magyar;4;74;74;megjelent;34;9;14;9;7;1;74;-;-;-;-
2020;1;Borsod-Abaúj-Zemplén;12;szakgimnázium/szakközépiskola (2016.09.01-től kifutó rendszerben);férfi;nappali;magyar nyelv és irodalom;közép;rendes;Nem;magyar;4;61;61;megjelent;25;7;18;11;0;0;61;-;-;-;-
2020;1;Borsod-Abaúj-Zemplén;12;szakgimnázium/szakközépiskola (2016.09.01-től kifutó rendszerben);nő;nappali;magyar nyelv és irodalom;közép;rendes;Nem;magyar;5;85;85;megjelent;34;9;25;15;0;2;85;-;-;-;-
2020;1;Borsod-Abaúj-Zemplén;12;szakgimnázium/szakközépiskola (2016.09.01-től kifutó rendszerben);férfi;nappali;magyar nyelv és irodalom;közép;rendes;Nem;magyar;4;64;64;megjelent;25;8;19;12;0;0;64;-;-;-;-
2020;1;Borsod-Abaúj-Zemplén;12;szakgimnázium/szakközépiskola (2016.09.01-től kifutó rendszerben);férfi;nappali;magyar nyelv és irodalom;közép;rendes;Nem;magyar;5;80;80;megjelent;32;10;24;13;0;1;80;-;-;-;-
2020;1;Borsod-Abaúj-Zemplén;12;szakgimnázium/szakközépiskola (2016.09.01-től kifutó rendszerben);férfi;nappali;magyar nyelv és irodalom;közép;rendes;Nem;magyar;4;62;62;megjelent;24;7;19;11;0;1;62;-;-;-;-
2020;1;Borsod-Abaúj-Zemplén;12;szakgimnázium/szakközépiskola (2016.09.01-től kifutó rendszerben);férfi;nappali;magyar nyelv és irodalom;közép;rendes;Nem;magyar;2;33;33;megjelent;18;3;6;6;0;0;33;-;-;-;-
2020;1;Borsod-Abaúj-Zemplén;12;gimnázium;nő;nappali;magyar nyelv és irodalom;közép;rendes;Nem;magyar;4;64;64;megjelent;34;8;12;8;1;1;64;-;-;-;-
2020;1;Borsod-Abaúj-Zemplén;12;szakgimnázium/szakközépiskola (2016.09.01-től kifutó rendszerben);férfi;nappali;magyar nyelv és irodalom;közép;rendes;Nem;magyar;2;25;25;megjelent;17;8;0;0;0;0;25;-;-;-;-
2020;1;Borsod-Abaúj-Zemplén;12;szakgimnázium/szakközépiskola (2016.09.01-től kifutó rendszerben);nő;nappali;magyar nyelv és irodalom;közép;rendes;Nem;magyar;5;80;80;megjelent;29;9;20;13;8;1;80;-;-;-;-
2020;1;Borsod-Abaúj-Zemplén;12;szakgimnázium/szakközépiskola (2016.09.01-től kifutó rendszerben);férfi;nappali;magyar nyelv és irodalom;közép;rendes;Nem;magyar;3;46;46;megjelent;18;9;11;7;0;1;46;-;-;-;-
2020;1;Borsod-Abaúj-Zemplén;12;szakgimnázium/szakközépiskola (2016.09.01-től kifutó rendszerben);férfi;nappali;magyar nyelv és irodalom;közép;rendes;Nem;magyar;2;32;32;megjelent;23;0;6;3;0;0;32;-;-;-;-
2020;1;Borsod-Abaúj-Zemplén;12;szakgimnázium/szakközépiskola (2016.09.01-től kifutó rendszerben);nő;nappali;magyar nyelv és irodalom;közép;rendes;Nem;magyar;4;62;62;megjelent;20;8;18;11;4;1;62;-;-;-;-
2020;1;Borsod-Abaúj-Zemplén;12;szakgimnázium/szakközépiskola (2016.09.01-től kifutó rendszerben);férfi;nappali;magyar nyelv és irodalom;közép;rendes;Nem;magyar;3;41;41;megjelent;19;4;12;6;0;0;41;-;-;-;-
2020;1;Borsod-Abaúj-Zemplén;12;gimnázium;férfi;nappali;magyar nyelv és irodalom;közép;rendes;Nem;magyar;5;80;80;megjelent;33;8;22;14;2;1;80;-;-;-;-
2020;1;Borsod-Abaúj-Zemplén;12;szakgimnázium/szakközépiskola (2016.09.01-től kifutó rendszerben);nő;nappali;magyar nyelv és irodalom;közép;rendes;Nem;magyar;4;64;64;megjelent;31;6;13;12;0;2;64;-;-;-;-
2020;1;Borsod-Abaúj-Zemplén;12;szakgimnázium/szakközépiskola (2016.09.01-től kifutó rendszerben);nő;nappali;magyar nyelv és irodalom;közép;rendes;Nem;magyar;3;50;50;megjelent;18;7;12;11;0;2;50;-;-;-;-
2020;1;Borsod-Abaúj-Zemplén;12;gimnázium;férfi;nappali;magyar nyelv és irodalom;közép;rendes;Nem;magyar;4;66;66;megjelent;36;8;14;8;0;0;66;-;-;-;-
2020;1;Borsod-Abaúj-Zemplén;12;szakgimnázium/szakközépiskola (2016.09.01-től kifutó rendszerben);férfi;nappali;magyar nyelv és irodalom;közép;rendes;Nem;magyar;3;41;41;megjelent;25;5;6;5;0;0;41;-;-;-;-
2020;1;Borsod-Abaúj-Zemplén;12;szakgimnázium/szakközépiskola (2016.09.01-től kifutó rendszerben);férfi;nappali;magyar nyelv és irodalom;közép;rendes;Nem;magyar;3;55;55;megjelent;23;9;12;8;2;1;55;-;-;-;-
2020;1;Borsod-Abaúj-Zemplén;12;szakgimnázium/szakközépiskola (2016.09.01-től kifutó rendszerben);férfi;nappali;magyar nyelv és irodalom;közép;rendes;Nem;magyar;4;73;73;megjelent;29;8;19;12;4;1;73;-;-;-;-
2020;1;Borsod-Abaúj-Zemplén;12;szakgimnázium/szakközépiskola (2016.09.01-től kifutó rendszerben);nő;nappali;magyar nyelv és irodalom;közép;rendes;Nem;magyar;3;43;43;megjelent;25;0;9;4;4;1;43;-;-;-;-
2020;1;Borsod-Abaúj-Zemplén;12;szakgimnázium/szakközépiskola (2016.09.01-től kifutó rendszerben);férfi;nappali;magyar nyelv és irodalom;közép;rendes;Nem;magyar;3;45;45;megjelent;22;7;9;6;0;1;45;-;-;-;-
2020;1;Borsod-Abaúj-Zemplén;12;gimnázium;nő;nappali;magyar nyelv és irodalom;közép;rendes;Nem;magyar;5;82;82;megjelent;31;10;20;15;6;0;82;-;-;-;-
2020;1;Borsod-Abaúj-Zemplén;12;szakgimnázium/szakközépiskola (2016.09.01-től kifutó rendszerben);nő;nappali;magyar nyelv és irodalom;közép;rendes;Nem;magyar;3;57;57;megjelent;20;6;12;11;6;2;57;-;-;-;-
2020;1;Borsod-Abaúj-Zemplén;12;szakgimnázium/szakközépiskola (2016.09.01-től kifutó rendszerben);férfi;nappali;magyar nyelv és irodalom;közép;rendes;Nem;magyar;3;50;50;megjelent;21;6;16;7;0;0;50;-;-;-;-
2020;1;Borsod-Abaúj-Zemplén;12;szakgimnázium/szakközépiskola (2016.09.01-től kifutó rendszerben);nő;nappali;magyar nyelv és irodalom;közép;rendes;Nem;magyar;3;40;40;megjelent;17;7;9;6;0;1;40;-;-;-;-
2020;1;Borsod-Abaúj-Zemplén;12;szakgimnázium/szakközépiskola (2016.09.01-től kifutó rendszerben);nő;nappali;magyar nyelv és irodalom;közép;rendes;Nem;magyar;4;60;60;megjelent;25;5;14;9;6;1;60;-;-;-;-
2020;1;Borsod-Abaúj-Zemplén;12;szakgimnázium/szakközépiskola (2016.09.01-től kifutó rendszerben);nő;nappali;magyar nyelv és irodalom;közép;rendes;Igen;magyar;3;48;24;megjelent;-;-;-;-;-;-;-;14;4;6;24
2020;1;Borsod-Abaúj-Zemplén;12;szakgimnázium/szakközépiskola (2016.09.01-től kifutó rendszerben);férfi;nappali;magyar nyelv és irodalom;közép;rendes;Nem;magyar;2;28;28;megjelent;21;5;1;0;0;1;28;-;-;-;-
2020;1;Borsod-Abaúj-Zemplén;12;szakgimnázium/szakközépiskola (2016.09.01-től kifutó rendszerben);nő;nappali;magyar nyelv és irodalom;közép;rendes;Nem;magyar;4;71;71;megjelent;21;8;19;14;7;2;71;-;-;-;-
2020;1;Borsod-Abaúj-Zemplén;12;szakgimnázium/szakközépiskola (2016.09.01-től kifutó rendszerben);nő;nappali;magyar nyelv és irodalom;közép;rendes;Nem;magyar;3;51;51;megjelent;23;7;12;7;0;2;51;-;-;-;-
2020;1;Borsod-Abaúj-Zemplén;12;gimnázium;nő;nappali;magyar nyelv és irodalom;közép;rendes;Nem;magyar;4;60;60;megjelent;29;5;14;9;1;2;60;-;-;-;-
2020;1;Borsod-Abaúj-Zemplén;12;szakgimnázium/szakközépiskola (2016.09.01-től kifutó rendszerben);férfi;nappali;magyar nyelv és irodalom;közép;rendes;Nem;magyar;3;43;43;megjelent;12;8;11;10;0;2;43;-;-;-;-
2020;1;Borsod-Abaúj-Zemplén;12;gimnázium;nő;nappali;magyar nyelv és irodalom;közép;rendes;Nem;magyar;4;70;70;megjelent;32;6;20;10;0;2;70;-;-;-;-
2020;1;Borsod-Abaúj-Zemplén;12;szakgimnázium/szakközépiskola (2016.09.01-től kifutó rendszerben);nő;nappali;magyar nyelv és irodalom;közép;rendes;Nem;magyar;4;63;63;megjelent;22;9;18;12;0;2;63;-;-;-;-
2020;1;Borsod-Abaúj-Zemplén;12;szakgimnázium/szakközépiskola (2016.09.01-től kifutó rendszerben);férfi;nappali;magyar nyelv és irodalom;közép;rendes;Nem;magyar;2;33;33;megjelent;22;3;4;3;0;1;33;-;-;-;-
2020;1;Borsod-Abaúj-Zemplén;12;szakgimnázium/szakközépiskola (2016.09.01-től kifutó rendszerben);nő;nappali;magyar nyelv és irodalom;közép;rendes;Nem;magyar;4;64;64;megjelent;27;5;15;9;7;1;64;-;-;-;-
2020;1;Borsod-Abaúj-Zemplén;12;gimnázium;férfi;nappali;magyar nyelv és irodalom;közép;rendes;Nem;magyar;5;80;80;megjelent;35;7;25;13;0;0;80;-;-;-;-
2020;1;Borsod-Abaúj-Zemplén;12;gimnázium;nő;nappali;magyar nyelv és irodalom;közép;rendes;Nem;magyar;3;50;50;megjelent;19;8;9;7;5;2;50;-;-;-;-
2020;1;Borsod-Abaúj-Zemplén;12;szakgimnázium/szakközépiskola (2016.09.01-től kifutó rendszerben);férfi;nappali;magyar nyelv és irodalom;közép;rendes;Nem;magyar;4;74;74;megjelent;27;9;22;12;3;1;74;-;-;-;-
2020;1;Borsod-Abaúj-Zemplén;12;szakgimnázium/szakközépiskola (2016.09.01-től kifutó rendszerben);férfi;nappali;magyar nyelv és irodalom;közép;rendes;Nem;magyar;4;60;60;megjelent;27;9;12;11;0;1;60;-;-;-;-
2020;1;Borsod-Abaúj-Zemplén;12;szakgimnázium/szakközépiskola (2016.09.01-től kifutó rendszerben);nő;nappali;magyar nyelv és irodalom;közép;rendes;Nem;magyar;4;72;72;megjelent;31;7;20;12;0;2;72;-;-;-;-
2020;1;Borsod-Abaúj-Zemplén;12;szakgimnázium/szakközépiskola (2016.09.01-től kifutó rendszerben);férfi;nappali;magyar nyelv és irodalom;közép;rendes;Nem;magyar;3;53;53;megjelent;23;7;12;8;2;1;53;-;-;-;-
2020;1;Borsod-Abaúj-Zemplén;12;szakgimnázium/szakközépiskola (2016.09.01-től kifutó rendszerben);férfi;nappali;magyar nyelv és irodalom;közép;rendes;Nem;magyar;4;60;60;megjelent;30;9;12;9;0;0;60;-;-;-;-
2020;1;Borsod-Abaúj-Zemplén;12;szakgimnázium/szakközépiskola (2016.09.01-től kifutó rendszerben);nő;nappali;magyar nyelv és irodalom;közép;rendes;Nem;magyar;4;66;66;megjelent;30;7;9;13;5;2;66;-;-;-;-
2020;1;Borsod-Abaúj-Zemplén;12;szakgimnázium/szakközépiskola (2016.09.01-től kifutó rendszerben);férfi;nappali;magyar nyelv és irodalom;közép;rendes;Nem;magyar;4;66;66;megjelent;33;9;14;8;0;2;66;-;-;-;-
2020;1;Borsod-Abaúj-Zemplén;12;gimnázium;férfi;nappali;magyar nyelv és irodalom;közép;rendes;Nem;magyar;4;74;74;megjelent;31;9;14;14;5;1;74;-;-;-;-
2020;1;Borsod-Abaúj-Zemplén;12;szakgimnázium/szakközépiskola (2016.09.01-től kifutó rendszerben);nő;nappali;magyar nyelv és irodalom;közép;rendes;Nem;magyar;2;27;27;megjelent;9;6;3;7;0;2;27;-;-;-;-
2020;1;Borsod-Abaúj-Zemplén;12;gimnázium;nő;nappali;magyar nyelv és irodalom;közép;rendes;Nem;magyar;2;27;27;megjelent;15;1;0;3;7;1;27;-;-;-;-
2020;1;Borsod-Abaúj-Zemplén;12;gimnázium;nő;nappali;magyar nyelv és irodalom;közép;rendes;Nem;magyar;3;51;51;megjelent;27;7;9;7;0;1;51;-;-;-;-
2020;1;Borsod-Abaúj-Zemplén;12;gimnázium;férfi;nappali;magyar nyelv és irodalom;közép;rendes;Nem;magyar;4;75;75;megjelent;28;9;19;9;8;2;75;-;-;-;-
2020;1;Borsod-Abaúj-Zemplén;12;gimnázium;férfi;nappali;magyar nyelv és irodalom;közép;rendes;Nem;magyar;5;81;81;megjelent;30;10;20;12;8;1;81;-;-;-;-
2020;1;Borsod-Abaúj-Zemplén;12;szakgimnázium/szakközépiskola (2016.09.01-től kifutó rendszerben);nő;nappali;magyar nyelv és irodalom;közép;rendes;Nem;magyar;3;58;58;megjelent;23;8;14;11;0;2;58;-;-;-;-
2020;1;Borsod-Abaúj-Zemplén;12;gimnázium;nő;nappali;magyar nyelv és irodalom;közép;rendes;Nem;magyar;4;74;74;megjelent;27;10;19;12;4;2;74;-;-;-;-
2020;1;Borsod-Abaúj-Zemplén;12;gimnázium;férfi;nappali;magyar nyelv és irodalom;közép;előrehozott;Nem;magyar;3;40;40;megjelent;23;9;0;3;5;0;40;-;-;-;-
2020;1;Borsod-Abaúj-Zemplén;12;gimnázium;nő;nappali;magyar nyelv és irodalom;közép;rendes;Nem;magyar;3;58;58;megjelent;24;9;9;7;7;2;58;-;-;-;-
2020;1;Borsod-Abaúj-Zemplén;12;gimnázium;férfi;nappali;magyar nyelv és irodalom;közép;rendes;Nem;magyar;2;30;30;megjelent;15;8;2;4;0;1;30;-;-;-;-
2020;1;Borsod-Abaúj-Zemplén;12;szakgimnázium/szakközépiskola (2016.09.01-től kifutó rendszerben);férfi;nappali;magyar nyelv és irodalom;közép;rendes;Nem;magyar;3;56;56;megjelent;32;0;14;9;0;1;56;-;-;-;-
2020;1;Borsod-Abaúj-Zemplén;12;szakgimnázium/szakközépiskola (2016.09.01-től kifutó rendszerben);nő;nappali;magyar nyelv és irodalom;közép;rendes;Nem;magyar;2;26;26;megjelent;9;5;4;6;0;2;26;-;-;-;-
2020;1;Borsod-Abaúj-Zemplén;12;szakgimnázium/szakközépiskola (2016.09.01-től kifutó rendszerben);nő;nappali;magyar nyelv és irodalom;közép;rendes;Nem;magyar;2;26;26;megjelent;26;0;0;0;0;0;26;-;-;-;-
2020;1;Borsod-Abaúj-Zemplén;12;szakgimnázium/szakközépiskola (2016.09.01-től kifutó rendszerben);nő;nappali;magyar nyelv és irodalom;közép;rendes;Nem;magyar;3;58;58;megjelent;31;6;12;9;0;0;58;-;-;-;-
2020;1;Borsod-Abaúj-Zemplén;12;szakgimnázium/szakközépiskola (2016.09.01-től kifutó rendszerben);nő;nappali;magyar nyelv és irodalom;közép;rendes;Nem;magyar;2;32;32;megjelent;24;0;3;4;0;1;32;-;-;-;-
2020;1;Borsod-Abaúj-Zemplén;12;szakgimnázium/szakközépiskola (2016.09.01-től kifutó rendszerben);nő;nappali;magyar nyelv és irodalom;közép;rendes;Nem;magyar;2;30;30;megjelent;14;4;4;7;0;1;30;-;-;-;-
2020;1;Borsod-Abaúj-Zemplén;12;szakgimnázium/szakközépiskola (2016.09.01-től kifutó rendszerben);nő;nappali;magyar nyelv és irodalom;közép;előrehozott;Nem;magyar;2;28;28;megjelent;18;3;2;4;0;1;28;-;-;-;-
2020;1;Borsod-Abaúj-Zemplén;12;szakgimnázium/szakközépiskola (2016.09.01-től kifutó rendszerben);nő;nappali;magyar nyelv és irodalom;közép;rendes;Nem;magyar;2;32;32;megjelent;26;0;3;3;0;0;32;-;-;-;-
2020;1;Borsod-Abaúj-Zemplén;12;szakgimnázium/szakközépiskola (2016.09.01-től kifutó rendszerben);nő;nappali;magyar nyelv és irodalom;közép;rendes;Nem;magyar;2;34;34;megjelent;20;0;7;6;0;1;34;-;-;-;-
2020;1;Borsod-Abaúj-Zemplén;12;szakgimnázium/szakközépiskola (2016.09.01-től kifutó rendszerben);nő;nappali;magyar nyelv és irodalom;közép;rendes;Nem;magyar;2;30;30;megjelent;24;0;3;2;0;1;30;-;-;-;-
2020;1;Borsod-Abaúj-Zemplén;12;szakgimnázium/szakközépiskola (2016.09.01-től kifutó rendszerben);nő;nappali;magyar nyelv és irodalom;közép;rendes;Nem;magyar;3;41;41;megjelent;20;6;6;8;0;1;41;-;-;-;-
2020;1;Borsod-Abaúj-Zemplén;12;gimnázium;férfi;nappali;magyar nyelv és irodalom;közép;rendes;Nem;magyar;3;51;51;megjelent;26;9;5;8;2;1;51;-;-;-;-
2020;1;Borsod-Abaúj-Zemplén;12;gimnázium;férfi;nappali;magyar nyelv és irodalom;közép;rendes;Nem;magyar;3;46;46;megjelent;24;8;5;6;2;1;46;-;-;-;-
2020;1;Borsod-Abaúj-Zemplén;12;gimnázium;férfi;nappali;magyar nyelv és irodalom;közép;rendes;Nem;magyar;2;36;36;megjelent;15;9;5;6;0;1;36;-;-;-;-
2020;1;Borsod-Abaúj-Zemplén;12;gimnázium;férfi;nappali;magyar nyelv és irodalom;közép;rendes;Nem;magyar;5;81;81;megjelent;34;9;19;13;5;1;81;-;-;-;-
2020;1;Borsod-Abaúj-Zemplén;12;gimnázium;férfi;nappali;magyar nyelv és irodalom;közép;rendes;Nem;magyar;4;64;64;megjelent;27;9;14;9;4;1;64;-;-;-;-
2020;1;Borsod-Abaúj-Zemplén;12;gimnázium;nő;nappali;magyar nyelv és irodalom;közép;előrehozott;Nem;magyar;4;62;62;megjelent;25;8;14;7;7;1;62;-;-;-;-
2020;1;Borsod-Abaúj-Zemplén;12;gimnázium;nő;nappali;magyar nyelv és irodalom;közép;rendes;Nem;magyar;4;65;65;megjelent;26;9;15;10;4;1;65;-;-;-;-
2020;1;Borsod-Abaúj-Zemplén;12;gimnázium;férfi;nappali;magyar nyelv és irodalom;közép;rendes;Nem;magyar;4;60;60;megjelent;31;9;11;8;0;1;60;-;-;-;-
2020;1;Borsod-Abaúj-Zemplén;12;gimnázium;férfi;nappali;magyar nyelv és irodalom;közép;rendes;Nem;magyar;5;81;81;megjelent;28;10;22;13;7;1;81;-;-;-;-
2020;1;Borsod-Abaúj-Zemplén;12;gimnázium;férfi;nappali;magyar nyelv és irodalom;közép;rendes;Nem;magyar;4;61;61;megjelent;22;6;19;9;4;1;61;-;-;-;-
2020;1;Borsod-Abaúj-Zemplén;12;gimnázium;férfi;nappali;magyar nyelv és irodalom;közép;rendes;Nem;magyar;2;37;37;megjelent;19;8;4;5;0;1;37;-;-;-;-
2020;1;Borsod-Abaúj-Zemplén;12;gimnázium;férfi;nappali;magyar nyelv és irodalom;közép;rendes;Nem;magyar;4;62;62;megjelent;22;9;14;7;8;2;62;-;-;-;-
2020;1;Borsod-Abaúj-Zemplén;12;gimnázium;férfi;nappali;magyar nyelv és irodalom;közép;rendes;Nem;magyar;3;52;52;megjelent;25;9;9;8;0;1;52;-;-;-;-
2020;1;Borsod-Abaúj-Zemplén;12;gimnázium;nő;nappali;magyar nyelv és irodalom;közép;rendes;Nem;magyar;4;64;64;megjelent;33;8;10;8;4;1;64;-;-;-;-
2020;1;Borsod-Abaúj-Zemplén;12;gimnázium;nő;nappali;magyar nyelv és irodalom;közép;előrehozott;Nem;magyar;4;66;66;megjelent;27;10;14;9;4;2;66;-;-;-;-
2020;1;Borsod-Abaúj-Zemplén;12;gimnázium;férfi;nappali;magyar nyelv és irodalom;közép;rendes;Nem;magyar;4;60;60;megjelent;26;10;15;9;0;0;60;-;-;-;-
2020;1;Borsod-Abaúj-Zemplén;12;gimnázium;nő;nappali;magyar nyelv és irodalom;közép;rendes;Nem;magyar;3;58;58;megjelent;34;9;8;5;0;2;58;-;-;-;-
2020;1;Borsod-Abaúj-Zemplén;12;gimnázium;férfi;nappali;magyar nyelv és irodalom;közép;előrehozott;Nem;magyar;2;33;33;megjelent;19;4;3;3;3;1;33;-;-;-;-
2020;1;Borsod-Abaúj-Zemplén;12;gimnázium;nő;nappali;magyar nyelv és irodalom;közép;rendes;Nem;magyar;3;54;54;megjelent;26;8;10;6;3;1;54;-;-;-;-
2020;1;Borsod-Abaúj-Zemplén;12;szakgimnázium/szakközépiskola (2016.09.01-től kifutó rendszerben);férfi;nappali;magyar nyelv és irodalom;közép;rendes;Nem;magyar;2;26;26;megjelent;15;3;2;6;0;0;26;-;-;-;-
2020;1;Borsod-Abaúj-Zemplén;12;szakgimnázium/szakközépiskola (2016.09.01-től kifutó rendszerben);férfi;nappali;magyar nyelv és irodalom;közép;rendes;Nem;magyar;4;61;61;megjelent;27;8;17;8;0;1;61;-;-;-;-
2020;1;Borsod-Abaúj-Zemplén;12;szakgimnázium/szakközépiskola (2016.09.01-től kifutó rendszerben);férfi;nappali;magyar nyelv és irodalom;közép;rendes;Igen;magyar;3;56;28;megjelent;-;-;-;-;-;-;-;15;3;10;28
2020;1;Borsod-Abaúj-Zemplén;12;szakgimnázium/szakközépiskola (2016.09.01-től kifutó rendszerben);férfi;nappali;magyar nyelv és irodalom;közép;rendes;Nem;magyar;4;64;64;megjelent;24;7;18;12;2;1;64;-;-;-;-
2020;1;Borsod-Abaúj-Zemplén;12;szakgimnázium/szakközépiskola (2016.09.01-től kifutó rendszerben);nő;nappali;magyar nyelv és irodalom;közép;rendes;Nem;magyar;2;32;32;megjelent;19;4;4;5;0;0;32;-;-;-;-
2020;1;Borsod-Abaúj-Zemplén;12;gimnázium;férfi;nappali;magyar nyelv és irodalom;közép;rendes;Nem;magyar;5;86;86;megjelent;31;9;23;15;6;2;86;-;-;-;-
2020;1;Borsod-Abaúj-Zemplén;12;gimnázium;férfi;nappali;magyar nyelv és irodalom;közép;rendes;Nem;magyar;4;76;76;megjelent;31;9;19;13;2;2;76;-;-;-;-
2020;1;Borsod-Abaúj-Zemplén;12;gimnázium;nő;nappali;magyar nyelv és irodalom;közép;rendes;Nem;magyar;4;78;78;megjelent;27;10;20;15;4;2;78;-;-;-;-
2020;1;Borsod-Abaúj-Zemplén;12;gimnázium;férfi;nappali;magyar nyelv és irodalom;közép;rendes;Nem;magyar;4;60;60;megjelent;24;8;14;13;0;1;60;-;-;-;-
2020;1;Borsod-Abaúj-Zemplén;12;gimnázium;férfi;nappali;magyar nyelv és irodalom;közép;rendes;Nem;magyar;4;60;60;megjelent;25;8;14;11;0;2;60;-;-;-;-
2020;1;Borsod-Abaúj-Zemplén;12;szakgimnázium/szakközépiskola (2016.09.01-től kifutó rendszerben);férfi;nappali;magyar nyelv és irodalom;közép;rendes;Nem;magyar;2;36;36;megjelent;14;5;9;7;0;1;36;-;-;-;-
2020;1;Borsod-Abaúj-Zemplén;12;gimnázium;nő;nappali;magyar nyelv és irodalom;közép;rendes;Nem;magyar;3;57;57;megjelent;27;5;12;11;0;2;57;-;-;-;-
2020;1;Borsod-Abaúj-Zemplén;12;gimnázium;férfi;nappali;magyar nyelv és irodalom;közép;rendes;Nem;magyar;4;67;67;megjelent;29;9;15;12;1;1;67;-;-;-;-
2020;1;Borsod-Abaúj-Zemplén;12;gimnázium;férfi;nappali;magyar nyelv és irodalom;közép;rendes;Nem;magyar;4;69;69;megjelent;35;7;14;12;0;1;69;-;-;-;-
2020;1;Borsod-Abaúj-Zemplén;12;gimnázium;nő;nappali;magyar nyelv és irodalom;közép;rendes;Nem;magyar;4;72;72;megjelent;29;6;19;14;2;2;72;-;-;-;-
2020;1;Borsod-Abaúj-Zemplén;12;gimnázium;nő;nappali;magyar nyelv és irodalom;közép;rendes;Nem;magyar;5;92;92;megjelent;37;9;23;14;7;2;92;-;-;-;-
2020;1;Borsod-Abaúj-Zemplén;12;gimnázium;nő;nappali;magyar nyelv és irodalom;közép;rendes;Nem;magyar;5;94;94;megjelent;35;10;25;15;7;2;94;-;-;-;-
2020;1;Borsod-Abaúj-Zemplén;12;gimnázium;nő;nappali;magyar nyelv és irodalom;közép;rendes;Nem;magyar;5;92;92;megjelent;34;10;25;15;7;1;92;-;-;-;-
2020;1;Borsod-Abaúj-Zemplén;12;gimnázium;nő;nappali;magyar nyelv és irodalom;közép;rendes;Nem;magyar;5;99;99;megjelent;39;10;25;15;8;2;99;-;-;-;-
2020;1;Borsod-Abaúj-Zemplén;12;gimnázium;nő;nappali;magyar nyelv és irodalom;közép;rendes;Nem;magyar;5;99;99;megjelent;39;10;25;15;8;2;99;-;-;-;-
2020;1;Borsod-Abaúj-Zemplén;12;szakgimnázium/szakközépiskola (2016.09.01-től kifutó rendszerben);nő;nappali;magyar nyelv és irodalom;közép;rendes;Nem;magyar;3;46;46;megjelent;20;0;14;8;3;1;46;-;-;-;-
2020;1;Borsod-Abaúj-Zemplén;12;szakgimnázium/szakközépiskola (2016.09.01-től kifutó rendszerben);nő;nappali;magyar nyelv és irodalom;közép;rendes;Igen;magyar;3;50;45;megjelent;24;9;6;6;0;0;45;-;-;-;-
2020;1;Borsod-Abaúj-Zemplén;12;szakgimnázium/szakközépiskola (2016.09.01-től kifutó rendszerben);nő;nappali;magyar nyelv és irodalom;közép;rendes;Nem;magyar;4;60;60;megjelent;24;9;14;11;0;2;60;-;-;-;-
2020;1;Borsod-Abaúj-Zemplén;12;szakgimnázium/szakközépiskola (2016.09.01-től kifutó rendszerben);nő;nappali;magyar nyelv és irodalom;közép;rendes;Nem;magyar;3;42;42;megjelent;25;4;5;5;3;0;42;-;-;-;-
2020;1;Borsod-Abaúj-Zemplén;12;szakgimnázium/szakközépiskola (2016.09.01-től kifutó rendszerben);nő;nappali;magyar nyelv és irodalom;közép;rendes;Nem;magyar;3;54;54;megjelent;25;6;12;9;0;2;54;-;-;-;-
2020;1;Borsod-Abaúj-Zemplén;12;szakgimnázium/szakközépiskola (2016.09.01-től kifutó rendszerben);férfi;nappali;magyar nyelv és irodalom;közép;rendes;Igen;magyar;3;56;52;megjelent;24;6;13;7;0;2;52;-;-;-;-
2020;1;Borsod-Abaúj-Zemplén;12;szakgimnázium/szakközépiskola (2016.09.01-től kifutó rendszerben);nő;nappali;magyar nyelv és irodalom;közép;rendes;Nem;magyar;3;46;46;megjelent;21;0;13;10;0;2;46;-;-;-;-
2020;1;Borsod-Abaúj-Zemplén;12;szakgimnázium/szakközépiskola (2016.09.01-től kifutó rendszerben);nő;nappali;magyar nyelv és irodalom;közép;rendes;Nem;magyar;3;40;40;megjelent;24;0;9;7;0;0;40;-;-;-;-
2020;1;Borsod-Abaúj-Zemplén;12;szakgimnázium/szakközépiskola (2016.09.01-től kifutó rendszerben);férfi;nappali;magyar nyelv és irodalom;közép;rendes;Nem;magyar;2;35;35;megjelent;23;0;4;6;0;2;35;-;-;-;-
2020;1;Borsod-Abaúj-Zemplén;12;szakgimnázium/szakközépiskola (2016.09.01-től kifutó rendszerben);nő;nappali;magyar nyelv és irodalom;közép;rendes;Nem;magyar;4;61;61;megjelent;30;8;9;10;2;2;61;-;-;-;-
2020;1;Borsod-Abaúj-Zemplén;12;szakgimnázium/szakközépiskola (2016.09.01-től kifutó rendszerben);nő;nappali;magyar nyelv és irodalom;közép;rendes;Nem;magyar;4;74;74;megjelent;35;0;19;12;6;2;74;-;-;-;-
2020;1;Borsod-Abaúj-Zemplén;12;szakgimnázium/szakközépiskola (2016.09.01-től kifutó rendszerben);nő;nappali;magyar nyelv és irodalom;közép;rendes;Nem;magyar;3;44;44;megjelent;22;7;6;6;2;1;44;-;-;-;-
2020;1;Borsod-Abaúj-Zemplén;12;szakgimnázium/szakközépiskola (2016.09.01-től kifutó rendszerben);férfi;nappali;magyar nyelv és irodalom;közép;rendes;Igen;magyar;3;52;48;megjelent;26;7;9;5;0;1;48;-;-;-;-
2020;1;Borsod-Abaúj-Zemplén;12;szakgimnázium/szakközépiskola (2016.09.01-től kifutó rendszerben);nő;nappali;magyar nyelv és irodalom;közép;rendes;Nem;magyar;4;68;68;megjelent;35;6;16;10;0;1;68;-;-;-;-
2020;1;Borsod-Abaúj-Zemplén;12;szakgimnázium/szakközépiskola (2016.09.01-től kifutó rendszerben);nő;nappali;magyar nyelv és irodalom;közép;rendes;Nem;magyar;3;42;42;megjelent;20;4;9;8;0;1;42;-;-;-;-
2020;1;Borsod-Abaúj-Zemplén;12;szakgimnázium/szakközépiskola (2016.09.01-től kifutó rendszerben);férfi;nappali;magyar nyelv és irodalom;közép;rendes;Igen;magyar;3;53;49;megjelent;21;6;12;10;0;0;49;-;-;-;-
2020;1;Borsod-Abaúj-Zemplén;12;szakgimnázium/szakközépiskola (2016.09.01-től kifutó rendszerben);férfi;nappali;magyar nyelv és irodalom;közép;rendes;Igen;magyar;3;50;45;megjelent;27;4;9;5;0;0;45;-;-;-;-
2020;1;Borsod-Abaúj-Zemplén;12;szakgimnázium/szakközépiskola (2016.09.01-től kifutó rendszerben);férfi;nappali;magyar nyelv és irodalom;közép;rendes;Nem;magyar;4;65;65;megjelent;32;7;15;10;0;1;65;-;-;-;-
2020;1;Borsod-Abaúj-Zemplén;12;szakgimnázium/szakközépiskola (2016.09.01-től kifutó rendszerben);férfi;nappali;magyar nyelv és irodalom;közép;rendes;Igen;magyar;3;43;40;megjelent;28;0;6;6;0;0;40;-;-;-;-
2020;1;Borsod-Abaúj-Zemplén;12;szakgimnázium/szakközépiskola (2016.09.01-től kifutó rendszerben);férfi;nappali;magyar nyelv és irodalom;közép;rendes;Igen;magyar;4;75;68;megjelent;29;8;19;12;0;0;68;-;-;-;-
2020;1;Borsod-Abaúj-Zemplén;12;gimnázium;nő;nappali;magyar nyelv és irodalom;közép;rendes;Nem;magyar;5;81;81;megjelent;29;9;21;13;7;2;81;-;-;-;-
2020;1;Borsod-Abaúj-Zemplén;12;szakgimnázium/szakközépiskola (2016.09.01-től kifutó rendszerben);férfi;nappali;magyar nyelv és irodalom;közép;előrehozott;Igen;magyar;3;41;38;megjelent;26;6;2;4;0;0;38;-;-;-;-
2020;1;Borsod-Abaúj-Zemplén;12;gimnázium;nő;nappali;magyar nyelv és irodalom;közép;rendes;Nem;magyar;4;74;74;megjelent;34;8;19;9;2;2;74;-;-;-;-
2020;1;Borsod-Abaúj-Zemplén;12;szakgimnázium/szakközépiskola (2016.09.01-től kifutó rendszerben);férfi;nappali;magyar nyelv és irodalom;közép;rendes;Nem;magyar;3;51;51;megjelent;23;7;16;5;0;0;51;-;-;-;-
2020;1;Borsod-Abaúj-Zemplén;12;szakgimnázium/szakközépiskola (2016.09.01-től kifutó rendszerben);férfi;nappali;magyar nyelv és irodalom;közép;rendes;Nem;magyar;3;52;52;megjelent;23;8;10;8;3;0;52;-;-;-;-
2020;1;Borsod-Abaúj-Zemplén;12;szakgimnázium/szakközépiskola (2016.09.01-től kifutó rendszerben);férfi;nappali;magyar nyelv és irodalom;közép;rendes;Nem;magyar;2;25;25;megjelent;15;6;1;3;0;0;25;-;-;-;-
2020;1;Borsod-Abaúj-Zemplén;12;szakgimnázium/szakközépiskola (2016.09.01-től kifutó rendszerben);férfi;nappali;magyar nyelv és irodalom;közép;rendes;Nem;magyar;4;67;67;megjelent;26;7;22;11;0;1;67;-;-;-;-
2020;1;Borsod-Abaúj-Zemplén;12;szakgimnázium/szakközépiskola (2016.09.01-től kifutó rendszerben);férfi;nappali;magyar nyelv és irodalom;közép;rendes;Nem;magyar;3;49;49;megjelent;30;5;8;6;0;0;49;-;-;-;-
2020;1;Borsod-Abaúj-Zemplén;12;szakgimnázium/szakközépiskola (2016.09.01-től kifutó rendszerben);férfi;nappali;magyar nyelv és irodalom;közép;rendes;Nem;magyar;3;53;53;megjelent;29;7;9;7;0;1;53;-;-;-;-
2020;1;Borsod-Abaúj-Zemplén;12;szakgimnázium/szakközépiskola (2016.09.01-től kifutó rendszerben);férfi;nappali;magyar nyelv és irodalom;közép;rendes;Nem;magyar;4;60;60;megjelent;29;8;8;9;5;1;60;-;-;-;-
2020;1;Borsod-Abaúj-Zemplén;12;szakgimnázium/szakközépiskola (2016.09.01-től kifutó rendszerben);férfi;nappali;magyar nyelv és irodalom;közép;rendes;Nem;magyar;4;65;65;megjelent;28;6;19;9;3;0;65;-;-;-;-
2020;1;Borsod-Abaúj-Zemplén;12;szakgimnázium/szakközépiskola (2016.09.01-től kifutó rendszerben);férfi;nappali;magyar nyelv és irodalom;közép;rendes;Nem;magyar;4;65;65;megjelent;25;7;19;11;3;0;65;-;-;-;-
2020;1;Borsod-Abaúj-Zemplén;12;szakgimnázium/szakközépiskola (2016.09.01-től kifutó rendszerben);férfi;nappali;magyar nyelv és irodalom;közép;rendes;Nem;magyar;3;44;44;megjelent;24;4;9;7;0;0;44;-;-;-;-
2020;1;Borsod-Abaúj-Zemplén;12;gimnázium;nő;nappali;magyar nyelv és irodalom;közép;rendes;Nem;magyar;5;88;88;megjelent;31;10;23;14;8;2;88;-;-;-;-
2020;1;Borsod-Abaúj-Zemplén;12;gimnázium;férfi;nappali;magyar nyelv és irodalom;közép;rendes;Nem;magyar;4;73;73;megjelent;34;7;19;10;2;1;73;-;-;-;-
2020;1;Borsod-Abaúj-Zemplén;12;szakgimnázium/szakközépiskola (2016.09.01-től kifutó rendszerben);férfi;nappali;magyar nyelv és irodalom;közép;rendes;Nem;magyar;4;61;61;megjelent;25;9;17;10;0;0;61;-;-;-;-
2020;1;Borsod-Abaúj-Zemplén;12;gimnázium;nő;nappali;magyar nyelv és irodalom;közép;rendes;Nem;magyar;5;98;98;megjelent;38;10;25;15;8;2;98;-;-;-;-
2020;1;Borsod-Abaúj-Zemplén;12;szakgimnázium/szakközépiskola (2016.09.01-től kifutó rendszerben);férfi;nappali;magyar nyelv és irodalom;közép;rendes;Nem;magyar;4;60;60;megjelent;22;8;19;11;0;0;60;-;-;-;-
2020;1;Borsod-Abaúj-Zemplén;12;szakgimnázium/szakközépiskola (2016.09.01-től kifutó rendszerben);férfi;nappali;magyar nyelv és irodalom;közép;rendes;Nem;magyar;4;60;60;megjelent;33;7;8;8;4;0;60;-;-;-;-
2020;1;Borsod-Abaúj-Zemplén;12;szakgimnázium/szakközépiskola (2016.09.01-től kifutó rendszerben);férfi;nappali;magyar nyelv és irodalom;közép;rendes;Nem;magyar;3;43;43;megjelent;23;6;10;4;0;0;43;-;-;-;-
2020;1;Borsod-Abaúj-Zemplén;12;szakgimnázium/szakközépiskola (2016.09.01-től kifutó rendszerben);férfi;nappali;magyar nyelv és irodalom;közép;rendes;Nem;magyar;4;60;60;megjelent;23;7;18;12;0;0;60;-;-;-;-
2020;1;Borsod-Abaúj-Zemplén;12;szakgimnázium/szakközépiskola (2016.09.01-től kifutó rendszerben);férfi;nappali;magyar nyelv és irodalom;közép;rendes;Nem;magyar;4;71;71;megjelent;30;9;19;13;0;0;71;-;-;-;-
2020;1;Borsod-Abaúj-Zemplén;12;szakgimnázium/szakközépiskola (2016.09.01-től kifutó rendszerben);férfi;nappali;magyar nyelv és irodalom;közép;rendes;Nem;magyar;3;40;40;megjelent;23;6;4;7;0;0;40;-;-;-;-
2020;1;Borsod-Abaúj-Zemplén;12;szakgimnázium/szakközépiskola (2016.09.01-től kifutó rendszerben);férfi;nappali;magyar nyelv és irodalom;közép;rendes;Nem;magyar;4;76;76;megjelent;33;9;21;12;0;1;76;-;-;-;-
2020;1;Borsod-Abaúj-Zemplén;12;szakgimnázium/szakközépiskola (2016.09.01-től kifutó rendszerben);férfi;nappali;magyar nyelv és irodalom;közép;rendes;Nem;magyar;2;33;33;megjelent;25;4;0;4;0;0;33;-;-;-;-
2020;1;Borsod-Abaúj-Zemplén;12;gimnázium;férfi;nappali;magyar nyelv és irodalom;közép;rendes;Nem;magyar;4;74;74;megjelent;30;9;23;11;1;0;74;-;-;-;-
2020;1;Borsod-Abaúj-Zemplén;12;gimnázium;férfi;nappali;magyar nyelv és irodalom;közép;rendes;Nem;magyar;2;28;28;megjelent;25;0;0;0;3;0;28;-;-;-;-
2020;1;Borsod-Abaúj-Zemplén;12;gimnázium;férfi;nappali;magyar nyelv és irodalom;közép;rendes;Nem;magyar;5;85;85;megjelent;35;10;20;13;6;1;85;-;-;-;-
2020;1;Borsod-Abaúj-Zemplén;12;gimnázium;nő;nappali;magyar nyelv és irodalom;közép;rendes;Nem;magyar;5;95;95;megjelent;36;10;25;15;7;2;95;-;-;-;-
2020;1;Borsod-Abaúj-Zemplén;12;gimnázium;nő;nappali;magyar nyelv és irodalom;közép;rendes;Nem;magyar;5;80;80;megjelent;28;10;20;13;7;2;80;-;-;-;-
2020;1;Borsod-Abaúj-Zemplén;12;gimnázium;férfi;nappali;magyar nyelv és irodalom;közép;rendes;Nem;magyar;4;60;60;megjelent;29;8;9;6;7;1;60;-;-;-;-
2020;1;Borsod-Abaúj-Zemplén;12;gimnázium;férfi;nappali;magyar nyelv és irodalom;közép;rendes;Nem;magyar;5;87;87;megjelent;33;10;20;14;8;2;87;-;-;-;-
2020;1;Borsod-Abaúj-Zemplén;12;gimnázium;nő;nappali;magyar nyelv és irodalom;közép;rendes;Nem;magyar;3;50;50;megjelent;21;7;9;9;3;1;50;-;-;-;-
2020;1;Borsod-Abaúj-Zemplén;12;gimnázium;férfi;nappali;magyar nyelv és irodalom;közép;rendes;Nem;magyar;4;74;74;megjelent;32;8;19;8;6;1;74;-;-;-;-
2020;1;Borsod-Abaúj-Zemplén;12;gimnázium;férfi;nappali;magyar nyelv és irodalom;közép;rendes;Nem;magyar;5;81;81;megjelent;33;10;19;12;6;1;81;-;-;-;-
2020;1;Borsod-Abaúj-Zemplén;12;gimnázium;férfi;nappali;magyar nyelv és irodalom;közép;rendes;Nem;magyar;3;58;58;megjelent;27;8;15;7;0;1;58;-;-;-;-
2020;1;Borsod-Abaúj-Zemplén;12;gimnázium;nő;nappali;magyar nyelv és irodalom;közép;rendes;Nem;magyar;4;62;62;megjelent;22;9;13;11;5;2;62;-;-;-;-
2020;1;Borsod-Abaúj-Zemplén;12;gimnázium;férfi;nappali;magyar nyelv és irodalom;közép;rendes;Nem;magyar;4;73;73;megjelent;32;10;20;10;0;1;73;-;-;-;-
2020;1;Borsod-Abaúj-Zemplén;12;gimnázium;férfi;nappali;magyar nyelv és irodalom;közép;rendes;Nem;magyar;4;63;63;megjelent;27;9;15;7;4;1;63;-;-;-;-
2020;1;Borsod-Abaúj-Zemplén;12;gimnázium;férfi;nappali;magyar nyelv és irodalom;közép;rendes;Nem;magyar;3;53;53;megjelent;31;8;8;6;0;0;53;-;-;-;-
2020;1;Borsod-Abaúj-Zemplén;12;gimnázium;nő;nappali;magyar nyelv és irodalom;közép;rendes;Nem;magyar;5;87;87;megjelent;30;10;23;15;8;1;87;-;-;-;-
2020;1;Borsod-Abaúj-Zemplén;12;gimnázium;nő;nappali;magyar nyelv és irodalom;közép;rendes;Nem;magyar;4;63;63;megjelent;26;8;11;10;7;1;63;-;-;-;-
2020;1;Borsod-Abaúj-Zemplén;12;gimnázium;nő;nappali;magyar nyelv és irodalom;közép;rendes;Nem;magyar;4;70;70;megjelent;27;7;16;13;6;1;70;-;-;-;-
2020;1;Borsod-Abaúj-Zemplén;12;gimnázium;nő;nappali;magyar nyelv és irodalom;közép;rendes;Nem;magyar;5;89;89;megjelent;34;10;23;14;6;2;89;-;-;-;-
2020;1;Borsod-Abaúj-Zemplén;12;gimnázium;nő;nappali;magyar nyelv és irodalom;közép;rendes;Nem;magyar;5;81;81;megjelent;33;7;21;13;6;1;81;-;-;-;-
2020;1;Borsod-Abaúj-Zemplén;12;gimnázium;férfi;nappali;magyar nyelv és irodalom;közép;rendes;Nem;magyar;3;46;46;megjelent;17;8;14;6;0;1;46;-;-;-;-
2020;1;Borsod-Abaúj-Zemplén;12;gimnázium;férfi;nappali;magyar nyelv és irodalom;közép;rendes;Nem;magyar;4;68;68;megjelent;27;9;18;9;4;1;68;-;-;-;-
2020;1;Borsod-Abaúj-Zemplén;12;gimnázium;férfi;nappali;magyar nyelv és irodalom;közép;rendes;Nem;magyar;4;76;76;megjelent;28;8;19;11;8;2;76;-;-;-;-
2020;1;Borsod-Abaúj-Zemplén;12;gimnázium;férfi;nappali;magyar nyelv és irodalom;közép;rendes;Nem;magyar;4;72;72;megjelent;33;9;18;10;1;1;72;-;-;-;-
2020;1;Borsod-Abaúj-Zemplén;12;gimnázium;nő;nappali;magyar nyelv és irodalom;közép;rendes;Nem;magyar;5;91;91;megjelent;32;10;25;15;8;1;91;-;-;-;-
2020;1;Borsod-Abaúj-Zemplén;12;gimnázium;nő;nappali;magyar nyelv és irodalom;közép;rendes;Nem;magyar;5;81;81;megjelent;30;8;20;13;8;2;81;-;-;-;-
2020;1;Borsod-Abaúj-Zemplén;12;gimnázium;férfi;nappali;magyar nyelv és irodalom;közép;rendes;Nem;magyar;3;44;44;megjelent;24;8;5;6;0;1;44;-;-;-;-
2020;1;Borsod-Abaúj-Zemplén;12;gimnázium;férfi;nappali;magyar nyelv és irodalom;közép;rendes;Nem;magyar;3;43;43;megjelent;22;9;5;6;0;1;43;-;-;-;-
2020;1;Borsod-Abaúj-Zemplén;12;szakgimnázium/szakközépiskola (2016.09.01-től kifutó rendszerben);nő;nappali;magyar nyelv és irodalom;közép;rendes;Nem;magyar;2;26;26;megjelent;10;5;4;6;0;1;26;-;-;-;-
2020;1;Borsod-Abaúj-Zemplén;12;szakgimnázium/szakközépiskola (2016.09.01-től kifutó rendszerben);nő;nappali;magyar nyelv és irodalom;közép;rendes;Nem;magyar;3;52;52;megjelent;27;8;7;8;0;2;52;-;-;-;-
2020;1;Borsod-Abaúj-Zemplén;12;gimnázium;nő;nappali;magyar nyelv és irodalom;közép;rendes;Nem;magyar;5;81;81;megjelent;29;9;22;14;5;2;81;-;-;-;-
2020;1;Borsod-Abaúj-Zemplén;12;gimnázium;nő;nappali;magyar nyelv és irodalom;közép;rendes;Nem;magyar;5;83;83;megjelent;29;9;23;14;6;2;83;-;-;-;-
2020;1;Borsod-Abaúj-Zemplén;12;gimnázium;nő;nappali;magyar nyelv és irodalom;közép;rendes;Nem;magyar;4;77;77;megjelent;27;9;20;14;5;2;77;-;-;-;-
2020;1;Borsod-Abaúj-Zemplén;12;gimnázium;férfi;nappali;magyar nyelv és irodalom;közép;rendes;Nem;magyar;5;89;89;megjelent;34;9;22;14;8;2;89;-;-;-;-
2020;1;Borsod-Abaúj-Zemplén;12;gimnázium;férfi;nappali;magyar nyelv és irodalom;közép;rendes;Nem;magyar;5;93;93;megjelent;37;9;22;15;8;2;93;-;-;-;-
2020;1;Borsod-Abaúj-Zemplén;12;gimnázium;nő;nappali;magyar nyelv és irodalom;közép;rendes;Nem;magyar;4;73;73;megjelent;29;9;19;14;0;2;73;-;-;-;-
2020;1;Borsod-Abaúj-Zemplén;12;gimnázium;nő;nappali;magyar nyelv és irodalom;közép;rendes;Nem;magyar;3;59;59;megjelent;19;8;14;12;4;2;59;-;-;-;-
2020;1;Borsod-Abaúj-Zemplén;12;gimnázium;férfi;nappali;magyar nyelv és irodalom;közép;rendes;Nem;magyar;4;65;65;megjelent;30;9;12;13;0;1;65;-;-;-;-
2020;1;Borsod-Abaúj-Zemplén;12;gimnázium;nő;nappali;magyar nyelv és irodalom;közép;rendes;Nem;magyar;5;90;90;megjelent;32;9;24;15;8;2;90;-;-;-;-
2020;1;Borsod-Abaúj-Zemplén;12;szakgimnázium/szakközépiskola (2016.09.01-től kifutó rendszerben);férfi;nappali;magyar nyelv és irodalom;közép;rendes;Nem;magyar;3;40;40;megjelent;18;4;10;7;0;1;40;-;-;-;-
2020;1;Borsod-Abaúj-Zemplén;12;szakgimnázium/szakközépiskola (2016.09.01-től kifutó rendszerben);férfi;nappali;magyar nyelv és irodalom;közép;rendes;Nem;magyar;4;63;63;megjelent;33;6;14;9;0;1;63;-;-;-;-
2020;1;Borsod-Abaúj-Zemplén;12;szakgimnázium/szakközépiskola (2016.09.01-től kifutó rendszerben);férfi;nappali;magyar nyelv és irodalom;közép;rendes;Nem;magyar;4;76;76;megjelent;31;9;21;13;0;2;76;-;-;-;-
2020;1;Borsod-Abaúj-Zemplén;12;szakgimnázium/szakközépiskola (2016.09.01-től kifutó rendszerben);férfi;nappali;magyar nyelv és irodalom;közép;rendes;Nem;magyar;4;61;61;megjelent;28;5;17;10;0;1;61;-;-;-;-
2020;1;Borsod-Abaúj-Zemplén;12;szakgimnázium/szakközépiskola (2016.09.01-től kifutó rendszerben);férfi;nappali;magyar nyelv és irodalom;közép;rendes;Nem;magyar;3;50;50;megjelent;25;5;11;7;0;2;50;-;-;-;-
2020;1;Borsod-Abaúj-Zemplén;12;szakgimnázium/szakközépiskola (2016.09.01-től kifutó rendszerben);férfi;nappali;magyar nyelv és irodalom;közép;rendes;Nem;magyar;3;42;42;megjelent;15;6;12;7;0;2;42;-;-;-;-
2020;1;Borsod-Abaúj-Zemplén;12;szakgimnázium/szakközépiskola (2016.09.01-től kifutó rendszerben);férfi;nappali;magyar nyelv és irodalom;közép;rendes;Nem;magyar;2;25;25;megjelent;20;4;0;0;0;1;25;-;-;-;-
2020;1;Borsod-Abaúj-Zemplén;12;szakgimnázium/szakközépiskola (2016.09.01-től kifutó rendszerben);férfi;nappali;magyar nyelv és irodalom;közép;rendes;Nem;magyar;3;43;43;megjelent;21;4;13;5;0;0;43;-;-;-;-
2020;1;Borsod-Abaúj-Zemplén;12;szakgimnázium/szakközépiskola (2016.09.01-től kifutó rendszerben);férfi;nappali;magyar nyelv és irodalom;közép;rendes;Nem;magyar;4;68;68;megjelent;34;7;14;11;0;2;68;-;-;-;-
2020;1;Borsod-Abaúj-Zemplén;12;szakgimnázium/szakközépiskola (2016.09.01-től kifutó rendszerben);férfi;nappali;magyar nyelv és irodalom;közép;rendes;Nem;magyar;3;52;52;megjelent;24;5;14;8;0;1;52;-;-;-;-
2020;1;Borsod-Abaúj-Zemplén;12;szakgimnázium/szakközépiskola (2016.09.01-től kifutó rendszerben);férfi;nappali;magyar nyelv és irodalom;közép;rendes;Nem;magyar;3;53;53;megjelent;28;3;12;8;0;2;53;-;-;-;-
2020;1;Borsod-Abaúj-Zemplén;12;szakgimnázium/szakközépiskola (2016.09.01-től kifutó rendszerben);férfi;nappali;magyar nyelv és irodalom;közép;rendes;Igen;magyar;4;69;64;megjelent;36;6;14;6;0;2;64;-;-;-;-
2020;1;Borsod-Abaúj-Zemplén;12;szakgimnázium/szakközépiskola (2016.09.01-től kifutó rendszerben);férfi;nappali;magyar nyelv és irodalom;közép;rendes;Nem;magyar;3;50;50;megjelent;23;7;13;6;0;1;50;-;-;-;-
2020;1;Borsod-Abaúj-Zemplén;12;szakgimnázium/szakközépiskola (2016.09.01-től kifutó rendszerben);nő;nappali;magyar nyelv és irodalom;közép;rendes;Nem;magyar;3;46;46;megjelent;21;3;11;8;1;2;46;-;-;-;-
2020;1;Borsod-Abaúj-Zemplén;12;szakgimnázium/szakközépiskola (2016.09.01-től kifutó rendszerben);férfi;nappali;magyar nyelv és irodalom;közép;rendes;Nem;magyar;2;29;29;megjelent;17;3;4;4;0;1;29;-;-;-;-
2020;1;Borsod-Abaúj-Zemplén;12;szakgimnázium/szakközépiskola (2016.09.01-től kifutó rendszerben);férfi;nappali;magyar nyelv és irodalom;közép;rendes;Nem;magyar;2;26;26;megjelent;22;0;2;2;0;0;26;-;-;-;-
2020;1;Borsod-Abaúj-Zemplén;12;szakgimnázium/szakközépiskola (2016.09.01-től kifutó rendszerben);nő;nappali;magyar nyelv és irodalom;közép;rendes;Nem;magyar;4;68;68;megjelent;29;8;19;12;0;0;68;-;-;-;-
2020;1;Borsod-Abaúj-Zemplén;12;szakgimnázium/szakközépiskola (2016.09.01-től kifutó rendszerben);nő;nappali;magyar nyelv és irodalom;közép;rendes;Nem;magyar;3;46;46;megjelent;23;4;8;9;0;2;46;-;-;-;-
2020;1;Borsod-Abaúj-Zemplén;12;szakgimnázium/szakközépiskola (2016.09.01-től kifutó rendszerben);nő;nappali;magyar nyelv és irodalom;közép;rendes;Nem;magyar;2;25;25;megjelent;13;4;4;4;0;0;25;-;-;-;-
2020;1;Borsod-Abaúj-Zemplén;12;szakgimnázium/szakközépiskola (2016.09.01-től kifutó rendszerben);férfi;nappali;magyar nyelv és irodalom;közép;rendes;Nem;magyar;2;27;27;megjelent;19;3;2;2;0;1;27;-;-;-;-
2020;1;Borsod-Abaúj-Zemplén;12;gimnázium;férfi;nappali;magyar nyelv és irodalom;közép;rendes;Nem;magyar;3;51;51;megjelent;28;6;10;6;0;1;51;-;-;-;-
2020;1;Borsod-Abaúj-Zemplén;12;szakgimnázium/szakközépiskola (2016.09.01-től kifutó rendszerben);férfi;nappali;magyar nyelv és irodalom;közép;rendes;Nem;magyar;2;32;48;megjelent;13;2;2;4;0;1;22;12;6;8;26
2020;1;Borsod-Abaúj-Zemplén;12;gimnázium;nő;nappali;magyar nyelv és irodalom;közép;rendes;Nem;magyar;4;73;73;megjelent;33;8;17;9;4;2;73;-;-;-;-
2020;1;Borsod-Abaúj-Zemplén;12;szakgimnázium/szakközépiskola (2016.09.01-től kifutó rendszerben);férfi;nappali;magyar nyelv és irodalom;közép;rendes;Nem;magyar;4;61;61;megjelent;24;8;17;10;0;2;61;-;-;-;-
2020;1;Borsod-Abaúj-Zemplén;12;szakgimnázium/szakközépiskola (2016.09.01-től kifutó rendszerben);férfi;nappali;magyar nyelv és irodalom;közép;rendes;Nem;magyar;4;73;73;megjelent;30;8;20;13;0;2;73;-;-;-;-
2020;1;Borsod-Abaúj-Zemplén;12;szakgimnázium/szakközépiskola (2016.09.01-től kifutó rendszerben);férfi;nappali;magyar nyelv és irodalom;közép;rendes;Nem;magyar;5;81;81;megjelent;34;9;22;14;0;2;81;-;-;-;-
2020;1;Borsod-Abaúj-Zemplén;12;szakgimnázium/szakközépiskola (2016.09.01-től kifutó rendszerben);férfi;nappali;magyar nyelv és irodalom;közép;rendes;Nem;magyar;3;50;50;megjelent;26;4;13;6;0;1;50;-;-;-;-
2020;1;Borsod-Abaúj-Zemplén;12;szakgimnázium/szakközépiskola (2016.09.01-től kifutó rendszerben);férfi;nappali;magyar nyelv és irodalom;közép;rendes;Nem;magyar;5;82;82;megjelent;35;9;22;14;0;2;82;-;-;-;-
2020;1;Borsod-Abaúj-Zemplén;12;szakgimnázium/szakközépiskola (2016.09.01-től kifutó rendszerben);férfi;nappali;magyar nyelv és irodalom;közép;rendes;Nem;magyar;3;51;51;megjelent;27;3;15;5;0;1;51;-;-;-;-
2020;1;Borsod-Abaúj-Zemplén;12;szakgimnázium/szakközépiskola (2016.09.01-től kifutó rendszerben);férfi;nappali;magyar nyelv és irodalom;közép;rendes;Nem;magyar;4;71;71;megjelent;33;9;14;14;0;1;71;-;-;-;-
2020;1;Borsod-Abaúj-Zemplén;12;szakgimnázium/szakközépiskola (2016.09.01-től kifutó rendszerben);férfi;nappali;magyar nyelv és irodalom;közép;rendes;Nem;magyar;3;49;49;megjelent;27;7;8;7;0;0;49;-;-;-;-
2020;1;Borsod-Abaúj-Zemplén;12;szakgimnázium/szakközépiskola (2016.09.01-től kifutó rendszerben);nő;nappali;magyar nyelv és irodalom;közép;rendes;Nem;magyar;3;50;50;megjelent;17;6;12;9;5;1;50;-;-;-;-
2020;1;Borsod-Abaúj-Zemplén;12;gimnázium;nő;nappali;magyar nyelv és irodalom;közép;rendes;Nem;magyar;4;61;61;megjelent;31;5;16;8;0;1;61;-;-;-;-
2020;1;Borsod-Abaúj-Zemplén;12;gimnázium;nő;nappali;magyar nyelv és irodalom;közép;rendes;Nem;magyar;4;74;74;megjelent;36;6;19;9;2;2;74;-;-;-;-
2020;1;Borsod-Abaúj-Zemplén;12;szakgimnázium/szakközépiskola (2016.09.01-től kifutó rendszerben);férfi;nappali;magyar nyelv és irodalom;közép;rendes;Nem;magyar;5;83;83;megjelent;36;10;19;14;2;2;83;-;-;-;-
2020;1;Borsod-Abaúj-Zemplén;12;szakgimnázium/szakközépiskola (2016.09.01-től kifutó rendszerben);férfi;nappali;magyar nyelv és irodalom;közép;rendes;Nem;magyar;4;64;64;megjelent;31;7;13;11;0;2;64;-;-;-;-
2020;1;Borsod-Abaúj-Zemplén;12;szakgimnázium/szakközépiskola (2016.09.01-től kifutó rendszerben);férfi;nappali;magyar nyelv és irodalom;közép;rendes;Nem;magyar;5;80;80;megjelent;35;9;19;15;0;2;80;-;-;-;-
2020;1;Borsod-Abaúj-Zemplén;12;szakgimnázium/szakközépiskola (2016.09.01-től kifutó rendszerben);férfi;nappali;magyar nyelv és irodalom;közép;rendes;Nem;magyar;2;28;28;megjelent;22;4;0;0;0;2;28;-;-;-;-
2020;1;Borsod-Abaúj-Zemplén;12;szakgimnázium/szakközépiskola (2016.09.01-től kifutó rendszerben);férfi;nappali;magyar nyelv és irodalom;közép;rendes;Nem;magyar;4;60;60;megjelent;32;6;11;9;0;2;60;-;-;-;-
2020;1;Borsod-Abaúj-Zemplén;12;szakgimnázium/szakközépiskola (2016.09.01-től kifutó rendszerben);férfi;nappali;magyar nyelv és irodalom;közép;rendes;Nem;magyar;3;55;55;megjelent;28;9;7;10;0;1;55;-;-;-;-
2020;1;Borsod-Abaúj-Zemplén;12;szakgimnázium/szakközépiskola (2016.09.01-től kifutó rendszerben);férfi;nappali;magyar nyelv és irodalom;közép;rendes;Nem;magyar;4;60;60;megjelent;32;7;11;8;0;2;60;-;-;-;-
2020;1;Borsod-Abaúj-Zemplén;12;szakgimnázium/szakközépiskola (2016.09.01-től kifutó rendszerben);férfi;nappali;magyar nyelv és irodalom;közép;rendes;Nem;magyar;3;46;46;megjelent;29;3;7;7;0;0;46;-;-;-;-
2020;1;Borsod-Abaúj-Zemplén;12;szakgimnázium/szakközépiskola (2016.09.01-től kifutó rendszerben);férfi;nappali;magyar nyelv és irodalom;közép;rendes;Nem;magyar;4;68;68;megjelent;35;8;14;11;0;0;68;-;-;-;-
2020;1;Borsod-Abaúj-Zemplén;12;szakgimnázium/szakközépiskola (2016.09.01-től kifutó rendszerben);férfi;nappali;magyar nyelv és irodalom;közép;rendes;Nem;magyar;5;83;83;megjelent;36;9;18;14;4;2;83;-;-;-;-
2020;1;Borsod-Abaúj-Zemplén;12;szakgimnázium/szakközépiskola (2016.09.01-től kifutó rendszerben);férfi;nappali;magyar nyelv és irodalom;közép;rendes;Nem;magyar;3;49;49;megjelent;23;7;9;9;0;1;49;-;-;-;-
2020;1;Borsod-Abaúj-Zemplén;12;szakgimnázium/szakközépiskola (2016.09.01-től kifutó rendszerben);férfi;nappali;magyar nyelv és irodalom;közép;rendes;Nem;magyar;4;62;62;megjelent;29;7;12;11;1;2;62;-;-;-;-
2020;1;Borsod-Abaúj-Zemplén;12;szakgimnázium/szakközépiskola (2016.09.01-től kifutó rendszerben);férfi;nappali;magyar nyelv és irodalom;közép;rendes;Nem;magyar;2;25;25;megjelent;14;2;5;4;0;0;25;-;-;-;-
2020;1;Borsod-Abaúj-Zemplén;12;szakgimnázium/szakközépiskola (2016.09.01-től kifutó rendszerben);nő;nappali;magyar nyelv és irodalom;közép;rendes;Nem;magyar;3;53;53;megjelent;27;7;9;9;1;0;53;-;-;-;-
2020;1;Borsod-Abaúj-Zemplén;12;szakgimnázium/szakközépiskola (2016.09.01-től kifutó rendszerben);férfi;nappali;magyar nyelv és irodalom;közép;rendes;Nem;magyar;3;47;47;megjelent;27;3;9;7;0;1;47;-;-;-;-
2020;1;Borsod-Abaúj-Zemplén;12;szakgimnázium/szakközépiskola (2016.09.01-től kifutó rendszerben);férfi;nappali;magyar nyelv és irodalom;közép;rendes;Nem;magyar;2;33;33;megjelent;23;2;5;3;0;0;33;-;-;-;-
2020;1;Borsod-Abaúj-Zemplén;12;szakgimnázium/szakközépiskola (2016.09.01-től kifutó rendszerben);férfi;nappali;magyar nyelv és irodalom;közép;rendes;Nem;magyar;4;61;61;megjelent;31;6;14;10;0;0;61;-;-;-;-
2020;1;Borsod-Abaúj-Zemplén;12;szakgimnázium/szakközépiskola (2016.09.01-től kifutó rendszerben);nő;nappali;magyar nyelv és irodalom;közép;rendes;Nem;magyar;3;40;40;megjelent;21;4;8;6;0;1;40;-;-;-;-
2020;1;Borsod-Abaúj-Zemplén;12;szakgimnázium/szakközépiskola (2016.09.01-től kifutó rendszerben);férfi;nappali;magyar nyelv és irodalom;közép;rendes;Nem;magyar;4;60;60;megjelent;30;6;14;10;0;0;60;-;-;-;-
2020;1;Borsod-Abaúj-Zemplén;12;szakgimnázium/szakközépiskola (2016.09.01-től kifutó rendszerben);férfi;nappali;magyar nyelv és irodalom;közép;rendes;Nem;magyar;2;26;26;megjelent;17;3;4;2;0;0;26;-;-;-;-
2020;1;Borsod-Abaúj-Zemplén;12;szakgimnázium/szakközépiskola (2016.09.01-től kifutó rendszerben);férfi;nappali;magyar nyelv és irodalom;közép;rendes;Nem;magyar;3;54;54;megjelent;31;6;9;8;0;0;54;-;-;-;-
2020;1;Borsod-Abaúj-Zemplén;12;szakgimnázium/szakközépiskola (2016.09.01-től kifutó rendszerben);férfi;nappali;magyar nyelv és irodalom;közép;rendes;Nem;magyar;4;60;60;megjelent;31;8;9;10;0;2;60;-;-;-;-
2020;1;Borsod-Abaúj-Zemplén;12;szakgimnázium/szakközépiskola (2016.09.01-től kifutó rendszerben);férfi;nappali;magyar nyelv és irodalom;közép;rendes;Nem;magyar;4;62;62;megjelent;34;8;10;9;0;1;62;-;-;-;-
2020;1;Borsod-Abaúj-Zemplén;12;szakgimnázium/szakközépiskola (2016.09.01-től kifutó rendszerben);férfi;nappali;magyar nyelv és irodalom;közép;rendes;Nem;magyar;3;44;44;megjelent;28;5;5;6;0;0;44;-;-;-;-
2020;1;Borsod-Abaúj-Zemplén;12;szakgimnázium/szakközépiskola (2016.09.01-től kifutó rendszerben);férfi;nappali;magyar nyelv és irodalom;közép;rendes;Nem;magyar;3;43;43;megjelent;18;4;13;8;0;0;43;-;-;-;-
2020;1;Borsod-Abaúj-Zemplén;12;gimnázium;nő;nappali;magyar nyelv és irodalom;közép;rendes;Nem;magyar;4;69;69;megjelent;33;9;15;10;0;2;69;-;-;-;-
2020;1;Borsod-Abaúj-Zemplén;12;szakgimnázium/szakközépiskola (2016.09.01-től kifutó rendszerben);nő;nappali;magyar nyelv és irodalom;közép;rendes;Nem;magyar;2;26;26;megjelent;18;3;2;3;0;0;26;-;-;-;-
2020;1;Borsod-Abaúj-Zemplén;12;szakgimnázium/szakközépiskola (2016.09.01-től kifutó rendszerben);férfi;nappali;magyar nyelv és irodalom;közép;rendes;Nem;magyar;3;50;50;megjelent;25;4;11;10;0;0;50;-;-;-;-
2020;1;Borsod-Abaúj-Zemplén;12;gimnázium;nő;nappali;magyar nyelv és irodalom;közép;rendes;Nem;magyar;4;65;65;megjelent;26;9;14;13;1;2;65;-;-;-;-
2020;1;Borsod-Abaúj-Zemplén;12;szakgimnázium/szakközépiskola (2016.09.01-től kifutó rendszerben);férfi;nappali;magyar nyelv és irodalom;közép;rendes;Nem;magyar;3;43;43;megjelent;26;5;5;6;0;1;43;-;-;-;-
2020;1;Borsod-Abaúj-Zemplén;12;szakgimnázium/szakközépiskola (2016.09.01-től kifutó rendszerben);férfi;nappali;magyar nyelv és irodalom;közép;rendes;Nem;magyar;3;56;56;megjelent;31;0;15;10;0;0;56;-;-;-;-
2020;1;Borsod-Abaúj-Zemplén;12;szakgimnázium/szakközépiskola (2016.09.01-től kifutó rendszerben);férfi;nappali;magyar nyelv és irodalom;közép;rendes;Nem;magyar;4;64;64;megjelent;35;8;11;10;0;0;64;-;-;-;-
2020;1;Borsod-Abaúj-Zemplén;12;gimnázium;nő;nappali;magyar nyelv és irodalom;közép;rendes;Nem;magyar;2;32;32;megjelent;17;7;4;4;0;0;32;-;-;-;-
2020;1;Borsod-Abaúj-Zemplén;12;szakgimnázium/szakközépiskola (2016.09.01-től kifutó rendszerben);férfi;nappali;magyar nyelv és irodalom;közép;rendes;Nem;magyar;3;42;42;megjelent;22;4;7;7;0;2;42;-;-;-;-
2020;1;Borsod-Abaúj-Zemplén;12;szakgimnázium/szakközépiskola (2016.09.01-től kifutó rendszerben);nő;nappali;magyar nyelv és irodalom;közép;rendes;Nem;magyar;4;61;61;megjelent;20;9;19;11;0;2;61;-;-;-;-
2020;1;Borsod-Abaúj-Zemplén;12;szakgimnázium/szakközépiskola (2016.09.01-től kifutó rendszerben);férfi;nappali;magyar nyelv és irodalom;közép;rendes;Nem;magyar;3;44;44;megjelent;27;5;6;6;0;0;44;-;-;-;-
2020;1;Borsod-Abaúj-Zemplén;12;szakgimnázium/szakközépiskola (2016.09.01-től kifutó rendszerben);férfi;nappali;magyar nyelv és irodalom;közép;rendes;Nem;magyar;3;41;41;megjelent;26;7;1;7;0;0;41;-;-;-;-
2020;1;Borsod-Abaúj-Zemplén;12;gimnázium;férfi;nappali;magyar nyelv és irodalom;közép;rendes;Nem;magyar;3;50;50;megjelent;32;2;9;7;0;0;50;-;-;-;-
2020;1;Borsod-Abaúj-Zemplén;12;szakgimnázium/szakközépiskola (2016.09.01-től kifutó rendszerben);férfi;nappali;magyar nyelv és irodalom;közép;rendes;Nem;magyar;3;49;49;megjelent;25;5;10;8;0;1;49;-;-;-;-
2020;1;Borsod-Abaúj-Zemplén;12;szakgimnázium/szakközépiskola (2016.09.01-től kifutó rendszerben);nő;nappali;magyar nyelv és irodalom;közép;rendes;Nem;magyar;3;51;51;megjelent;17;6;18;9;0;1;51;-;-;-;-
2020;1;Borsod-Abaúj-Zemplén;12;gimnázium;férfi;nappali;magyar nyelv és irodalom;közép;rendes;Nem;magyar;4;66;66;megjelent;29;7;16;11;1;2;66;-;-;-;-
2020;1;Borsod-Abaúj-Zemplén;12;gimnázium;nő;nappali;magyar nyelv és irodalom;közép;rendes;Nem;magyar;4;67;67;megjelent;32;8;15;10;0;2;67;-;-;-;-
2020;1;Borsod-Abaúj-Zemplén;12;gimnázium;nő;nappali;magyar nyelv és irodalom;közép;rendes;Nem;magyar;4;73;73;megjelent;29;10;20;12;0;2;73;-;-;-;-
2020;1;Borsod-Abaúj-Zemplén;12;szakgimnázium/szakközépiskola (2016.09.01-től kifutó rendszerben);férfi;nappali;magyar nyelv és irodalom;közép;rendes;Nem;magyar;3;42;42;megjelent;28;3;5;6;0;0;42;-;-;-;-
2020;1;Borsod-Abaúj-Zemplén;12;szakgimnázium/szakközépiskola (2016.09.01-től kifutó rendszerben);férfi;nappali;magyar nyelv és irodalom;közép;rendes;Nem;magyar;3;51;51;megjelent;29;6;10;6;0;0;51;-;-;-;-
2020;1;Borsod-Abaúj-Zemplén;12;szakgimnázium/szakközépiskola (2016.09.01-től kifutó rendszerben);férfi;nappali;magyar nyelv és irodalom;közép;rendes;Nem;magyar;2;31;31;megjelent;19;5;1;6;0;0;31;-;-;-;-
2020;1;Borsod-Abaúj-Zemplén;12;szakgimnázium/szakközépiskola (2016.09.01-től kifutó rendszerben);férfi;nappali;magyar nyelv és irodalom;közép;rendes;Nem;magyar;3;50;50;megjelent;22;8;10;8;2;0;50;-;-;-;-
2020;1;Borsod-Abaúj-Zemplén;12;szakgimnázium/szakközépiskola (2016.09.01-től kifutó rendszerben);férfi;nappali;magyar nyelv és irodalom;közép;rendes;Nem;magyar;3;41;41;megjelent;26;4;4;7;0;0;41;-;-;-;-
2020;1;Borsod-Abaúj-Zemplén;12;szakgimnázium/szakközépiskola (2016.09.01-től kifutó rendszerben);férfi;nappali;magyar nyelv és irodalom;közép;rendes;Nem;magyar;2;38;38;megjelent;21;8;1;6;2;0;38;-;-;-;-
2020;1;Borsod-Abaúj-Zemplén;12;szakgimnázium/szakközépiskola (2016.09.01-től kifutó rendszerben);férfi;nappali;magyar nyelv és irodalom;közép;rendes;Nem;magyar;2;33;33;megjelent;30;0;1;2;0;0;33;-;-;-;-
2020;1;Borsod-Abaúj-Zemplén;12;szakgimnázium/szakközépiskola (2016.09.01-től kifutó rendszerben);férfi;nappali;magyar nyelv és irodalom;közép;rendes;Nem;magyar;4;63;63;megjelent;27;8;15;8;4;1;63;-;-;-;-
2020;1;Borsod-Abaúj-Zemplén;12;szakgimnázium/szakközépiskola (2016.09.01-től kifutó rendszerben);nő;nappali;magyar nyelv és irodalom;közép;rendes;Nem;magyar;4;73;73;megjelent;33;9;19;12;0;0;73;-;-;-;-
2020;1;Borsod-Abaúj-Zemplén;12;szakgimnázium/szakközépiskola (2016.09.01-től kifutó rendszerben);férfi;nappali;magyar nyelv és irodalom;közép;rendes;Nem;magyar;4;78;78;megjelent;31;9;25;13;0;0;78;-;-;-;-
2020;1;Borsod-Abaúj-Zemplén;12;szakgimnázium/szakközépiskola (2016.09.01-től kifutó rendszerben);nő;nappali;magyar nyelv és irodalom;közép;rendes;Nem;magyar;3;44;44;megjelent;21;5;8;9;0;1;44;-;-;-;-
2020;1;Borsod-Abaúj-Zemplén;12;szakgimnázium/szakközépiskola (2016.09.01-től kifutó rendszerben);férfi;nappali;magyar nyelv és irodalom;közép;rendes;Nem;magyar;5;86;86;megjelent;35;7;25;15;4;0;86;-;-;-;-
2020;1;Borsod-Abaúj-Zemplén;12;szakgimnázium/szakközépiskola (2016.09.01-től kifutó rendszerben);férfi;nappali;magyar nyelv és irodalom;közép;rendes;Nem;magyar;2;34;34;megjelent;27;6;0;0;1;0;34;-;-;-;-
2020;1;Borsod-Abaúj-Zemplén;12;szakgimnázium/szakközépiskola (2016.09.01-től kifutó rendszerben);férfi;nappali;magyar nyelv és irodalom;közép;rendes;Nem;magyar;4;67;67;megjelent;29;7;19;11;0;1;67;-;-;-;-
2020;1;Borsod-Abaúj-Zemplén;12;gimnázium;nő;nappali;magyar nyelv és irodalom;közép;rendes;Nem;magyar;5;98;98;megjelent;38;10;25;15;8;2;98;-;-;-;-
2020;1;Borsod-Abaúj-Zemplén;12;szakgimnázium/szakközépiskola (2016.09.01-től kifutó rendszerben);férfi;nappali;magyar nyelv és irodalom;közép;rendes;Nem;magyar;2;35;35;megjelent;23;4;4;4;0;0;35;-;-;-;-
2020;1;Borsod-Abaúj-Zemplén;12;szakgimnázium/szakközépiskola (2016.09.01-től kifutó rendszerben);férfi;nappali;magyar nyelv és irodalom;közép;rendes;Nem;magyar;3;40;40;megjelent;24;4;5;5;2;0;40;-;-;-;-
2020;1;Borsod-Abaúj-Zemplén;12;gimnázium;nő;nappali;magyar nyelv és irodalom;közép;rendes;Nem;magyar;4;62;62;megjelent;26;6;17;12;0;1;62;-;-;-;-
2020;1;Borsod-Abaúj-Zemplén;12;szakgimnázium/szakközépiskola (2016.09.01-től kifutó rendszerben);férfi;nappali;magyar nyelv és irodalom;közép;rendes;Nem;magyar;3;48;48;megjelent;24;6;9;7;2;0;48;-;-;-;-
2020;1;Borsod-Abaúj-Zemplén;12;szakgimnázium/szakközépiskola (2016.09.01-től kifutó rendszerben);nő;nappali;magyar nyelv és irodalom;közép;rendes;Nem;magyar;4;69;69;megjelent;30;10;14;11;2;2;69;-;-;-;-
2020;1;Borsod-Abaúj-Zemplén;12;szakgimnázium/szakközépiskola (2016.09.01-től kifutó rendszerben);férfi;nappali;magyar nyelv és irodalom;közép;rendes;Nem;magyar;4;60;60;megjelent;27;6;17;9;0;1;60;-;-;-;-
2020;1;Borsod-Abaúj-Zemplén;12;szakgimnázium/szakközépiskola (2016.09.01-től kifutó rendszerben);férfi;nappali;magyar nyelv és irodalom;közép;rendes;Nem;magyar;2;31;31;megjelent;25;6;0;0;0;0;31;-;-;-;-
2020;1;Borsod-Abaúj-Zemplén;12;szakgimnázium/szakközépiskola (2016.09.01-től kifutó rendszerben);férfi;nappali;magyar nyelv és irodalom;közép;rendes;Nem;magyar;2;38;38;megjelent;25;7;1;3;2;0;38;-;-;-;-
2020;1;Borsod-Abaúj-Zemplén;12;szakgimnázium/szakközépiskola (2016.09.01-től kifutó rendszerben);férfi;nappali;magyar nyelv és irodalom;közép;rendes;Nem;magyar;4;65;65;megjelent;29;7;19;10;0;0;65;-;-;-;-
2020;1;Borsod-Abaúj-Zemplén;12;szakgimnázium/szakközépiskola (2016.09.01-től kifutó rendszerben);férfi;nappali;magyar nyelv és irodalom;közép;rendes;Nem;magyar;5;86;86;megjelent;35;9;22;13;6;1;86;-;-;-;-
2020;1;Borsod-Abaúj-Zemplén;12;szakgimnázium/szakközépiskola (2016.09.01-től kifutó rendszerben);férfi;nappali;magyar nyelv és irodalom;közép;rendes;Nem;magyar;3;46;46;megjelent;28;5;7;6;0;0;46;-;-;-;-
2020;1;Borsod-Abaúj-Zemplén;12;szakgimnázium/szakközépiskola (2016.09.01-től kifutó rendszerben);férfi;nappali;magyar nyelv és irodalom;közép;rendes;Nem;magyar;3;40;40;megjelent;24;5;6;5;0;0;40;-;-;-;-
2020;1;Borsod-Abaúj-Zemplén;12;szakgimnázium/szakközépiskola (2016.09.01-től kifutó rendszerben);férfi;nappali;magyar nyelv és irodalom;közép;rendes;Nem;magyar;4;64;64;megjelent;32;7;15;10;0;0;64;-;-;-;-
2020;1;Borsod-Abaúj-Zemplén;12;gimnázium;nő;nappali;magyar nyelv és irodalom;közép;rendes;Nem;magyar;3;45;45;megjelent;24;3;11;6;0;1;45;-;-;-;-
2020;1;Borsod-Abaúj-Zemplén;12;gimnázium;nő;nappali;magyar nyelv és irodalom;közép;rendes;Nem;magyar;4;69;69;megjelent;29;7;19;9;4;1;69;-;-;-;-
2020;1;Borsod-Abaúj-Zemplén;12;gimnázium;férfi;nappali;magyar nyelv és irodalom;közép;rendes;Nem;magyar;5;84;84;megjelent;35;9;19;13;6;2;84;-;-;-;-
2020;1;Borsod-Abaúj-Zemplén;12;gimnázium;férfi;nappali;magyar nyelv és irodalom;közép;rendes;Nem;magyar;5;89;89;megjelent;38;9;18;15;7;2;89;-;-;-;-
2020;1;Borsod-Abaúj-Zemplén;12;szakgimnázium/szakközépiskola (2016.09.01-től kifutó rendszerben);férfi;nappali;magyar nyelv és irodalom;közép;rendes;Nem;magyar;3;40;40;megjelent;25;4;6;5;0;0;40;-;-;-;-
2020;1;Borsod-Abaúj-Zemplén;12;szakgimnázium/szakközépiskola (2016.09.01-től kifutó rendszerben);férfi;nappali;magyar nyelv és irodalom;közép;rendes;Nem;magyar;2;29;29;megjelent;16;2;5;6;0;0;29;-;-;-;-
2020;1;Borsod-Abaúj-Zemplén;12;szakgimnázium/szakközépiskola (2016.09.01-től kifutó rendszerben);férfi;nappali;magyar nyelv és irodalom;közép;rendes;Nem;magyar;2;25;25;megjelent;11;3;7;4;0;0;25;-;-;-;-
2020;1;Borsod-Abaúj-Zemplén;12;szakgimnázium/szakközépiskola (2016.09.01-től kifutó rendszerben);férfi;nappali;magyar nyelv és irodalom;közép;rendes;Nem;magyar;3;50;50;megjelent;26;6;10;8;0;0;50;-;-;-;-
2020;1;Borsod-Abaúj-Zemplén;12;szakgimnázium/szakközépiskola (2016.09.01-től kifutó rendszerben);férfi;nappali;magyar nyelv és irodalom;közép;rendes;Nem;magyar;3;55;55;megjelent;25;4;15;11;0;0;55;-;-;-;-
2020;1;Borsod-Abaúj-Zemplén;12;szakgimnázium/szakközépiskola (2016.09.01-től kifutó rendszerben);férfi;nappali;magyar nyelv és irodalom;közép;rendes;Nem;magyar;4;60;60;megjelent;25;6;16;13;0;0;60;-;-;-;-
2020;1;Borsod-Abaúj-Zemplén;12;szakgimnázium/szakközépiskola (2016.09.01-től kifutó rendszerben);nő;nappali;magyar nyelv és irodalom;közép;rendes;Nem;magyar;5;80;80;megjelent;31;8;20;15;4;2;80;-;-;-;-
2020;1;Borsod-Abaúj-Zemplén;12;gimnázium;férfi;nappali;magyar nyelv és irodalom;közép;rendes;Nem;magyar;5;99;99;megjelent;39;10;25;15;8;2;99;-;-;-;-
2020;1;Borsod-Abaúj-Zemplén;12;gimnázium;férfi;nappali;magyar nyelv és irodalom;közép;rendes;Nem;magyar;4;66;66;megjelent;33;9;15;9;0;0;66;-;-;-;-
2020;1;Borsod-Abaúj-Zemplén;12;gimnázium;férfi;nappali;magyar nyelv és irodalom;közép;rendes;Nem;magyar;3;59;59;megjelent;30;8;13;8;0;0;59;-;-;-;-
2020;1;Borsod-Abaúj-Zemplén;12;gimnázium;nő;nappali;magyar nyelv és irodalom;közép;rendes;Nem;magyar;5;85;85;megjelent;35;9;22;13;4;2;85;-;-;-;-
2020;1;Borsod-Abaúj-Zemplén;12;szakgimnázium/szakközépiskola (2016.09.01-től kifutó rendszerben);nő;nappali;magyar nyelv és irodalom;közép;rendes;Nem;magyar;3;51;51;megjelent;17;6;13;9;5;1;51;-;-;-;-
2020;1;Borsod-Abaúj-Zemplén;13;szakgimnázium/szakközépiskola (2016.09.01-től kifutó rendszerben);nő;nappali;magyar nyelv és irodalom;közép;rendes;Nem;magyar;2;27;27;megjelent;6;6;8;6;0;1;27;-;-;-;-
2020;1;Borsod-Abaúj-Zemplén;12;gimnázium;nő;nappali;magyar nyelv és irodalom;közép;rendes;Nem;magyar;5;80;80;megjelent;34;9;21;14;0;2;80;-;-;-;-
2020;1;Borsod-Abaúj-Zemplén;13;szakgimnázium/szakközépiskola (2016.09.01-től kifutó rendszerben);férfi;nappali;magyar nyelv és irodalom;közép;rendes;Nem;magyar;4;61;61;megjelent;20;7;19;13;0;2;61;-;-;-;-
2020;1;Borsod-Abaúj-Zemplén;12;gimnázium;nő;nappali;magyar nyelv és irodalom;közép;rendes;Nem;magyar;5;85;85;megjelent;34;7;24;14;5;1;85;-;-;-;-
2020;1;Borsod-Abaúj-Zemplén;12;gimnázium;nő;nappali;magyar nyelv és irodalom;közép;rendes;Nem;magyar;5;87;87;megjelent;35;9;22;11;8;2;87;-;-;-;-
2020;1;Borsod-Abaúj-Zemplén;12;gimnázium;nő;nappali;magyar nyelv és irodalom;közép;rendes;Nem;magyar;5;83;83;megjelent;38;9;14;12;8;2;83;-;-;-;-
2020;1;Borsod-Abaúj-Zemplén;12;gimnázium;nő;nappali;magyar nyelv és irodalom;közép;rendes;Nem;magyar;5;85;85;megjelent;36;9;24;14;0;2;85;-;-;-;-
2020;1;Borsod-Abaúj-Zemplén;12;gimnázium;férfi;nappali;magyar nyelv és irodalom;közép;rendes;Nem;magyar;4;63;63;megjelent;31;9;11;5;6;1;63;-;-;-;-
2020;1;Borsod-Abaúj-Zemplén;12;gimnázium;nő;nappali;magyar nyelv és irodalom;közép;rendes;Nem;magyar;5;92;92;megjelent;34;9;25;14;8;2;92;-;-;-;-
2020;1;Borsod-Abaúj-Zemplén;12;gimnázium;nő;nappali;magyar nyelv és irodalom;közép;rendes;Nem;magyar;5;93;93;megjelent;36;8;25;15;7;2;93;-;-;-;-
2020;1;Borsod-Abaúj-Zemplén;12;gimnázium;nő;nappali;magyar nyelv és irodalom;közép;rendes;Nem;magyar;4;60;60;megjelent;34;5;11;6;2;2;60;-;-;-;-
2020;1;Borsod-Abaúj-Zemplén;12;gimnázium;férfi;nappali;magyar nyelv és irodalom;közép;rendes;Nem;magyar;3;51;51;megjelent;22;7;13;8;0;1;51;-;-;-;-
2020;1;Borsod-Abaúj-Zemplén;12;gimnázium;férfi;nappali;magyar nyelv és irodalom;közép;rendes;Nem;magyar;5;91;91;megjelent;37;10;25;14;3;2;91;-;-;-;-
2020;1;Borsod-Abaúj-Zemplén;12;gimnázium;nő;nappali;magyar nyelv és irodalom;közép;rendes;Nem;magyar;5;80;80;megjelent;32;10;21;14;3;0;80;-;-;-;-
2020;1;Borsod-Abaúj-Zemplén;12;gimnázium;férfi;nappali;magyar nyelv és irodalom;közép;rendes;Nem;magyar;4;60;60;megjelent;30;6;10;9;5;0;60;-;-;-;-
2020;1;Borsod-Abaúj-Zemplén;12;gimnázium;nő;nappali;magyar nyelv és irodalom;közép;rendes;Nem;magyar;4;76;76;megjelent;33;10;17;8;7;1;76;-;-;-;-
2020;1;Borsod-Abaúj-Zemplén;12;gimnázium;nő;nappali;magyar nyelv és irodalom;közép;rendes;Nem;magyar;5;80;80;megjelent;37;10;14;9;8;2;80;-;-;-;-
2020;1;Borsod-Abaúj-Zemplén;12;gimnázium;férfi;nappali;magyar nyelv és irodalom;közép;rendes;Nem;magyar;5;89;89;megjelent;38;9;25;14;3;0;89;-;-;-;-
2020;1;Borsod-Abaúj-Zemplén;12;gimnázium;nő;nappali;magyar nyelv és irodalom;közép;rendes;Nem;magyar;5;86;86;megjelent;35;10;23;13;3;2;86;-;-;-;-
2020;1;Borsod-Abaúj-Zemplén;12;gimnázium;férfi;nappali;magyar nyelv és irodalom;közép;rendes;Nem;magyar;5;98;98;megjelent;38;10;25;15;8;2;98;-;-;-;-
2020;1;Borsod-Abaúj-Zemplén;12;gimnázium;nő;nappali;magyar nyelv és irodalom;közép;rendes;Nem;magyar;5;87;87;megjelent;32;6;24;15;8;2;87;-;-;-;-
2020;1;Borsod-Abaúj-Zemplén;12;gimnázium;nő;nappali;magyar nyelv és irodalom;közép;rendes;Nem;magyar;5;83;83;megjelent;30;10;24;14;3;2;83;-;-;-;-
2020;1;Borsod-Abaúj-Zemplén;12;gimnázium;férfi;nappali;magyar nyelv és irodalom;közép;rendes;Nem;magyar;5;81;81;megjelent;35;10;21;13;1;1;81;-;-;-;-
2020;1;Borsod-Abaúj-Zemplén;12;gimnázium;férfi;nappali;magyar nyelv és irodalom;közép;rendes;Nem;magyar;5;85;85;megjelent;33;10;25;14;1;2;85;-;-;-;-
2020;1;Borsod-Abaúj-Zemplén;12;gimnázium;nő;nappali;magyar nyelv és irodalom;közép;rendes;Nem;magyar;5;86;86;megjelent;36;10;20;10;8;2;86;-;-;-;-
2020;1;Borsod-Abaúj-Zemplén;12;gimnázium;férfi;nappali;magyar nyelv és irodalom;közép;rendes;Nem;magyar;4;74;74;megjelent;33;10;15;12;4;0;74;-;-;-;-
2020;1;Borsod-Abaúj-Zemplén;12;gimnázium;férfi;nappali;magyar nyelv és irodalom;közép;rendes;Nem;magyar;4;67;67;megjelent;31;8;15;9;2;2;67;-;-;-;-
2020;1;Borsod-Abaúj-Zemplén;12;gimnázium;férfi;nappali;magyar nyelv és irodalom;közép;rendes;Nem;magyar;5;91;91;megjelent;33;10;25;14;8;1;91;-;-;-;-
2020;1;Borsod-Abaúj-Zemplén;12;gimnázium;férfi;nappali;magyar nyelv és irodalom;közép;rendes;Nem;magyar;5;97;97;megjelent;39;10;23;15;8;2;97;-;-;-;-
2020;1;Borsod-Abaúj-Zemplén;12;gimnázium;nő;nappali;magyar nyelv és irodalom;közép;rendes;Nem;magyar;5;87;87;megjelent;36;8;19;15;7;2;87;-;-;-;-
2020;1;Borsod-Abaúj-Zemplén;12;gimnázium;nő;nappali;magyar nyelv és irodalom;közép;rendes;Nem;magyar;5;93;93;megjelent;35;10;24;15;8;1;93;-;-;-;-
2020;1;Borsod-Abaúj-Zemplén;12;gimnázium;nő;nappali;magyar nyelv és irodalom;közép;rendes;Nem;magyar;5;89;89;megjelent;36;10;22;14;6;1;89;-;-;-;-
2020;1;Borsod-Abaúj-Zemplén;12;gimnázium;férfi;nappali;magyar nyelv és irodalom;közép;rendes;Nem;magyar;4;72;72;megjelent;35;10;13;10;2;2;72;-;-;-;-
2020;1;Borsod-Abaúj-Zemplén;12;gimnázium;nő;nappali;magyar nyelv és irodalom;közép;rendes;Nem;magyar;5;97;97;megjelent;40;10;24;14;7;2;97;-;-;-;-
2020;1;Borsod-Abaúj-Zemplén;12;gimnázium;férfi;nappali;magyar nyelv és irodalom;közép;rendes;Nem;magyar;4;74;74;megjelent;33;9;17;10;5;0;74;-;-;-;-
2020;1;Borsod-Abaúj-Zemplén;12;gimnázium;nő;nappali;magyar nyelv és irodalom;közép;rendes;Nem;magyar;2;33;33;megjelent;16;6;4;6;0;1;33;-;-;-;-
2020;1;Borsod-Abaúj-Zemplén;12;gimnázium;férfi;nappali;magyar nyelv és irodalom;közép;rendes;Nem;magyar;2;35;35;megjelent;15;7;6;7;0;0;35;-;-;-;-
2020;1;Borsod-Abaúj-Zemplén;12;gimnázium;nő;nappali;magyar nyelv és irodalom;közép;rendes;Nem;magyar;5;84;84;megjelent;37;9;22;13;1;2;84;-;-;-;-
2020;1;Borsod-Abaúj-Zemplén;12;gimnázium;nő;nappali;magyar nyelv és irodalom;közép;rendes;Nem;magyar;4;62;62;megjelent;27;8;16;9;0;2;62;-;-;-;-
2020;1;Borsod-Abaúj-Zemplén;12;gimnázium;nő;nappali;magyar nyelv és irodalom;közép;rendes;Nem;magyar;4;62;62;megjelent;26;6;17;11;0;2;62;-;-;-;-
2020;1;Borsod-Abaúj-Zemplén;12;gimnázium;nő;nappali;magyar nyelv és irodalom;közép;rendes;Nem;magyar;5;80;80;megjelent;36;10;19;13;0;2;80;-;-;-;-
2020;1;Borsod-Abaúj-Zemplén;12;gimnázium;férfi;nappali;magyar nyelv és irodalom;közép;rendes;Nem;magyar;4;74;74;megjelent;34;9;19;11;0;1;74;-;-;-;-
2020;1;Borsod-Abaúj-Zemplén;12;gimnázium;férfi;nappali;magyar nyelv és irodalom;közép;rendes;Nem;magyar;2;35;35;megjelent;23;5;3;4;0;0;35;-;-;-;-
2020;1;Borsod-Abaúj-Zemplén;12;gimnázium;nő;nappali;magyar nyelv és irodalom;közép;rendes;Nem;magyar;4;62;62;megjelent;31;7;12;10;0;2;62;-;-;-;-
2020;1;Borsod-Abaúj-Zemplén;12;gimnázium;nő;nappali;magyar nyelv és irodalom;közép;rendes;Nem;magyar;5;84;84;megjelent;35;8;25;15;0;1;84;-;-;-;-
2020;1;Borsod-Abaúj-Zemplén;12;gimnázium;nő;nappali;magyar nyelv és irodalom;közép;rendes;Nem;magyar;4;60;60;megjelent;31;8;11;9;0;1;60;-;-;-;-
2020;1;Borsod-Abaúj-Zemplén;12;gimnázium;nő;nappali;magyar nyelv és irodalom;közép;rendes;Nem;magyar;3;44;44;megjelent;25;3;9;7;0;0;44;-;-;-;-
2020;1;Borsod-Abaúj-Zemplén;12;gimnázium;férfi;nappali;magyar nyelv és irodalom;közép;rendes;Igen;magyar;4;68;34;megjelent;-;-;-;-;-;-;-;16;8;10;34
2020;1;Borsod-Abaúj-Zemplén;12;gimnázium;nő;nappali;magyar nyelv és irodalom;közép;rendes;Nem;magyar;4;62;62;megjelent;30;8;14;10;0;0;62;-;-;-;-
2020;1;Borsod-Abaúj-Zemplén;12;gimnázium;nő;nappali;magyar nyelv és irodalom;közép;rendes;Nem;magyar;4;67;67;megjelent;34;6;16;10;0;1;67;-;-;-;-
2020;1;Borsod-Abaúj-Zemplén;12;gimnázium;nő;nappali;magyar nyelv és irodalom;közép;rendes;Nem;magyar;4;76;76;megjelent;35;10;17;12;0;2;76;-;-;-;-
2020;1;Borsod-Abaúj-Zemplén;12;gimnázium;nő;nappali;magyar nyelv és irodalom;közép;rendes;Nem;magyar;4;70;70;megjelent;33;8;16;11;0;2;70;-;-;-;-
2020;1;Borsod-Abaúj-Zemplén;12;gimnázium;férfi;nappali;magyar nyelv és irodalom;közép;rendes;Nem;magyar;4;66;66;megjelent;30;9;16;10;0;1;66;-;-;-;-
2020;1;Borsod-Abaúj-Zemplén;12;gimnázium;férfi;nappali;magyar nyelv és irodalom;közép;rendes;Nem;magyar;5;81;81;megjelent;38;8;21;14;0;0;81;-;-;-;-
2020;1;Borsod-Abaúj-Zemplén;12;gimnázium;férfi;nappali;magyar nyelv és irodalom;közép;rendes;Igen;magyar;3;48;24;megjelent;-;-;-;-;-;-;-;10;6;8;24
2020;1;Borsod-Abaúj-Zemplén;12;gimnázium;férfi;nappali;magyar nyelv és irodalom;közép;rendes;Nem;magyar;3;53;53;megjelent;27;7;10;9;0;0;53;-;-;-;-
2020;1;Borsod-Abaúj-Zemplén;12;gimnázium;férfi;nappali;magyar nyelv és irodalom;közép;rendes;Nem;magyar;3;54;54;megjelent;31;8;7;7;0;1;54;-;-;-;-
2020;1;Borsod-Abaúj-Zemplén;12;gimnázium;nő;nappali;magyar nyelv és irodalom;közép;rendes;Nem;magyar;5;80;80;megjelent;35;10;20;13;0;2;80;-;-;-;-
2020;1;Borsod-Abaúj-Zemplén;12;gimnázium;férfi;nappali;magyar nyelv és irodalom;közép;rendes;Nem;magyar;3;42;42;megjelent;23;6;7;6;0;0;42;-;-;-;-
2020;1;Borsod-Abaúj-Zemplén;12;gimnázium;férfi;nappali;magyar nyelv és irodalom;közép;rendes;Nem;magyar;4;71;71;megjelent;31;10;16;9;3;2;71;-;-;-;-
2020;1;Borsod-Abaúj-Zemplén;12;gimnázium;férfi;nappali;magyar nyelv és irodalom;közép;rendes;Nem;magyar;5;81;81;megjelent;39;9;20;12;0;1;81;-;-;-;-
2020;1;Borsod-Abaúj-Zemplén;12;gimnázium;férfi;nappali;magyar nyelv és irodalom;közép;rendes;Nem;magyar;3;42;42;megjelent;16;6;6;7;6;1;42;-;-;-;-
2020;1;Borsod-Abaúj-Zemplén;12;gimnázium;nő;nappali;magyar nyelv és irodalom;közép;rendes;Nem;magyar;5;90;90;megjelent;36;10;23;13;7;1;90;-;-;-;-
2020;1;Borsod-Abaúj-Zemplén;12;gimnázium;férfi;nappali;magyar nyelv és irodalom;közép;rendes;Nem;magyar;3;48;48;megjelent;28;6;8;6;0;0;48;-;-;-;-
2020;1;Borsod-Abaúj-Zemplén;12;gimnázium;férfi;nappali;magyar nyelv és irodalom;közép;rendes;Nem;magyar;2;28;28;megjelent;17;6;2;3;0;0;28;-;-;-;-
2020;1;Borsod-Abaúj-Zemplén;12;gimnázium;férfi;nappali;magyar nyelv és irodalom;közép;rendes;Nem;magyar;4;62;62;megjelent;34;9;7;8;2;2;62;-;-;-;-
2020;1;Borsod-Abaúj-Zemplén;12;gimnázium;nő;nappali;magyar nyelv és irodalom;közép;rendes;Nem;magyar;4;64;64;megjelent;29;8;16;9;0;2;64;-;-;-;-
2020;1;Borsod-Abaúj-Zemplén;12;gimnázium;férfi;nappali;magyar nyelv és irodalom;közép;rendes;Nem;magyar;5;82;82;megjelent;37;10;22;13;0;0;82;-;-;-;-
2020;1;Borsod-Abaúj-Zemplén;12;gimnázium;nő;nappali;magyar nyelv és irodalom;közép;rendes;Nem;magyar;5;80;80;megjelent;35;8;24;12;0;1;80;-;-;-;-
2020;1;Borsod-Abaúj-Zemplén;12;gimnázium;férfi;nappali;magyar nyelv és irodalom;közép;rendes;Nem;magyar;4;67;67;megjelent;35;9;15;8;0;0;67;-;-;-;-
2020;1;Borsod-Abaúj-Zemplén;12;gimnázium;férfi;nappali;magyar nyelv és irodalom;közép;rendes;Nem;magyar;3;49;49;megjelent;26;8;8;6;0;1;49;-;-;-;-
2020;1;Borsod-Abaúj-Zemplén;12;gimnázium;nő;nappali;magyar nyelv és irodalom;közép;rendes;Nem;magyar;5;82;82;megjelent;37;9;22;12;0;2;82;-;-;-;-
2020;1;Borsod-Abaúj-Zemplén;12;gimnázium;nő;nappali;magyar nyelv és irodalom;közép;rendes;Nem;magyar;5;80;80;megjelent;30;10;22;13;5;0;80;-;-;-;-
2020;1;Borsod-Abaúj-Zemplén;12;gimnázium;nő;nappali;magyar nyelv és irodalom;közép;rendes;Nem;magyar;5;98;98;megjelent;39;10;24;15;8;2;98;-;-;-;-
2020;1;Borsod-Abaúj-Zemplén;12;gimnázium;nő;nappali;magyar nyelv és irodalom;közép;előrehozott;Nem;magyar;3;40;40;megjelent;25;3;7;4;0;1;40;-;-;-;-
2020;1;Borsod-Abaúj-Zemplén;12;gimnázium;férfi;nappali;magyar nyelv és irodalom;közép;rendes;Nem;magyar;4;64;64;megjelent;33;6;12;10;1;2;64;-;-;-;-
2020;1;Borsod-Abaúj-Zemplén;12;gimnázium;nő;nappali;magyar nyelv és irodalom;közép;rendes;Nem;magyar;5;92;92;megjelent;39;10;21;13;7;2;92;-;-;-;-
2020;1;Borsod-Abaúj-Zemplén;12;gimnázium;férfi;nappali;magyar nyelv és irodalom;közép;rendes;Nem;magyar;4;68;68;megjelent;30;8;16;12;0;2;68;-;-;-;-
2020;1;Borsod-Abaúj-Zemplén;12;gimnázium;nő;nappali;magyar nyelv és irodalom;közép;rendes;Nem;magyar;4;64;64;megjelent;31;9;15;7;0;2;64;-;-;-;-
2020;1;Borsod-Abaúj-Zemplén;12;gimnázium;nő;nappali;magyar nyelv és irodalom;közép;rendes;Nem;magyar;5;91;91;megjelent;37;10;23;14;6;1;91;-;-;-;-
2020;1;Borsod-Abaúj-Zemplén;12;gimnázium;férfi;nappali;magyar nyelv és irodalom;közép;rendes;Nem;magyar;5;86;86;megjelent;33;10;25;12;5;1;86;-;-;-;-
2020;1;Borsod-Abaúj-Zemplén;12;gimnázium;nő;nappali;magyar nyelv és irodalom;közép;rendes;Nem;magyar;5;81;81;megjelent;30;10;19;13;7;2;81;-;-;-;-
2020;1;Borsod-Abaúj-Zemplén;12;gimnázium;férfi;nappali;magyar nyelv és irodalom;közép;rendes;Nem;magyar;2;34;34;megjelent;18;4;7;4;0;1;34;-;-;-;-
2020;1;Borsod-Abaúj-Zemplén;12;gimnázium;férfi;nappali;magyar nyelv és irodalom;közép;rendes;Nem;magyar;3;41;41;megjelent;24;0;9;7;0;1;41;-;-;-;-
2020;1;Borsod-Abaúj-Zemplén;12;szakgimnázium/szakközépiskola (2016.09.01-től kifutó rendszerben);férfi;nappali;magyar nyelv és irodalom;közép;rendes;Nem;magyar;3;49;49;megjelent;24;6;10;9;0;0;49;-;-;-;-
2020;1;Borsod-Abaúj-Zemplén;12;szakgimnázium/szakközépiskola (2016.09.01-től kifutó rendszerben);nő;nappali;magyar nyelv és irodalom;közép;rendes;Nem;magyar;4;62;62;megjelent;29;9;10;12;0;2;62;-;-;-;-
2020;1;Borsod-Abaúj-Zemplén;12;szakgimnázium/szakközépiskola (2016.09.01-től kifutó rendszerben);nő;nappali;magyar nyelv és irodalom;közép;rendes;Nem;magyar;4;62;62;megjelent;27;7;15;12;0;1;62;-;-;-;-
2020;1;Borsod-Abaúj-Zemplén;12;gimnázium;nő;nappali;magyar nyelv és irodalom;közép;rendes;Nem;magyar;5;93;93;megjelent;38;10;25;14;4;2;93;-;-;-;-
2020;1;Borsod-Abaúj-Zemplén;12;szakgimnázium/szakközépiskola (2016.09.01-től kifutó rendszerben);nő;nappali;magyar nyelv és irodalom;közép;rendes;Nem;magyar;4;66;66;megjelent;29;10;15;11;0;1;66;-;-;-;-
2020;1;Borsod-Abaúj-Zemplén;12;gimnázium;férfi;nappali;magyar nyelv és irodalom;közép;rendes;Nem;magyar;5;92;92;megjelent;38;10;25;15;2;2;92;-;-;-;-
2020;1;Borsod-Abaúj-Zemplén;12;gimnázium;nő;nappali;magyar nyelv és irodalom;közép;rendes;Nem;magyar;3;41;41;megjelent;20;0;9;7;4;1;41;-;-;-;-
2020;1;Borsod-Abaúj-Zemplén;12;gimnázium;férfi;nappali;magyar nyelv és irodalom;közép;rendes;Nem;magyar;5;85;85;megjelent;32;9;23;13;6;2;85;-;-;-;-
2020;1;Borsod-Abaúj-Zemplén;12;gimnázium;férfi;nappali;magyar nyelv és irodalom;közép;rendes;Nem;magyar;4;72;72;megjelent;30;9;19;13;0;1;72;-;-;-;-
2020;1;Borsod-Abaúj-Zemplén;12;gimnázium;nő;nappali;magyar nyelv és irodalom;közép;rendes;Nem;magyar;4;77;77;megjelent;34;8;19;14;0;2;77;-;-;-;-
2020;1;Borsod-Abaúj-Zemplén;12;gimnázium;nő;nappali;magyar nyelv és irodalom;közép;rendes;Nem;magyar;4;66;66;megjelent;30;7;18;10;0;1;66;-;-;-;-
2020;1;Borsod-Abaúj-Zemplén;12;gimnázium;nő;nappali;magyar nyelv és irodalom;közép;rendes;Nem;magyar;5;85;85;megjelent;36;9;20;13;5;2;85;-;-;-;-
2020;1;Borsod-Abaúj-Zemplén;12;gimnázium;nő;nappali;magyar nyelv és irodalom;közép;rendes;Nem;magyar;5;81;81;megjelent;35;7;20;13;4;2;81;-;-;-;-
2020;1;Borsod-Abaúj-Zemplén;12;gimnázium;nő;nappali;magyar nyelv és irodalom;közép;rendes;Nem;magyar;4;75;75;megjelent;35;8;18;12;0;2;75;-;-;-;-
2020;1;Borsod-Abaúj-Zemplén;12;gimnázium;nő;nappali;magyar nyelv és irodalom;közép;rendes;Nem;magyar;4;76;76;megjelent;30;9;24;11;0;2;76;-;-;-;-
2020;1;Borsod-Abaúj-Zemplén;12;gimnázium;férfi;nappali;magyar nyelv és irodalom;közép;rendes;Nem;magyar;5;80;80;megjelent;32;9;25;13;0;1;80;-;-;-;-
2020;1;Borsod-Abaúj-Zemplén;12;gimnázium;férfi;nappali;magyar nyelv és irodalom;közép;rendes;Nem;magyar;4;69;69;megjelent;30;10;14;12;1;2;69;-;-;-;-
2020;1;Borsod-Abaúj-Zemplén;12;gimnázium;férfi;nappali;magyar nyelv és irodalom;közép;rendes;Nem;magyar;5;84;84;megjelent;39;8;23;13;0;1;84;-;-;-;-
2020;1;Borsod-Abaúj-Zemplén;12;gimnázium;férfi;nappali;magyar nyelv és irodalom;közép;rendes;Nem;magyar;4;75;75;megjelent;32;8;19;11;3;2;75;-;-;-;-
2020;1;Borsod-Abaúj-Zemplén;12;gimnázium;nő;nappali;magyar nyelv és irodalom;közép;rendes;Nem;magyar;5;84;84;megjelent;37;8;25;12;0;2;84;-;-;-;-
2020;1;Borsod-Abaúj-Zemplén;12;gimnázium;nő;nappali;magyar nyelv és irodalom;közép;rendes;Nem;magyar;4;69;69;megjelent;35;5;14;13;0;2;69;-;-;-;-
2020;1;Borsod-Abaúj-Zemplén;12;gimnázium;nő;nappali;magyar nyelv és irodalom;közép;rendes;Nem;magyar;4;61;61;megjelent;28;8;13;9;1;2;61;-;-;-;-
2020;1;Borsod-Abaúj-Zemplén;12;gimnázium;férfi;nappali;magyar nyelv és irodalom;közép;rendes;Nem;magyar;4;75;75;megjelent;36;8;16;8;6;1;75;-;-;-;-
2020;1;Borsod-Abaúj-Zemplén;12;szakgimnázium/szakközépiskola (2016.09.01-től kifutó rendszerben);nő;nappali;magyar nyelv és irodalom;közép;rendes;Nem;magyar;2;33;33;megjelent;19;4;5;5;0;0;33;-;-;-;-
2020;1;Borsod-Abaúj-Zemplén;12;szakgimnázium/szakközépiskola (2016.09.01-től kifutó rendszerben);nő;nappali;magyar nyelv és irodalom;közép;rendes;Nem;magyar;4;62;62;megjelent;26;8;14;12;0;2;62;-;-;-;-
2020;1;Borsod-Abaúj-Zemplén;12;gimnázium;nő;nappali;magyar nyelv és irodalom;közép;rendes;Nem;magyar;5;92;92;megjelent;38;10;25;15;3;1;92;-;-;-;-
2020;1;Borsod-Abaúj-Zemplén;12;szakgimnázium/szakközépiskola (2016.09.01-től kifutó rendszerben);nő;nappali;magyar nyelv és irodalom;közép;rendes;Nem;magyar;3;41;41;megjelent;24;6;5;5;0;1;41;-;-;-;-
2020;1;Borsod-Abaúj-Zemplén;12;szakgimnázium/szakközépiskola (2016.09.01-től kifutó rendszerben);nő;nappali;magyar nyelv és irodalom;közép;rendes;Nem;magyar;5;85;85;megjelent;33;9;19;14;8;2;85;-;-;-;-
2020;1;Borsod-Abaúj-Zemplén;12;gimnázium;férfi;nappali;magyar nyelv és irodalom;közép;rendes;Nem;magyar;4;61;61;megjelent;30;10;12;7;0;2;61;-;-;-;-
2020;1;Borsod-Abaúj-Zemplén;12;szakgimnázium/szakközépiskola (2016.09.01-től kifutó rendszerben);férfi;nappali;magyar nyelv és irodalom;közép;rendes;Nem;magyar;4;63;63;megjelent;25;9;17;12;0;0;63;-;-;-;-
2020;1;Borsod-Abaúj-Zemplén;12;gimnázium;nő;nappali;magyar nyelv és irodalom;közép;rendes;Nem;magyar;4;67;67;megjelent;35;9;13;9;0;1;67;-;-;-;-
2020;1;Borsod-Abaúj-Zemplén;12;gimnázium;nő;nappali;magyar nyelv és irodalom;közép;rendes;Nem;magyar;5;94;94;megjelent;34;10;25;15;8;2;94;-;-;-;-
2020;1;Borsod-Abaúj-Zemplén;12;gimnázium;nő;nappali;magyar nyelv és irodalom;közép;rendes;Nem;magyar;4;69;69;megjelent;30;8;18;10;1;2;69;-;-;-;-
2020;1;Borsod-Abaúj-Zemplén;12;gimnázium;nő;nappali;magyar nyelv és irodalom;közép;rendes;Nem;magyar;5;83;83;megjelent;36;8;22;14;1;2;83;-;-;-;-
2020;1;Borsod-Abaúj-Zemplén;12;gimnázium;férfi;nappali;magyar nyelv és irodalom;közép;rendes;Nem;magyar;4;75;75;megjelent;30;9;17;10;7;2;75;-;-;-;-
2020;1;Borsod-Abaúj-Zemplén;12;gimnázium;nő;nappali;magyar nyelv és irodalom;közép;rendes;Nem;magyar;4;72;72;megjelent;29;10;22;10;0;1;72;-;-;-;-
2020;1;Borsod-Abaúj-Zemplén;12;gimnázium;férfi;nappali;magyar nyelv és irodalom;közép;rendes;Nem;magyar;3;50;50;megjelent;22;8;13;7;0;0;50;-;-;-;-
2020;1;Borsod-Abaúj-Zemplén;12;gimnázium;férfi;nappali;magyar nyelv és irodalom;közép;rendes;Nem;magyar;5;85;85;megjelent;30;9;25;13;6;2;85;-;-;-;-
2020;1;Borsod-Abaúj-Zemplén;12;gimnázium;nő;nappali;magyar nyelv és irodalom;közép;rendes;Nem;magyar;5;83;83;megjelent;31;10;21;14;5;2;83;-;-;-;-
2020;1;Borsod-Abaúj-Zemplén;12;gimnázium;nő;nappali;magyar nyelv és irodalom;közép;rendes;Nem;magyar;5;82;82;megjelent;36;9;22;13;0;2;82;-;-;-;-
2020;1;Borsod-Abaúj-Zemplén;12;szakgimnázium/szakközépiskola (2016.09.01-től kifutó rendszerben);nő;nappali;magyar nyelv és irodalom;közép;rendes;Nem;magyar;4;67;67;megjelent;27;8;20;11;0;1;67;-;-;-;-
2020;1;Borsod-Abaúj-Zemplén;12;szakgimnázium/szakközépiskola (2016.09.01-től kifutó rendszerben);nő;nappali;magyar nyelv és irodalom;közép;rendes;Nem;magyar;3;40;40;megjelent;12;6;11;9;0;2;40;-;-;-;-
2020;1;Borsod-Abaúj-Zemplén;12;szakgimnázium/szakközépiskola (2016.09.01-től kifutó rendszerben);nő;nappali;magyar nyelv és irodalom;közép;rendes;Nem;magyar;2;29;29;megjelent;18;0;5;4;0;2;29;-;-;-;-
2020;1;Borsod-Abaúj-Zemplén;12;szakgimnázium/szakközépiskola (2016.09.01-től kifutó rendszerben);nő;nappali;magyar nyelv és irodalom;közép;rendes;Nem;magyar;3;52;52;megjelent;20;8;14;9;0;1;52;-;-;-;-
2020;1;Borsod-Abaúj-Zemplén;12;szakgimnázium/szakközépiskola (2016.09.01-től kifutó rendszerben);nő;nappali;magyar nyelv és irodalom;közép;rendes;Nem;magyar;4;68;68;megjelent;25;8;20;13;0;2;68;-;-;-;-
2020;1;Borsod-Abaúj-Zemplén;12;szakgimnázium/szakközépiskola (2016.09.01-től kifutó rendszerben);nő;nappali;magyar nyelv és irodalom;közép;rendes;Nem;magyar;3;46;46;megjelent;20;8;8;9;0;1;46;-;-;-;-
2020;1;Borsod-Abaúj-Zemplén;12;szakgimnázium/szakközépiskola (2016.09.01-től kifutó rendszerben);nő;nappali;magyar nyelv és irodalom;közép;rendes;Nem;magyar;2;32;32;megjelent;23;0;5;4;0;0;32;-;-;-;-
2020;1;Borsod-Abaúj-Zemplén;12;szakgimnázium/szakközépiskola (2016.09.01-től kifutó rendszerben);nő;nappali;magyar nyelv és irodalom;közép;rendes;Nem;magyar;2;34;34;megjelent;13;4;7;8;0;2;34;-;-;-;-
2020;1;Borsod-Abaúj-Zemplén;12;szakgimnázium/szakközépiskola (2016.09.01-től kifutó rendszerben);nő;nappali;magyar nyelv és irodalom;közép;rendes;Nem;magyar;3;47;47;megjelent;24;0;12;9;0;2;47;-;-;-;-
2020;1;Borsod-Abaúj-Zemplén;12;szakgimnázium/szakközépiskola (2016.09.01-től kifutó rendszerben);nő;nappali;magyar nyelv és irodalom;közép;rendes;Nem;magyar;3;44;44;megjelent;23;0;12;7;0;2;44;-;-;-;-
2020;1;Borsod-Abaúj-Zemplén;12;szakgimnázium/szakközépiskola (2016.09.01-től kifutó rendszerben);nő;nappali;magyar nyelv és irodalom;közép;rendes;Nem;magyar;3;43;43;megjelent;18;8;9;7;0;1;43;-;-;-;-
2020;1;Borsod-Abaúj-Zemplén;12;szakgimnázium/szakközépiskola (2016.09.01-től kifutó rendszerben);nő;nappali;magyar nyelv és irodalom;közép;rendes;Nem;magyar;2;30;30;megjelent;15;4;6;4;0;1;30;-;-;-;-
2020;1;Borsod-Abaúj-Zemplén;12;szakgimnázium/szakközépiskola (2016.09.01-től kifutó rendszerben);nő;nappali;magyar nyelv és irodalom;közép;rendes;Nem;magyar;4;66;66;megjelent;27;8;18;11;0;2;66;-;-;-;-
2020;1;Borsod-Abaúj-Zemplén;12;gimnázium;férfi;nappali;magyar nyelv és irodalom;közép;rendes;Nem;magyar;5;81;81;megjelent;37;9;21;10;4;0;81;-;-;-;-
2020;1;Borsod-Abaúj-Zemplén;12;gimnázium;nő;nappali;magyar nyelv és irodalom;közép;rendes;Nem;magyar;5;99;99;megjelent;40;10;24;15;8;2;99;-;-;-;-
2020;1;Borsod-Abaúj-Zemplén;12;gimnázium;nő;nappali;magyar nyelv és irodalom;közép;rendes;Nem;magyar;5;86;86;megjelent;40;9;22;11;4;0;86;-;-;-;-
2020;1;Borsod-Abaúj-Zemplén;12;gimnázium;nő;nappali;magyar nyelv és irodalom;közép;rendes;Nem;magyar;5;99;99;megjelent;40;10;25;15;8;1;99;-;-;-;-
2020;1;Borsod-Abaúj-Zemplén;12;gimnázium;férfi;nappali;magyar nyelv és irodalom;közép;rendes;Nem;magyar;5;83;83;megjelent;38;9;19;11;6;0;83;-;-;-;-
2020;1;Borsod-Abaúj-Zemplén;12;gimnázium;nő;nappali;magyar nyelv és irodalom;közép;rendes;Nem;magyar;5;85;85;megjelent;35;10;19;12;8;1;85;-;-;-;-
2020;1;Borsod-Abaúj-Zemplén;12;gimnázium;férfi;nappali;magyar nyelv és irodalom;közép;rendes;Nem;magyar;5;82;82;megjelent;38;10;19;10;4;1;82;-;-;-;-
2020;1;Borsod-Abaúj-Zemplén;12;szakgimnázium/szakközépiskola (2016.09.01-től kifutó rendszerben);nő;nappali;magyar nyelv és irodalom;közép;rendes;Igen;magyar;3;56;52;megjelent;21;6;16;8;0;1;52;-;-;-;-
2020;1;Borsod-Abaúj-Zemplén;12;gimnázium;nő;nappali;magyar nyelv és irodalom;közép;rendes;Nem;magyar;5;100;100;megjelent;40;10;25;15;8;2;100;-;-;-;-
2020;1;Borsod-Abaúj-Zemplén;12;szakgimnázium/szakközépiskola (2016.09.01-től kifutó rendszerben);nő;nappali;magyar nyelv és irodalom;közép;rendes;Nem;magyar;4;66;66;megjelent;28;6;19;11;0;2;66;-;-;-;-
2020;1;Borsod-Abaúj-Zemplén;12;szakgimnázium/szakközépiskola (2016.09.01-től kifutó rendszerben);nő;nappali;magyar nyelv és irodalom;közép;rendes;Nem;magyar;4;64;64;megjelent;26;5;20;11;0;2;64;-;-;-;-
2020;1;Borsod-Abaúj-Zemplén;12;szakgimnázium/szakközépiskola (2016.09.01-től kifutó rendszerben);nő;nappali;magyar nyelv és irodalom;közép;rendes;Nem;magyar;2;30;30;megjelent;14;5;3;3;3;2;30;-;-;-;-
2020;1;Borsod-Abaúj-Zemplén;12;szakgimnázium/szakközépiskola (2016.09.01-től kifutó rendszerben);nő;nappali;magyar nyelv és irodalom;közép;rendes;Nem;magyar;3;46;46;megjelent;23;8;8;5;0;2;46;-;-;-;-
2020;1;Borsod-Abaúj-Zemplén;12;szakgimnázium/szakközépiskola (2016.09.01-től kifutó rendszerben);férfi;nappali;magyar nyelv és irodalom;közép;rendes;Nem;magyar;2;34;52;megjelent;14;0;1;3;5;1;24;15;4;9;28
2020;1;Borsod-Abaúj-Zemplén;12;szakgimnázium/szakközépiskola (2016.09.01-től kifutó rendszerben);férfi;nappali;magyar nyelv és irodalom;közép;rendes;Nem;magyar;4;67;67;megjelent;28;8;18;11;0;2;67;-;-;-;-
2020;1;Borsod-Abaúj-Zemplén;12;szakgimnázium/szakközépiskola (2016.09.01-től kifutó rendszerben);férfi;nappali;magyar nyelv és irodalom;közép;rendes;Nem;magyar;3;41;41;megjelent;16;5;11;8;0;1;41;-;-;-;-
2020;1;Borsod-Abaúj-Zemplén;12;szakgimnázium/szakközépiskola (2016.09.01-től kifutó rendszerben);nő;nappali;magyar nyelv és irodalom;közép;rendes;Nem;magyar;3;47;47;megjelent;25;8;7;6;0;1;47;-;-;-;-
2020;1;Borsod-Abaúj-Zemplén;12;szakgimnázium/szakközépiskola (2016.09.01-től kifutó rendszerben);nő;nappali;magyar nyelv és irodalom;közép;rendes;Nem;magyar;3;56;56;megjelent;25;7;13;9;0;2;56;-;-;-;-
2020;1;Borsod-Abaúj-Zemplén;12;szakgimnázium/szakközépiskola (2016.09.01-től kifutó rendszerben);nő;nappali;magyar nyelv és irodalom;közép;rendes;Nem;magyar;3;51;51;megjelent;20;8;12;9;0;2;51;-;-;-;-
2020;1;Borsod-Abaúj-Zemplén;12;szakgimnázium/szakközépiskola (2016.09.01-től kifutó rendszerben);férfi;nappali;magyar nyelv és irodalom;közép;rendes;Nem;magyar;3;48;48;megjelent;23;6;10;7;0;2;48;-;-;-;-
2020;1;Borsod-Abaúj-Zemplén;12;gimnázium;nő;nappali;magyar nyelv és irodalom;közép;rendes;Nem;magyar;4;76;76;megjelent;36;5;16;9;8;2;76;-;-;-;-
2020;1;Borsod-Abaúj-Zemplén;12;szakgimnázium/szakközépiskola (2016.09.01-től kifutó rendszerben);nő;nappali;magyar nyelv és irodalom;közép;rendes;Nem;magyar;4;67;67;megjelent;29;8;17;12;0;1;67;-;-;-;-
2020;1;Borsod-Abaúj-Zemplén;12;gimnázium;nő;nappali;magyar nyelv és irodalom;közép;rendes;Nem;magyar;4;76;76;megjelent;36;8;18;8;5;1;76;-;-;-;-
2020;1;Borsod-Abaúj-Zemplén;12;gimnázium;nő;nappali;magyar nyelv és irodalom;közép;rendes;Nem;magyar;4;66;66;megjelent;35;5;14;8;3;1;66;-;-;-;-
2020;1;Borsod-Abaúj-Zemplén;12;szakgimnázium/szakközépiskola (2016.09.01-től kifutó rendszerben);nő;nappali;magyar nyelv és irodalom;közép;rendes;Nem;magyar;2;28;28;megjelent;12;6;5;5;0;0;28;-;-;-;-
2020;1;Borsod-Abaúj-Zemplén;12;gimnázium;férfi;nappali;magyar nyelv és irodalom;közép;rendes;Nem;magyar;5;88;88;megjelent;37;9;22;11;8;1;88;-;-;-;-
2020;1;Borsod-Abaúj-Zemplén;12;gimnázium;férfi;nappali;magyar nyelv és irodalom;közép;rendes;Nem;magyar;4;61;61;megjelent;30;5;12;7;6;1;61;-;-;-;-
2020;1;Borsod-Abaúj-Zemplén;12;gimnázium;férfi;nappali;magyar nyelv és irodalom;közép;rendes;Igen;magyar;4;69;68;megjelent;37;6;17;8;0;0;68;-;-;-;-
2020;1;Borsod-Abaúj-Zemplén;12;szakgimnázium/szakközépiskola (2016.09.01-től kifutó rendszerben);nő;nappali;magyar nyelv és irodalom;közép;rendes;Nem;magyar;3;45;45;megjelent;20;9;10;6;0;0;45;-;-;-;-
2020;1;Borsod-Abaúj-Zemplén;12;szakgimnázium/szakközépiskola (2016.09.01-től kifutó rendszerben);nő;nappali;magyar nyelv és irodalom;közép;rendes;Nem;magyar;3;50;50;megjelent;25;6;9;9;0;1;50;-;-;-;-
2020;1;Borsod-Abaúj-Zemplén;12;szakgimnázium/szakközépiskola (2016.09.01-től kifutó rendszerben);nő;nappali;magyar nyelv és irodalom;közép;rendes;Nem;magyar;2;28;28;megjelent;20;0;2;6;0;0;28;-;-;-;-
2020;1;Borsod-Abaúj-Zemplén;12;szakgimnázium/szakközépiskola (2016.09.01-től kifutó rendszerben);nő;nappali;magyar nyelv és irodalom;közép;rendes;Nem;magyar;2;30;30;megjelent;20;0;5;4;0;1;30;-;-;-;-
2020;1;Borsod-Abaúj-Zemplén;12;szakgimnázium/szakközépiskola (2016.09.01-től kifutó rendszerben);nő;nappali;magyar nyelv és irodalom;közép;rendes;Nem;magyar;4;63;63;megjelent;23;9;17;12;0;2;63;-;-;-;-
2020;1;Borsod-Abaúj-Zemplén;12;szakgimnázium/szakközépiskola (2016.09.01-től kifutó rendszerben);nő;nappali;magyar nyelv és irodalom;közép;rendes;Nem;magyar;3;45;45;megjelent;27;0;8;8;0;2;45;-;-;-;-
2020;1;Borsod-Abaúj-Zemplén;12;szakgimnázium/szakközépiskola (2016.09.01-től kifutó rendszerben);nő;nappali;magyar nyelv és irodalom;közép;rendes;Nem;magyar;2;27;27;megjelent;14;0;5;7;0;1;27;-;-;-;-
2020;1;Borsod-Abaúj-Zemplén;12;szakgimnázium/szakközépiskola (2016.09.01-től kifutó rendszerben);nő;nappali;magyar nyelv és irodalom;közép;rendes;Nem;magyar;4;65;65;megjelent;24;9;19;11;0;2;65;-;-;-;-
2020;1;Borsod-Abaúj-Zemplén;12;szakgimnázium/szakközépiskola (2016.09.01-től kifutó rendszerben);nő;nappali;magyar nyelv és irodalom;közép;rendes;Nem;magyar;3;48;48;megjelent;25;4;9;9;0;1;48;-;-;-;-
2020;1;Borsod-Abaúj-Zemplén;12;szakgimnázium/szakközépiskola (2016.09.01-től kifutó rendszerben);nő;nappali;magyar nyelv és irodalom;közép;rendes;Nem;magyar;2;25;25;megjelent;10;3;5;5;0;2;25;-;-;-;-
2020;1;Borsod-Abaúj-Zemplén;12;szakgimnázium/szakközépiskola (2016.09.01-től kifutó rendszerben);nő;nappali;magyar nyelv és irodalom;közép;rendes;Nem;magyar;3;45;45;megjelent;20;3;7;9;4;2;45;-;-;-;-
2020;1;Borsod-Abaúj-Zemplén;12;szakgimnázium/szakközépiskola (2016.09.01-től kifutó rendszerben);nő;nappali;magyar nyelv és irodalom;közép;rendes;Nem;magyar;5;81;81;megjelent;29;8;23;13;6;2;81;-;-;-;-
2020;1;Borsod-Abaúj-Zemplén;12;szakgimnázium/szakközépiskola (2016.09.01-től kifutó rendszerben);nő;nappali;magyar nyelv és irodalom;közép;előrehozott;Nem;magyar;2;38;38;megjelent;22;3;2;6;4;1;38;-;-;-;-
2020;1;Borsod-Abaúj-Zemplén;12;szakgimnázium/szakközépiskola (2016.09.01-től kifutó rendszerben);nő;nappali;magyar nyelv és irodalom;közép;rendes;Nem;magyar;3;45;45;megjelent;18;7;11;8;0;1;45;-;-;-;-
2020;1;Borsod-Abaúj-Zemplén;12;szakgimnázium/szakközépiskola (2016.09.01-től kifutó rendszerben);nő;nappali;magyar nyelv és irodalom;közép;rendes;Nem;magyar;4;73;73;megjelent;29;8;16;12;6;2;73;-;-;-;-
2020;1;Borsod-Abaúj-Zemplén;12;szakgimnázium/szakközépiskola (2016.09.01-től kifutó rendszerben);nő;nappali;magyar nyelv és irodalom;közép;rendes;Nem;magyar;3;42;42;megjelent;15;5;12;8;0;2;42;-;-;-;-
2020;1;Borsod-Abaúj-Zemplén;12;gimnázium;nő;nappali;magyar nyelv és irodalom;közép;rendes;Nem;magyar;5;90;90;megjelent;36;10;22;13;7;2;90;-;-;-;-
2020;1;Borsod-Abaúj-Zemplén;12;gimnázium;nő;nappali;magyar nyelv és irodalom;közép;rendes;Nem;magyar;5;94;94;megjelent;36;9;25;15;8;1;94;-;-;-;-
2020;1;Borsod-Abaúj-Zemplén;12;gimnázium;nő;nappali;magyar nyelv és irodalom;közép;rendes;Nem;magyar;4;66;66;megjelent;32;6;14;8;4;2;66;-;-;-;-
2020;1;Borsod-Abaúj-Zemplén;12;gimnázium;nő;nappali;magyar nyelv és irodalom;közép;rendes;Nem;magyar;4;64;64;megjelent;29;7;14;9;3;2;64;-;-;-;-
2020;1;Borsod-Abaúj-Zemplén;12;gimnázium;férfi;nappali;magyar nyelv és irodalom;közép;rendes;Nem;magyar;5;84;84;megjelent;39;9;21;11;3;1;84;-;-;-;-
2020;1;Borsod-Abaúj-Zemplén;12;gimnázium;nő;nappali;magyar nyelv és irodalom;közép;rendes;Nem;magyar;4;75;75;megjelent;35;8;18;9;3;2;75;-;-;-;-
2020;1;Borsod-Abaúj-Zemplén;12;gimnázium;férfi;nappali;magyar nyelv és irodalom;közép;rendes;Nem;magyar;4;74;74;megjelent;36;9;17;10;2;0;74;-;-;-;-
2020;1;Borsod-Abaúj-Zemplén;12;szakgimnázium/szakközépiskola (2016.09.01-től kifutó rendszerben);nő;nappali;magyar nyelv és irodalom;közép;rendes;Nem;magyar;3;57;57;megjelent;25;6;14;10;0;2;57;-;-;-;-
2020;1;Borsod-Abaúj-Zemplén;12;szakgimnázium/szakközépiskola (2016.09.01-től kifutó rendszerben);nő;nappali;magyar nyelv és irodalom;közép;rendes;Nem;magyar;2;36;36;megjelent;17;6;5;6;0;2;36;-;-;-;-
2020;1;Borsod-Abaúj-Zemplén;12;szakgimnázium/szakközépiskola (2016.09.01-től kifutó rendszerben);nő;nappali;magyar nyelv és irodalom;közép;rendes;Nem;magyar;4;74;74;megjelent;31;9;19;11;2;2;74;-;-;-;-
2020;1;Borsod-Abaúj-Zemplén;12;szakgimnázium/szakközépiskola (2016.09.01-től kifutó rendszerben);nő;nappali;magyar nyelv és irodalom;közép;rendes;Nem;magyar;2;35;35;megjelent;18;5;5;5;0;2;35;-;-;-;-
2020;1;Borsod-Abaúj-Zemplén;12;szakgimnázium/szakközépiskola (2016.09.01-től kifutó rendszerben);nő;nappali;magyar nyelv és irodalom;közép;rendes;Igen;magyar;3;57;53;megjelent;31;5;10;6;0;1;53;-;-;-;-
2020;1;Borsod-Abaúj-Zemplén;12;szakgimnázium/szakközépiskola (2016.09.01-től kifutó rendszerben);nő;nappali;magyar nyelv és irodalom;közép;rendes;Nem;magyar;2;29;29;megjelent;19;0;2;3;4;1;29;-;-;-;-
2020;1;Borsod-Abaúj-Zemplén;12;szakgimnázium/szakközépiskola (2016.09.01-től kifutó rendszerben);nő;nappali;magyar nyelv és irodalom;közép;rendes;Nem;magyar;4;73;73;megjelent;30;8;23;10;0;2;73;-;-;-;-
2020;1;Borsod-Abaúj-Zemplén;12;szakgimnázium/szakközépiskola (2016.09.01-től kifutó rendszerben);nő;nappali;magyar nyelv és irodalom;közép;rendes;Nem;magyar;3;53;53;megjelent;28;4;10;9;0;2;53;-;-;-;-
2020;1;Borsod-Abaúj-Zemplén;12;szakgimnázium/szakközépiskola (2016.09.01-től kifutó rendszerben);nő;nappali;magyar nyelv és irodalom;közép;rendes;Nem;magyar;4;61;61;megjelent;31;4;15;11;0;0;61;-;-;-;-
2020;1;Borsod-Abaúj-Zemplén;12;szakgimnázium/szakközépiskola (2016.09.01-től kifutó rendszerben);nő;nappali;magyar nyelv és irodalom;közép;rendes;Nem;magyar;3;44;44;megjelent;25;8;5;5;0;1;44;-;-;-;-
2020;1;Borsod-Abaúj-Zemplén;12;szakgimnázium/szakközépiskola (2016.09.01-től kifutó rendszerben);nő;nappali;magyar nyelv és irodalom;közép;rendes;Nem;magyar;2;30;30;megjelent;18;0;5;7;0;0;30;-;-;-;-
2020;1;Borsod-Abaúj-Zemplén;12;szakgimnázium/szakközépiskola (2016.09.01-től kifutó rendszerben);nő;nappali;magyar nyelv és irodalom;közép;rendes;Nem;magyar;5;84;84;megjelent;37;9;19;13;4;2;84;-;-;-;-
2020;1;Borsod-Abaúj-Zemplén;12;szakgimnázium/szakközépiskola (2016.09.01-től kifutó rendszerben);nő;nappali;magyar nyelv és irodalom;közép;rendes;Nem;magyar;4;62;62;megjelent;29;7;14;10;0;2;62;-;-;-;-
2020;1;Borsod-Abaúj-Zemplén;12;szakgimnázium/szakközépiskola (2016.09.01-től kifutó rendszerben);nő;nappali;magyar nyelv és irodalom;közép;rendes;Nem;magyar;4;76;76;megjelent;30;4;23;15;2;2;76;-;-;-;-
2020;1;Borsod-Abaúj-Zemplén;12;szakgimnázium/szakközépiskola (2016.09.01-től kifutó rendszerben);nő;nappali;magyar nyelv és irodalom;közép;rendes;Nem;magyar;3;42;42;megjelent;25;4;5;7;0;1;42;-;-;-;-
2020;1;Borsod-Abaúj-Zemplén;12;szakgimnázium/szakközépiskola (2016.09.01-től kifutó rendszerben);nő;nappali;magyar nyelv és irodalom;közép;rendes;Nem;magyar;5;83;83;megjelent;34;9;24;14;0;2;83;-;-;-;-
2020;1;Borsod-Abaúj-Zemplén;12;gimnázium;nő;nappali;magyar nyelv és irodalom;közép;rendes;Nem;magyar;5;83;83;megjelent;30;10;23;12;6;2;83;-;-;-;-
2020;1;Borsod-Abaúj-Zemplén;12;szakgimnázium/szakközépiskola (2016.09.01-től kifutó rendszerben);nő;nappali;magyar nyelv és irodalom;közép;rendes;Nem;magyar;3;48;48;megjelent;24;7;10;6;0;1;48;-;-;-;-
2020;1;Borsod-Abaúj-Zemplén;12;szakgimnázium/szakközépiskola (2016.09.01-től kifutó rendszerben);nő;nappali;magyar nyelv és irodalom;közép;rendes;Nem;magyar;3;40;40;megjelent;18;5;8;7;0;2;40;-;-;-;-
2020;1;Borsod-Abaúj-Zemplén;12;gimnázium;férfi;nappali;magyar nyelv és irodalom;közép;rendes;Nem;magyar;4;69;69;megjelent;32;8;15;9;4;1;69;-;-;-;-
2020;1;Borsod-Abaúj-Zemplén;12;szakgimnázium/szakközépiskola (2016.09.01-től kifutó rendszerben);nő;nappali;magyar nyelv és irodalom;közép;rendes;Nem;magyar;3;50;50;megjelent;16;8;15;9;0;2;50;-;-;-;-
2020;1;Borsod-Abaúj-Zemplén;12;szakgimnázium/szakközépiskola (2016.09.01-től kifutó rendszerben);nő;nappali;magyar nyelv és irodalom;közép;rendes;Nem;magyar;3;50;50;megjelent;26;0;15;7;0;2;50;-;-;-;-
2020;1;Borsod-Abaúj-Zemplén;12;gimnázium;férfi;nappali;magyar nyelv és irodalom;közép;rendes;Nem;magyar;4;61;61;megjelent;27;5;15;7;6;1;61;-;-;-;-
2020;1;Borsod-Abaúj-Zemplén;12;szakgimnázium/szakközépiskola (2016.09.01-től kifutó rendszerben);nő;nappali;magyar nyelv és irodalom;közép;rendes;Nem;magyar;4;68;68;megjelent;28;9;19;10;0;2;68;-;-;-;-
2020;1;Borsod-Abaúj-Zemplén;12;gimnázium;nő;nappali;magyar nyelv és irodalom;közép;rendes;Nem;magyar;4;72;72;megjelent;29;8;18;11;4;2;72;-;-;-;-
2020;1;Borsod-Abaúj-Zemplén;12;szakgimnázium/szakközépiskola (2016.09.01-től kifutó rendszerben);nő;nappali;magyar nyelv és irodalom;közép;rendes;Nem;magyar;3;48;48;megjelent;19;8;12;7;0;2;48;-;-;-;-
2020;1;Borsod-Abaúj-Zemplén;12;gimnázium;férfi;nappali;magyar nyelv és irodalom;közép;rendes;Nem;magyar;5;85;85;megjelent;35;10;21;13;4;2;85;-;-;-;-
2020;1;Borsod-Abaúj-Zemplén;12;szakgimnázium/szakközépiskola (2016.09.01-től kifutó rendszerben);nő;nappali;magyar nyelv és irodalom;közép;rendes;Nem;magyar;3;52;52;megjelent;20;8;14;8;0;2;52;-;-;-;-
2020;1;Borsod-Abaúj-Zemplén;12;szakgimnázium/szakközépiskola (2016.09.01-től kifutó rendszerben);nő;nappali;magyar nyelv és irodalom;közép;rendes;Nem;magyar;3;56;56;megjelent;23;10;9;12;0;2;56;-;-;-;-
2020;1;Borsod-Abaúj-Zemplén;12;szakgimnázium/szakközépiskola (2016.09.01-től kifutó rendszerben);nő;nappali;magyar nyelv és irodalom;közép;rendes;Nem;magyar;5;86;86;megjelent;37;10;19;14;4;2;86;-;-;-;-
2020;1;Borsod-Abaúj-Zemplén;12;szakgimnázium/szakközépiskola (2016.09.01-től kifutó rendszerben);nő;nappali;magyar nyelv és irodalom;közép;rendes;Nem;magyar;3;41;41;megjelent;15;9;9;8;0;0;41;-;-;-;-
2020;1;Borsod-Abaúj-Zemplén;12;gimnázium;nő;nappali;magyar nyelv és irodalom;közép;rendes;Nem;magyar;5;88;88;megjelent;33;10;23;14;6;2;88;-;-;-;-
2020;1;Borsod-Abaúj-Zemplén;12;gimnázium;nő;nappali;magyar nyelv és irodalom;közép;rendes;Nem;magyar;5;90;90;megjelent;35;10;23;14;6;2;90;-;-;-;-
2020;1;Borsod-Abaúj-Zemplén;12;szakgimnázium/szakközépiskola (2016.09.01-től kifutó rendszerben);nő;nappali;magyar nyelv és irodalom;közép;rendes;Nem;magyar;4;60;60;megjelent;28;9;15;8;0;0;60;-;-;-;-
2020;1;Borsod-Abaúj-Zemplén;12;szakgimnázium/szakközépiskola (2016.09.01-től kifutó rendszerben);nő;nappali;magyar nyelv és irodalom;közép;rendes;Nem;magyar;3;56;56;megjelent;21;10;14;7;4;0;56;-;-;-;-
2020;1;Borsod-Abaúj-Zemplén;12;szakgimnázium/szakközépiskola (2016.09.01-től kifutó rendszerben);nő;nappali;magyar nyelv és irodalom;közép;rendes;Nem;magyar;2;32;32;megjelent;21;0;5;4;0;2;32;-;-;-;-
2020;1;Borsod-Abaúj-Zemplén;12;szakgimnázium/szakközépiskola (2016.09.01-től kifutó rendszerben);nő;nappali;magyar nyelv és irodalom;közép;rendes;Nem;magyar;3;53;53;megjelent;20;10;14;7;0;2;53;-;-;-;-
2020;1;Borsod-Abaúj-Zemplén;12;gimnázium;nő;nappali;magyar nyelv és irodalom;közép;rendes;Nem;magyar;4;62;62;megjelent;29;8;15;8;0;2;62;-;-;-;-
2020;1;Borsod-Abaúj-Zemplén;12;szakgimnázium/szakközépiskola (2016.09.01-től kifutó rendszerben);nő;nappali;magyar nyelv és irodalom;közép;rendes;Nem;magyar;4;64;64;megjelent;24;9;17;12;0;2;64;-;-;-;-
2020;1;Borsod-Abaúj-Zemplén;12;gimnázium;férfi;nappali;magyar nyelv és irodalom;közép;rendes;Nem;magyar;4;64;64;megjelent;34;9;13;7;0;1;64;-;-;-;-
2020;1;Borsod-Abaúj-Zemplén;12;szakgimnázium/szakközépiskola (2016.09.01-től kifutó rendszerben);nő;nappali;magyar nyelv és irodalom;közép;rendes;Nem;magyar;4;69;69;megjelent;27;10;19;10;1;2;69;-;-;-;-
2020;1;Borsod-Abaúj-Zemplén;12;gimnázium;nő;nappali;magyar nyelv és irodalom;közép;rendes;Nem;magyar;5;94;94;megjelent;36;10;25;14;7;2;94;-;-;-;-
2020;1;Borsod-Abaúj-Zemplén;12;szakgimnázium/szakközépiskola (2016.09.01-től kifutó rendszerben);nő;nappali;magyar nyelv és irodalom;közép;rendes;Nem;magyar;3;56;56;megjelent;22;9;14;6;3;2;56;-;-;-;-
2020;1;Borsod-Abaúj-Zemplén;12;gimnázium;férfi;nappali;magyar nyelv és irodalom;közép;rendes;Nem;magyar;4;68;68;megjelent;29;8;19;10;0;2;68;-;-;-;-
2020;1;Borsod-Abaúj-Zemplén;12;szakgimnázium/szakközépiskola (2016.09.01-től kifutó rendszerben);nő;nappali;magyar nyelv és irodalom;közép;rendes;Nem;magyar;3;44;44;megjelent;24;9;5;4;0;2;44;-;-;-;-
2020;1;Borsod-Abaúj-Zemplén;12;gimnázium;nő;nappali;magyar nyelv és irodalom;közép;rendes;Nem;magyar;5;92;92;megjelent;36;10;23;13;8;2;92;-;-;-;-
2020;1;Borsod-Abaúj-Zemplén;12;szakgimnázium/szakközépiskola (2016.09.01-től kifutó rendszerben);nő;nappali;magyar nyelv és irodalom;közép;rendes;Nem;magyar;4;60;60;megjelent;20;9;19;10;0;2;60;-;-;-;-
2020;1;Borsod-Abaúj-Zemplén;12;gimnázium;férfi;nappali;magyar nyelv és irodalom;közép;rendes;Nem;magyar;4;74;74;megjelent;32;8;20;13;0;1;74;-;-;-;-
2020;1;Borsod-Abaúj-Zemplén;12;gimnázium;nő;nappali;magyar nyelv és irodalom;közép;rendes;Nem;magyar;5;97;97;megjelent;37;10;25;15;8;2;97;-;-;-;-
2020;1;Borsod-Abaúj-Zemplén;12;gimnázium;férfi;nappali;magyar nyelv és irodalom;közép;rendes;Nem;magyar;5;81;81;megjelent;36;10;21;13;0;1;81;-;-;-;-
2020;1;Borsod-Abaúj-Zemplén;12;gimnázium;férfi;nappali;magyar nyelv és irodalom;közép;rendes;Nem;magyar;4;60;60;megjelent;29;9;14;7;0;1;60;-;-;-;-
2020;1;Borsod-Abaúj-Zemplén;12;szakgimnázium/szakközépiskola (2016.09.01-től kifutó rendszerben);nő;nappali;magyar nyelv és irodalom;közép;rendes;Nem;magyar;3;49;49;megjelent;21;8;9;9;0;2;49;-;-;-;-
2020;1;Borsod-Abaúj-Zemplén;12;szakgimnázium/szakközépiskola (2016.09.01-től kifutó rendszerben);nő;nappali;magyar nyelv és irodalom;közép;rendes;Nem;magyar;2;25;25;megjelent;12;0;4;7;0;2;25;-;-;-;-
2020;1;Borsod-Abaúj-Zemplén;12;szakgimnázium/szakközépiskola (2016.09.01-től kifutó rendszerben);férfi;nappali;magyar nyelv és irodalom;közép;rendes;Nem;magyar;3;47;47;megjelent;25;8;3;7;4;0;47;-;-;-;-
2020;1;Borsod-Abaúj-Zemplén;12;szakgimnázium/szakközépiskola (2016.09.01-től kifutó rendszerben);nő;nappali;magyar nyelv és irodalom;közép;rendes;Nem;magyar;2;38;38;megjelent;24;3;3;6;0;2;38;-;-;-;-
2020;1;Borsod-Abaúj-Zemplén;12;szakgimnázium/szakközépiskola (2016.09.01-től kifutó rendszerben);férfi;nappali;magyar nyelv és irodalom;közép;rendes;Nem;magyar;2;25;38;megjelent;15;0;3;4;0;0;22;2;6;8;16
2020;1;Borsod-Abaúj-Zemplén;12;szakgimnázium/szakközépiskola (2016.09.01-től kifutó rendszerben);nő;nappali;magyar nyelv és irodalom;közép;rendes;Nem;magyar;2;27;27;megjelent;12;5;4;5;0;1;27;-;-;-;-
2020;1;Borsod-Abaúj-Zemplén;12;szakgimnázium/szakközépiskola (2016.09.01-től kifutó rendszerben);nő;nappali;magyar nyelv és irodalom;közép;rendes;Nem;magyar;2;29;29;megjelent;18;5;2;4;0;0;29;-;-;-;-
2020;1;Borsod-Abaúj-Zemplén;12;szakgimnázium/szakközépiskola (2016.09.01-től kifutó rendszerben);férfi;nappali;magyar nyelv és irodalom;közép;rendes;Nem;magyar;3;47;47;megjelent;23;6;5;7;4;2;47;-;-;-;-
2020;1;Borsod-Abaúj-Zemplén;12;szakgimnázium/szakközépiskola (2016.09.01-től kifutó rendszerben);nő;nappali;magyar nyelv és irodalom;közép;rendes;Nem;magyar;2;38;38;megjelent;26;3;3;5;0;1;38;-;-;-;-
2020;1;Borsod-Abaúj-Zemplén;12;szakgimnázium/szakközépiskola (2016.09.01-től kifutó rendszerben);férfi;nappali;magyar nyelv és irodalom;közép;rendes;Nem;magyar;3;49;49;megjelent;24;7;8;10;0;0;49;-;-;-;-
2020;1;Borsod-Abaúj-Zemplén;12;szakgimnázium/szakközépiskola (2016.09.01-től kifutó rendszerben);férfi;nappali;magyar nyelv és irodalom;közép;rendes;Nem;magyar;2;33;33;megjelent;19;4;4;6;0;0;33;-;-;-;-
2020;1;Borsod-Abaúj-Zemplén;12;szakgimnázium/szakközépiskola (2016.09.01-től kifutó rendszerben);nő;nappali;magyar nyelv és irodalom;közép;rendes;Nem;magyar;3;40;40;megjelent;20;3;8;8;0;1;40;-;-;-;-
2020;1;Borsod-Abaúj-Zemplén;12;szakgimnázium/szakközépiskola (2016.09.01-től kifutó rendszerben);nő;nappali;magyar nyelv és irodalom;közép;rendes;Nem;magyar;3;58;58;megjelent;34;4;10;8;1;1;58;-;-;-;-
2020;1;Borsod-Abaúj-Zemplén;12;szakgimnázium/szakközépiskola (2016.09.01-től kifutó rendszerben);férfi;nappali;magyar nyelv és irodalom;közép;rendes;Nem;magyar;4;72;72;megjelent;32;8;15;11;5;1;72;-;-;-;-
2020;1;Borsod-Abaúj-Zemplén;12;szakgimnázium/szakközépiskola (2016.09.01-től kifutó rendszerben);férfi;nappali;magyar nyelv és irodalom;közép;rendes;Nem;magyar;2;33;33;megjelent;27;0;2;4;0;0;33;-;-;-;-
2020;1;Borsod-Abaúj-Zemplén;12;szakgimnázium/szakközépiskola (2016.09.01-től kifutó rendszerben);férfi;nappali;magyar nyelv és irodalom;közép;rendes;Nem;magyar;3;50;50;megjelent;24;10;5;6;5;0;50;-;-;-;-
2020;1;Borsod-Abaúj-Zemplén;12;szakgimnázium/szakközépiskola (2016.09.01-től kifutó rendszerben);nő;nappali;magyar nyelv és irodalom;közép;rendes;Nem;magyar;2;31;31;megjelent;21;3;3;3;0;1;31;-;-;-;-
2020;1;Borsod-Abaúj-Zemplén;12;szakgimnázium/szakközépiskola (2016.09.01-től kifutó rendszerben);férfi;nappali;magyar nyelv és irodalom;közép;rendes;Nem;magyar;2;28;28;megjelent;15;4;2;7;0;0;28;-;-;-;-
2020;1;Borsod-Abaúj-Zemplén;12;szakgimnázium/szakközépiskola (2016.09.01-től kifutó rendszerben);férfi;nappali;magyar nyelv és irodalom;közép;rendes;Nem;magyar;3;49;49;megjelent;18;4;15;12;0;0;49;-;-;-;-
2020;1;Borsod-Abaúj-Zemplén;12;szakgimnázium/szakközépiskola (2016.09.01-től kifutó rendszerben);férfi;nappali;magyar nyelv és irodalom;közép;rendes;Nem;magyar;3;55;55;megjelent;23;7;10;11;2;2;55;-;-;-;-
2020;1;Borsod-Abaúj-Zemplén;12;szakgimnázium/szakközépiskola (2016.09.01-től kifutó rendszerben);nő;nappali;magyar nyelv és irodalom;közép;rendes;Nem;magyar;4;60;60;megjelent;27;7;18;8;0;0;60;-;-;-;-
2020;1;Borsod-Abaúj-Zemplén;12;szakgimnázium/szakközépiskola (2016.09.01-től kifutó rendszerben);férfi;nappali;magyar nyelv és irodalom;közép;rendes;Nem;magyar;2;29;29;megjelent;10;0;7;10;0;2;29;-;-;-;-
2020;1;Borsod-Abaúj-Zemplén;12;szakgimnázium/szakközépiskola (2016.09.01-től kifutó rendszerben);nő;nappali;magyar nyelv és irodalom;közép;rendes;Nem;magyar;4;62;62;megjelent;29;7;10;8;6;2;62;-;-;-;-
2020;1;Borsod-Abaúj-Zemplén;12;szakgimnázium/szakközépiskola (2016.09.01-től kifutó rendszerben);férfi;nappali;magyar nyelv és irodalom;közép;rendes;Nem;magyar;2;38;38;megjelent;16;3;10;7;0;2;38;-;-;-;-
2020;1;Borsod-Abaúj-Zemplén;12;szakgimnázium/szakközépiskola (2016.09.01-től kifutó rendszerben);nő;nappali;magyar nyelv és irodalom;közép;rendes;Nem;magyar;3;54;54;megjelent;26;3;10;10;3;2;54;-;-;-;-
2020;1;Borsod-Abaúj-Zemplén;12;szakgimnázium/szakközépiskola (2016.09.01-től kifutó rendszerben);nő;nappali;magyar nyelv és irodalom;közép;rendes;Nem;magyar;4;66;66;megjelent;30;5;14;9;7;1;66;-;-;-;-
2020;1;Borsod-Abaúj-Zemplén;12;szakgimnázium/szakközépiskola (2016.09.01-től kifutó rendszerben);nő;nappali;magyar nyelv és irodalom;közép;rendes;Nem;magyar;3;45;45;megjelent;20;0;14;10;0;1;45;-;-;-;-
2020;1;Borsod-Abaúj-Zemplén;12;szakgimnázium/szakközépiskola (2016.09.01-től kifutó rendszerben);férfi;nappali;magyar nyelv és irodalom;közép;rendes;Nem;magyar;2;35;35;megjelent;16;5;3;9;0;2;35;-;-;-;-
2020;1;Borsod-Abaúj-Zemplén;12;szakgimnázium/szakközépiskola (2016.09.01-től kifutó rendszerben);nő;nappali;magyar nyelv és irodalom;közép;rendes;Igen;magyar;3;53;48;megjelent;24;6;12;6;0;0;48;-;-;-;-
2020;1;Borsod-Abaúj-Zemplén;12;szakgimnázium/szakközépiskola (2016.09.01-től kifutó rendszerben);nő;nappali;magyar nyelv és irodalom;közép;rendes;Nem;magyar;4;60;60;megjelent;25;8;16;9;0;2;60;-;-;-;-
2020;1;Borsod-Abaúj-Zemplén;12;szakgimnázium/szakközépiskola (2016.09.01-től kifutó rendszerben);férfi;nappali;magyar nyelv és irodalom;közép;rendes;Nem;magyar;3;48;48;megjelent;25;4;7;10;0;2;48;-;-;-;-
2020;1;Borsod-Abaúj-Zemplén;12;szakgimnázium/szakközépiskola (2016.09.01-től kifutó rendszerben);férfi;nappali;magyar nyelv és irodalom;közép;rendes;Nem;magyar;4;63;63;megjelent;31;9;14;8;0;1;63;-;-;-;-
2020;1;Borsod-Abaúj-Zemplén;12;szakgimnázium/szakközépiskola (2016.09.01-től kifutó rendszerben);nő;nappali;magyar nyelv és irodalom;közép;rendes;Nem;magyar;4;60;60;megjelent;25;8;16;10;0;1;60;-;-;-;-
2020;1;Borsod-Abaúj-Zemplén;12;szakgimnázium/szakközépiskola (2016.09.01-től kifutó rendszerben);férfi;nappali;magyar nyelv és irodalom;közép;rendes;Nem;magyar;4;64;64;megjelent;32;6;15;11;0;0;64;-;-;-;-
2020;1;Borsod-Abaúj-Zemplén;12;szakgimnázium/szakközépiskola (2016.09.01-től kifutó rendszerben);férfi;nappali;magyar nyelv és irodalom;közép;rendes;Nem;magyar;4;74;74;megjelent;28;5;20;14;5;2;74;-;-;-;-
2020;1;Borsod-Abaúj-Zemplén;12;szakgimnázium/szakközépiskola (2016.09.01-től kifutó rendszerben);nő;nappali;magyar nyelv és irodalom;közép;rendes;Nem;magyar;4;75;75;megjelent;28;10;19;12;4;2;75;-;-;-;-
2020;1;Borsod-Abaúj-Zemplén;12;szakgimnázium/szakközépiskola (2016.09.01-től kifutó rendszerben);férfi;nappali;magyar nyelv és irodalom;közép;rendes;Nem;magyar;3;42;42;megjelent;18;3;12;8;0;1;42;-;-;-;-
2020;1;Borsod-Abaúj-Zemplén;12;szakgimnázium/szakközépiskola (2016.09.01-től kifutó rendszerben);férfi;nappali;magyar nyelv és irodalom;közép;rendes;Nem;magyar;2;37;37;megjelent;23;6;3;5;0;0;37;-;-;-;-
2020;1;Borsod-Abaúj-Zemplén;12;szakgimnázium/szakközépiskola (2016.09.01-től kifutó rendszerben);férfi;nappali;magyar nyelv és irodalom;közép;rendes;Nem;magyar;2;34;34;megjelent;10;6;8;9;0;1;34;-;-;-;-
2020;1;Borsod-Abaúj-Zemplén;12;szakgimnázium/szakközépiskola (2016.09.01-től kifutó rendszerben);nő;nappali;magyar nyelv és irodalom;közép;rendes;Nem;magyar;2;34;34;megjelent;22;0;1;4;6;1;34;-;-;-;-
2020;1;Borsod-Abaúj-Zemplén;12;szakgimnázium/szakközépiskola (2016.09.01-től kifutó rendszerben);férfi;nappali;magyar nyelv és irodalom;közép;rendes;Nem;magyar;2;28;28;megjelent;12;4;2;8;0;2;28;-;-;-;-
2020;1;Borsod-Abaúj-Zemplén;12;szakgimnázium/szakközépiskola (2016.09.01-től kifutó rendszerben);nő;nappali;magyar nyelv és irodalom;közép;rendes;Nem;magyar;4;73;73;megjelent;33;7;12;13;6;2;73;-;-;-;-
2020;1;Borsod-Abaúj-Zemplén;12;szakgimnázium/szakközépiskola (2016.09.01-től kifutó rendszerben);férfi;nappali;magyar nyelv és irodalom;közép;rendes;Nem;magyar;2;30;30;megjelent;9;4;7;9;0;1;30;-;-;-;-
2020;1;Borsod-Abaúj-Zemplén;12;szakgimnázium/szakközépiskola (2016.09.01-től kifutó rendszerben);férfi;nappali;magyar nyelv és irodalom;közép;rendes;Nem;magyar;2;28;28;megjelent;11;4;4;9;0;0;28;-;-;-;-
2020;1;Borsod-Abaúj-Zemplén;12;gimnázium;nő;nappali;magyar nyelv és irodalom;közép;rendes;Nem;magyar;4;61;61;megjelent;21;10;16;10;2;2;61;-;-;-;-
2020;1;Borsod-Abaúj-Zemplén;12;gimnázium;férfi;nappali;magyar nyelv és irodalom;közép;rendes;Nem;magyar;2;26;26;megjelent;14;3;3;5;0;1;26;-;-;-;-
2020;1;Borsod-Abaúj-Zemplén;12;szakgimnázium/szakközépiskola (2016.09.01-től kifutó rendszerben);férfi;nappali;magyar nyelv és irodalom;közép;rendes;Nem;magyar;3;42;42;megjelent;23;8;7;4;0;0;42;-;-;-;-
2020;1;Borsod-Abaúj-Zemplén;12;szakgimnázium/szakközépiskola (2016.09.01-től kifutó rendszerben);férfi;nappali;magyar nyelv és irodalom;közép;rendes;Nem;magyar;5;88;88;megjelent;37;9;19;14;7;2;88;-;-;-;-
2020;1;Borsod-Abaúj-Zemplén;12;szakgimnázium/szakközépiskola (2016.09.01-től kifutó rendszerben);férfi;nappali;magyar nyelv és irodalom;közép;rendes;Nem;magyar;3;57;57;megjelent;31;0;15;10;0;1;57;-;-;-;-
2020;1;Borsod-Abaúj-Zemplén;12;szakgimnázium/szakközépiskola (2016.09.01-től kifutó rendszerben);férfi;nappali;magyar nyelv és irodalom;közép;rendes;Nem;magyar;2;31;31;megjelent;26;5;0;0;0;0;31;-;-;-;-
2020;1;Borsod-Abaúj-Zemplén;12;szakgimnázium/szakközépiskola (2016.09.01-től kifutó rendszerben);férfi;nappali;magyar nyelv és irodalom;közép;rendes;Nem;magyar;2;37;37;megjelent;23;0;3;7;3;1;37;-;-;-;-
2020;1;Borsod-Abaúj-Zemplén;12;szakgimnázium/szakközépiskola (2016.09.01-től kifutó rendszerben);férfi;nappali;magyar nyelv és irodalom;közép;rendes;Nem;magyar;3;50;50;megjelent;26;5;8;8;1;2;50;-;-;-;-
2020;1;Borsod-Abaúj-Zemplén;12;szakgimnázium/szakközépiskola (2016.09.01-től kifutó rendszerben);nő;nappali;magyar nyelv és irodalom;közép;rendes;Nem;magyar;5;95;95;megjelent;37;10;25;15;6;2;95;-;-;-;-
2020;1;Borsod-Abaúj-Zemplén;12;szakgimnázium/szakközépiskola (2016.09.01-től kifutó rendszerben);nő;nappali;magyar nyelv és irodalom;közép;rendes;Nem;magyar;4;75;75;megjelent;31;9;16;11;7;1;75;-;-;-;-
2020;1;Borsod-Abaúj-Zemplén;12;szakgimnázium/szakközépiskola (2016.09.01-től kifutó rendszerben);férfi;nappali;magyar nyelv és irodalom;közép;rendes;Nem;magyar;4;68;68;megjelent;34;0;18;12;3;1;68;-;-;-;-
2020;1;Borsod-Abaúj-Zemplén;12;szakgimnázium/szakközépiskola (2016.09.01-től kifutó rendszerben);férfi;nappali;magyar nyelv és irodalom;közép;rendes;Nem;magyar;2;34;34;megjelent;15;7;2;2;7;1;34;-;-;-;-
2020;1;Borsod-Abaúj-Zemplén;12;szakgimnázium/szakközépiskola (2016.09.01-től kifutó rendszerben);nő;nappali;magyar nyelv és irodalom;közép;rendes;Nem;magyar;4;69;69;megjelent;30;9;16;12;0;2;69;-;-;-;-
2020;1;Borsod-Abaúj-Zemplén;12;szakgimnázium/szakközépiskola (2016.09.01-től kifutó rendszerben);férfi;nappali;magyar nyelv és irodalom;közép;rendes;Nem;magyar;2;26;26;megjelent;18;0;5;3;0;0;26;-;-;-;-
2020;1;Borsod-Abaúj-Zemplén;12;szakgimnázium/szakközépiskola (2016.09.01-től kifutó rendszerben);férfi;nappali;magyar nyelv és irodalom;közép;rendes;Igen;magyar;3;42;39;megjelent;20;7;6;6;0;0;39;-;-;-;-
2020;1;Borsod-Abaúj-Zemplén;12;szakgimnázium/szakközépiskola (2016.09.01-től kifutó rendszerben);férfi;nappali;magyar nyelv és irodalom;közép;rendes;Nem;magyar;3;42;42;megjelent;20;7;9;5;0;1;42;-;-;-;-
2020;1;Borsod-Abaúj-Zemplén;12;szakgimnázium/szakközépiskola (2016.09.01-től kifutó rendszerben);férfi;nappali;magyar nyelv és irodalom;közép;rendes;Nem;magyar;2;29;29;megjelent;22;7;0;0;0;0;29;-;-;-;-
2020;1;Borsod-Abaúj-Zemplén;12;szakgimnázium/szakközépiskola (2016.09.01-től kifutó rendszerben);férfi;nappali;magyar nyelv és irodalom;közép;rendes;Nem;magyar;4;72;72;megjelent;31;8;19;13;0;1;72;-;-;-;-
2020;1;Borsod-Abaúj-Zemplén;12;szakgimnázium/szakközépiskola (2016.09.01-től kifutó rendszerben);férfi;nappali;magyar nyelv és irodalom;közép;rendes;Nem;magyar;4;61;61;megjelent;25;8;17;11;0;0;61;-;-;-;-
2020;1;Borsod-Abaúj-Zemplén;12;szakgimnázium/szakközépiskola (2016.09.01-től kifutó rendszerben);férfi;nappali;magyar nyelv és irodalom;közép;rendes;Nem;magyar;3;56;56;megjelent;33;5;10;8;0;0;56;-;-;-;-
2020;1;Borsod-Abaúj-Zemplén;12;szakgimnázium/szakközépiskola (2016.09.01-től kifutó rendszerben);férfi;nappali;magyar nyelv és irodalom;közép;rendes;Nem;magyar;2;25;25;megjelent;15;3;2;3;2;0;25;-;-;-;-
2020;1;Borsod-Abaúj-Zemplén;12;szakgimnázium/szakközépiskola (2016.09.01-től kifutó rendszerben);nő;nappali;magyar nyelv és irodalom;közép;rendes;Nem;magyar;4;60;60;megjelent;23;8;17;8;2;2;60;-;-;-;-
2020;1;Borsod-Abaúj-Zemplén;12;szakgimnázium/szakközépiskola (2016.09.01-től kifutó rendszerben);nő;nappali;magyar nyelv és irodalom;közép;rendes;Nem;magyar;2;36;36;megjelent;20;6;5;5;0;0;36;-;-;-;-
2020;1;Borsod-Abaúj-Zemplén;12;szakgimnázium/szakközépiskola (2016.09.01-től kifutó rendszerben);nő;nappali;magyar nyelv és irodalom;közép;előrehozott;Nem;magyar;3;50;50;megjelent;20;3;12;10;4;1;50;-;-;-;-
2020;1;Borsod-Abaúj-Zemplén;12;szakgimnázium/szakközépiskola (2016.09.01-től kifutó rendszerben);férfi;nappali;magyar nyelv és irodalom;közép;rendes;Nem;magyar;3;55;55;megjelent;25;7;7;8;7;1;55;-;-;-;-
2020;1;Borsod-Abaúj-Zemplén;12;szakgimnázium/szakközépiskola (2016.09.01-től kifutó rendszerben);férfi;nappali;magyar nyelv és irodalom;közép;rendes;Nem;magyar;5;80;80;megjelent;34;9;15;12;8;2;80;-;-;-;-
2020;1;Borsod-Abaúj-Zemplén;12;szakgimnázium/szakközépiskola (2016.09.01-től kifutó rendszerben);nő;nappali;magyar nyelv és irodalom;közép;rendes;Nem;magyar;2;36;36;megjelent;28;7;0;0;0;1;36;-;-;-;-
2020;1;Borsod-Abaúj-Zemplén;12;szakgimnázium/szakközépiskola (2016.09.01-től kifutó rendszerben);férfi;nappali;magyar nyelv és irodalom;közép;rendes;Nem;magyar;5;80;80;megjelent;33;10;20;12;3;2;80;-;-;-;-
2020;1;Borsod-Abaúj-Zemplén;12;szakgimnázium/szakközépiskola (2016.09.01-től kifutó rendszerben);nő;nappali;magyar nyelv és irodalom;közép;rendes;Nem;magyar;3;43;43;megjelent;20;8;4;10;0;1;43;-;-;-;-
2020;1;Borsod-Abaúj-Zemplén;12;szakgimnázium/szakközépiskola (2016.09.01-től kifutó rendszerben);férfi;nappali;magyar nyelv és irodalom;közép;rendes;Nem;magyar;3;50;50;megjelent;26;7;9;6;0;2;50;-;-;-;-
2020;1;Borsod-Abaúj-Zemplén;12;szakgimnázium/szakközépiskola (2016.09.01-től kifutó rendszerben);férfi;nappali;magyar nyelv és irodalom;közép;rendes;Nem;magyar;4;78;78;megjelent;33;9;22;13;0;1;78;-;-;-;-
2020;1;Borsod-Abaúj-Zemplén;12;szakgimnázium/szakközépiskola (2016.09.01-től kifutó rendszerben);nő;nappali;magyar nyelv és irodalom;közép;rendes;Nem;magyar;3;45;45;megjelent;23;9;3;9;0;1;45;-;-;-;-
2020;1;Borsod-Abaúj-Zemplén;12;szakgimnázium/szakközépiskola (2016.09.01-től kifutó rendszerben);férfi;nappali;magyar nyelv és irodalom;közép;rendes;Nem;magyar;3;43;43;megjelent;27;6;5;5;0;0;43;-;-;-;-
2020;1;Borsod-Abaúj-Zemplén;13;szakgimnázium/szakközépiskola (2016.09.01-től kifutó rendszerben);férfi;nappali;magyar nyelv és irodalom;közép;rendes;Nem;magyar;2;35;35;megjelent;18;3;8;6;0;0;35;-;-;-;-
2020;1;Borsod-Abaúj-Zemplén;13;szakgimnázium/szakközépiskola (2016.09.01-től kifutó rendszerben);férfi;nappali;magyar nyelv és irodalom;közép;rendes;Nem;magyar;3;43;43;megjelent;20;5;9;8;0;1;43;-;-;-;-
2020;1;Borsod-Abaúj-Zemplén;12;szakgimnázium/szakközépiskola (2016.09.01-től kifutó rendszerben);férfi;nappali;magyar nyelv és irodalom;közép;rendes;Nem;magyar;4;68;68;megjelent;33;6;18;9;0;2;68;-;-;-;-
2020;1;Borsod-Abaúj-Zemplén;13;szakgimnázium/szakközépiskola (2016.09.01-től kifutó rendszerben);nő;nappali;magyar nyelv és irodalom;közép;rendes;Nem;magyar;3;47;47;megjelent;18;5;14;8;0;2;47;-;-;-;-
2020;1;Borsod-Abaúj-Zemplén;13;szakgimnázium/szakközépiskola (2016.09.01-től kifutó rendszerben);férfi;nappali;magyar nyelv és irodalom;közép;rendes;Nem;magyar;3;43;43;megjelent;15;5;14;8;0;1;43;-;-;-;-
2020;1;Borsod-Abaúj-Zemplén;13;szakgimnázium/szakközépiskola (2016.09.01-től kifutó rendszerben);férfi;nappali;magyar nyelv és irodalom;közép;rendes;Nem;magyar;3;49;49;megjelent;25;4;12;8;0;0;49;-;-;-;-
2020;1;Borsod-Abaúj-Zemplén;12;szakgimnázium/szakközépiskola (2016.09.01-től kifutó rendszerben);nő;nappali;magyar nyelv és irodalom;közép;rendes;Nem;magyar;4;60;60;megjelent;30;6;10;13;0;1;60;-;-;-;-
2020;1;Borsod-Abaúj-Zemplén;12;szakgimnázium/szakközépiskola (2016.09.01-től kifutó rendszerben);nő;nappali;magyar nyelv és irodalom;közép;rendes;Nem;magyar;3;51;51;megjelent;22;3;12;9;4;1;51;-;-;-;-
2020;1;Borsod-Abaúj-Zemplén;12;szakgimnázium/szakközépiskola (2016.09.01-től kifutó rendszerben);férfi;nappali;magyar nyelv és irodalom;közép;rendes;Nem;magyar;3;44;44;megjelent;24;8;2;8;1;1;44;-;-;-;-
2020;1;Borsod-Abaúj-Zemplén;12;szakgimnázium/szakközépiskola (2016.09.01-től kifutó rendszerben);nő;nappali;magyar nyelv és irodalom;közép;rendes;Nem;magyar;3;45;45;megjelent;18;6;12;8;0;1;45;-;-;-;-
2020;1;Borsod-Abaúj-Zemplén;12;szakgimnázium/szakközépiskola (2016.09.01-től kifutó rendszerben);férfi;nappali;magyar nyelv és irodalom;közép;rendes;Nem;magyar;4;61;61;megjelent;33;10;5;10;1;2;61;-;-;-;-
2020;1;Borsod-Abaúj-Zemplén;12;szakgimnázium/szakközépiskola (2016.09.01-től kifutó rendszerben);férfi;nappali;magyar nyelv és irodalom;közép;rendes;Nem;magyar;4;61;61;megjelent;34;8;5;5;8;1;61;-;-;-;-
2020;1;Borsod-Abaúj-Zemplén;12;szakgimnázium/szakközépiskola (2016.09.01-től kifutó rendszerben);férfi;nappali;magyar nyelv és irodalom;közép;rendes;Nem;magyar;5;81;81;megjelent;33;9;19;11;7;2;81;-;-;-;-
2020;1;Borsod-Abaúj-Zemplén;12;szakgimnázium/szakközépiskola (2016.09.01-től kifutó rendszerben);férfi;nappali;magyar nyelv és irodalom;közép;rendes;Nem;magyar;4;65;65;megjelent;32;8;14;9;0;2;65;-;-;-;-
2020;1;Borsod-Abaúj-Zemplén;12;szakgimnázium/szakközépiskola (2016.09.01-től kifutó rendszerben);férfi;nappali;magyar nyelv és irodalom;közép;rendes;Nem;magyar;3;49;49;megjelent;29;8;4;8;0;0;49;-;-;-;-
2020;1;Borsod-Abaúj-Zemplén;12;szakgimnázium/szakközépiskola (2016.09.01-től kifutó rendszerben);férfi;nappali;magyar nyelv és irodalom;közép;rendes;Nem;magyar;4;74;74;megjelent;32;10;19;13;0;0;74;-;-;-;-
2020;1;Borsod-Abaúj-Zemplén;12;szakgimnázium/szakközépiskola (2016.09.01-től kifutó rendszerben);nő;nappali;magyar nyelv és irodalom;közép;rendes;Nem;magyar;4;76;76;megjelent;36;9;17;12;1;1;76;-;-;-;-
2020;1;Borsod-Abaúj-Zemplén;12;szakgimnázium/szakközépiskola (2016.09.01-től kifutó rendszerben);férfi;nappali;magyar nyelv és irodalom;közép;rendes;Nem;magyar;3;55;55;megjelent;29;7;12;7;0;0;55;-;-;-;-
2020;1;Borsod-Abaúj-Zemplén;12;szakgimnázium/szakközépiskola (2016.09.01-től kifutó rendszerben);férfi;nappali;magyar nyelv és irodalom;közép;rendes;Nem;magyar;3;50;50;megjelent;25;8;11;5;0;1;50;-;-;-;-
2020;1;Borsod-Abaúj-Zemplén;12;szakgimnázium/szakközépiskola (2016.09.01-től kifutó rendszerben);férfi;nappali;magyar nyelv és irodalom;közép;rendes;Nem;magyar;3;42;42;megjelent;21;4;8;8;0;1;42;-;-;-;-
2020;1;Borsod-Abaúj-Zemplén;12;szakgimnázium/szakközépiskola (2016.09.01-től kifutó rendszerben);férfi;nappali;magyar nyelv és irodalom;közép;rendes;Nem;magyar;3;42;42;megjelent;23;3;8;7;0;1;42;-;-;-;-
2020;1;Borsod-Abaúj-Zemplén;12;szakgimnázium/szakközépiskola (2016.09.01-től kifutó rendszerben);nő;nappali;magyar nyelv és irodalom;közép;rendes;Nem;magyar;4;61;61;megjelent;31;8;12;8;0;2;61;-;-;-;-
2020;1;Borsod-Abaúj-Zemplén;12;szakgimnázium/szakközépiskola (2016.09.01-től kifutó rendszerben);férfi;nappali;magyar nyelv és irodalom;közép;rendes;Nem;magyar;4;62;62;megjelent;29;7;14;10;0;2;62;-;-;-;-
2020;1;Borsod-Abaúj-Zemplén;12;szakgimnázium/szakközépiskola (2016.09.01-től kifutó rendszerben);férfi;nappali;magyar nyelv és irodalom;közép;rendes;Nem;magyar;2;26;26;megjelent;15;0;5;5;0;1;26;-;-;-;-
2020;1;Borsod-Abaúj-Zemplén;12;szakgimnázium/szakközépiskola (2016.09.01-től kifutó rendszerben);férfi;nappali;magyar nyelv és irodalom;közép;rendes;Nem;magyar;3;51;51;megjelent;27;7;9;7;0;1;51;-;-;-;-
2020;1;Borsod-Abaúj-Zemplén;12;szakgimnázium/szakközépiskola (2016.09.01-től kifutó rendszerben);férfi;nappali;magyar nyelv és irodalom;közép;rendes;Nem;magyar;2;35;35;megjelent;25;4;3;3;0;0;35;-;-;-;-
2020;1;Borsod-Abaúj-Zemplén;12;szakgimnázium/szakközépiskola (2016.09.01-től kifutó rendszerben);férfi;nappali;magyar nyelv és irodalom;közép;rendes;Nem;magyar;5;80;80;megjelent;33;9;24;14;0;0;80;-;-;-;-
2020;1;Borsod-Abaúj-Zemplén;12;szakgimnázium/szakközépiskola (2016.09.01-től kifutó rendszerben);nő;nappali;magyar nyelv és irodalom;közép;rendes;Nem;magyar;3;45;45;megjelent;19;7;11;6;0;2;45;-;-;-;-
2020;1;Borsod-Abaúj-Zemplén;12;szakgimnázium/szakközépiskola (2016.09.01-től kifutó rendszerben);férfi;nappali;magyar nyelv és irodalom;közép;rendes;Nem;magyar;2;26;26;megjelent;20;3;1;2;0;0;26;-;-;-;-
2020;1;Borsod-Abaúj-Zemplén;12;szakgimnázium/szakközépiskola (2016.09.01-től kifutó rendszerben);férfi;nappali;magyar nyelv és irodalom;közép;rendes;Nem;magyar;3;48;48;megjelent;26;4;10;7;0;1;48;-;-;-;-
2020;1;Borsod-Abaúj-Zemplén;12;szakgimnázium/szakközépiskola (2016.09.01-től kifutó rendszerben);nő;nappali;magyar nyelv és irodalom;közép;rendes;Nem;magyar;2;26;39;megjelent;13;0;1;4;0;1;19;8;4;8;20
2020;1;Borsod-Abaúj-Zemplén;12;szakgimnázium/szakközépiskola (2016.09.01-től kifutó rendszerben);férfi;nappali;magyar nyelv és irodalom;közép;rendes;Nem;magyar;3;45;45;megjelent;24;7;8;6;0;0;45;-;-;-;-
2020;1;Borsod-Abaúj-Zemplén;12;szakgimnázium/szakközépiskola (2016.09.01-től kifutó rendszerben);férfi;nappali;magyar nyelv és irodalom;közép;rendes;Nem;magyar;2;37;37;megjelent;23;7;3;3;0;1;37;-;-;-;-
2020;1;Borsod-Abaúj-Zemplén;12;szakgimnázium/szakközépiskola (2016.09.01-től kifutó rendszerben);férfi;nappali;magyar nyelv és irodalom;közép;rendes;Nem;magyar;3;44;44;megjelent;15;3;12;6;7;1;44;-;-;-;-
2020;1;Borsod-Abaúj-Zemplén;12;szakgimnázium/szakközépiskola (2016.09.01-től kifutó rendszerben);férfi;nappali;magyar nyelv és irodalom;közép;rendes;Nem;magyar;3;50;50;megjelent;24;9;8;8;0;1;50;-;-;-;-
2020;1;Borsod-Abaúj-Zemplén;12;szakgimnázium/szakközépiskola (2016.09.01-től kifutó rendszerben);férfi;nappali;magyar nyelv és irodalom;közép;rendes;Nem;magyar;3;49;49;megjelent;24;5;10;9;0;1;49;-;-;-;-
2020;1;Borsod-Abaúj-Zemplén;12;szakgimnázium/szakközépiskola (2016.09.01-től kifutó rendszerben);nő;nappali;magyar nyelv és irodalom;közép;rendes;Nem;magyar;4;63;63;megjelent;27;8;15;12;0;1;63;-;-;-;-
2020;1;Borsod-Abaúj-Zemplén;12;szakgimnázium/szakközépiskola (2016.09.01-től kifutó rendszerben);férfi;nappali;magyar nyelv és irodalom;közép;rendes;Nem;magyar;2;29;29;megjelent;22;0;4;3;0;0;29;-;-;-;-
2020;1;Borsod-Abaúj-Zemplén;12;szakgimnázium/szakközépiskola (2016.09.01-től kifutó rendszerben);férfi;nappali;magyar nyelv és irodalom;közép;rendes;Nem;magyar;5;80;80;megjelent;36;9;22;13;0;0;80;-;-;-;-
2020;1;Borsod-Abaúj-Zemplén;12;szakgimnázium/szakközépiskola (2016.09.01-től kifutó rendszerben);nő;nappali;magyar nyelv és irodalom;közép;rendes;Nem;magyar;3;51;51;megjelent;30;4;9;6;1;1;51;-;-;-;-
2020;1;Borsod-Abaúj-Zemplén;12;szakgimnázium/szakközépiskola (2016.09.01-től kifutó rendszerben);férfi;nappali;magyar nyelv és irodalom;közép;rendes;Nem;magyar;3;58;58;megjelent;31;7;10;7;3;0;58;-;-;-;-
2020;1;Borsod-Abaúj-Zemplén;12;szakgimnázium/szakközépiskola (2016.09.01-től kifutó rendszerben);nő;nappali;magyar nyelv és irodalom;közép;rendes;Nem;magyar;3;45;45;megjelent;26;8;4;6;0;1;45;-;-;-;-
2020;1;Borsod-Abaúj-Zemplén;12;szakgimnázium/szakközépiskola (2016.09.01-től kifutó rendszerben);férfi;nappali;magyar nyelv és irodalom;közép;rendes;Nem;magyar;5;81;81;megjelent;31;10;22;14;2;2;81;-;-;-;-
2020;1;Borsod-Abaúj-Zemplén;12;szakgimnázium/szakközépiskola (2016.09.01-től kifutó rendszerben);férfi;nappali;magyar nyelv és irodalom;közép;rendes;Nem;magyar;2;39;39;megjelent;24;6;6;3;0;0;39;-;-;-;-
2020;1;Borsod-Abaúj-Zemplén;12;szakgimnázium/szakközépiskola (2016.09.01-től kifutó rendszerben);férfi;nappali;magyar nyelv és irodalom;közép;rendes;Nem;magyar;3;44;44;megjelent;20;7;6;7;2;2;44;-;-;-;-
2020;1;Borsod-Abaúj-Zemplén;12;szakgimnázium/szakközépiskola (2016.09.01-től kifutó rendszerben);férfi;nappali;magyar nyelv és irodalom;közép;rendes;Nem;magyar;2;25;25;megjelent;18;3;2;2;0;0;25;-;-;-;-
2020;1;Borsod-Abaúj-Zemplén;12;szakgimnázium/szakközépiskola (2016.09.01-től kifutó rendszerben);férfi;nappali;magyar nyelv és irodalom;közép;rendes;Nem;magyar;3;48;48;megjelent;26;8;8;6;0;0;48;-;-;-;-
2020;1;Borsod-Abaúj-Zemplén;12;szakgimnázium/szakközépiskola (2016.09.01-től kifutó rendszerben);nő;nappali;magyar nyelv és irodalom;közép;rendes;Nem;magyar;3;50;50;megjelent;26;6;5;7;4;2;50;-;-;-;-
2020;1;Borsod-Abaúj-Zemplén;12;szakgimnázium/szakközépiskola (2016.09.01-től kifutó rendszerben);férfi;nappali;magyar nyelv és irodalom;közép;rendes;Nem;magyar;2;39;39;megjelent;29;3;4;3;0;0;39;-;-;-;-
2020;1;Borsod-Abaúj-Zemplén;12;szakgimnázium/szakközépiskola (2016.09.01-től kifutó rendszerben);férfi;nappali;magyar nyelv és irodalom;közép;rendes;Nem;magyar;4;63;63;megjelent;22;9;20;11;0;1;63;-;-;-;-
2020;1;Borsod-Abaúj-Zemplén;12;szakgimnázium/szakközépiskola (2016.09.01-től kifutó rendszerben);férfi;nappali;magyar nyelv és irodalom;közép;rendes;Nem;magyar;4;60;60;megjelent;27;9;12;9;1;2;60;-;-;-;-
2020;1;Borsod-Abaúj-Zemplén;12;szakgimnázium/szakközépiskola (2016.09.01-től kifutó rendszerben);férfi;nappali;magyar nyelv és irodalom;közép;rendes;Nem;magyar;2;28;28;megjelent;16;3;1;2;6;0;28;-;-;-;-
2020;1;Borsod-Abaúj-Zemplén;12;szakgimnázium/szakközépiskola (2016.09.01-től kifutó rendszerben);férfi;nappali;magyar nyelv és irodalom;közép;rendes;Nem;magyar;2;36;36;megjelent;24;5;3;3;0;1;36;-;-;-;-
2020;1;Borsod-Abaúj-Zemplén;12;szakgimnázium/szakközépiskola (2016.09.01-től kifutó rendszerben);férfi;nappali;magyar nyelv és irodalom;közép;rendes;Nem;magyar;4;71;71;megjelent;36;9;12;8;6;0;71;-;-;-;-
2020;1;Borsod-Abaúj-Zemplén;12;szakgimnázium/szakközépiskola (2016.09.01-től kifutó rendszerben);nő;nappali;magyar nyelv és irodalom;közép;rendes;Nem;magyar;3;58;58;megjelent;27;7;13;8;1;2;58;-;-;-;-
2020;1;Borsod-Abaúj-Zemplén;12;szakgimnázium/szakközépiskola (2016.09.01-től kifutó rendszerben);nő;nappali;magyar nyelv és irodalom;közép;rendes;Nem;magyar;4;60;60;megjelent;27;7;14;10;0;2;60;-;-;-;-
2020;1;Borsod-Abaúj-Zemplén;12;szakgimnázium/szakközépiskola (2016.09.01-től kifutó rendszerben);nő;nappali;magyar nyelv és irodalom;közép;rendes;Nem;magyar;3;51;51;megjelent;24;8;10;8;0;1;51;-;-;-;-
2020;1;Borsod-Abaúj-Zemplén;12;szakgimnázium/szakközépiskola (2016.09.01-től kifutó rendszerben);férfi;nappali;magyar nyelv és irodalom;közép;rendes;Nem;magyar;2;31;47;megjelent;14;0;0;0;2;1;17;15;7;8;30
2020;1;Borsod-Abaúj-Zemplén;12;szakgimnázium/szakközépiskola (2016.09.01-től kifutó rendszerben);férfi;nappali;magyar nyelv és irodalom;közép;rendes;Nem;magyar;2;32;32;megjelent;25;0;3;4;0;0;32;-;-;-;-
2020;1;Borsod-Abaúj-Zemplén;12;szakgimnázium/szakközépiskola (2016.09.01-től kifutó rendszerben);nő;nappali;magyar nyelv és irodalom;közép;rendes;Nem;magyar;2;38;38;megjelent;28;3;4;3;0;0;38;-;-;-;-
2020;1;Borsod-Abaúj-Zemplén;12;szakgimnázium/szakközépiskola (2016.09.01-től kifutó rendszerben);férfi;nappali;magyar nyelv és irodalom;közép;rendes;Nem;magyar;4;62;62;megjelent;25;9;12;7;7;2;62;-;-;-;-
2020;1;Borsod-Abaúj-Zemplén;12;szakgimnázium/szakközépiskola (2016.09.01-től kifutó rendszerben);férfi;nappali;magyar nyelv és irodalom;közép;rendes;Nem;magyar;4;60;60;megjelent;24;9;14;12;0;1;60;-;-;-;-
2020;1;Borsod-Abaúj-Zemplén;12;szakgimnázium/szakközépiskola (2016.09.01-től kifutó rendszerben);nő;nappali;magyar nyelv és irodalom;közép;rendes;Nem;magyar;3;56;56;megjelent;26;5;11;7;6;1;56;-;-;-;-
2020;1;Borsod-Abaúj-Zemplén;12;szakgimnázium/szakközépiskola (2016.09.01-től kifutó rendszerben);nő;nappali;magyar nyelv és irodalom;közép;rendes;Nem;magyar;4;61;61;megjelent;28;8;14;8;1;2;61;-;-;-;-
2020;1;Borsod-Abaúj-Zemplén;12;szakgimnázium/szakközépiskola (2016.09.01-től kifutó rendszerben);férfi;nappali;magyar nyelv és irodalom;közép;rendes;Nem;magyar;2;31;31;megjelent;21;4;3;3;0;0;31;-;-;-;-
2020;1;Borsod-Abaúj-Zemplén;12;szakgimnázium/szakközépiskola (2016.09.01-től kifutó rendszerben);férfi;nappali;magyar nyelv és irodalom;közép;rendes;Nem;magyar;4;60;60;megjelent;27;8;14;9;0;2;60;-;-;-;-
2020;1;Borsod-Abaúj-Zemplén;12;szakgimnázium/szakközépiskola (2016.09.01-től kifutó rendszerben);nő;nappali;magyar nyelv és irodalom;közép;rendes;Nem;magyar;3;56;56;megjelent;26;4;15;9;0;2;56;-;-;-;-
2020;1;Borsod-Abaúj-Zemplén;12;szakgimnázium/szakközépiskola (2016.09.01-től kifutó rendszerben);nő;nappali;magyar nyelv és irodalom;közép;rendes;Nem;magyar;3;55;55;megjelent;22;5;14;9;4;1;55;-;-;-;-
2020;1;Borsod-Abaúj-Zemplén;12;szakgimnázium/szakközépiskola (2016.09.01-től kifutó rendszerben);nő;nappali;magyar nyelv és irodalom;közép;rendes;Nem;magyar;4;73;73;megjelent;29;9;15;10;8;2;73;-;-;-;-
2020;1;Borsod-Abaúj-Zemplén;12;szakgimnázium/szakközépiskola (2016.09.01-től kifutó rendszerben);nő;nappali;magyar nyelv és irodalom;közép;rendes;Nem;magyar;3;55;55;megjelent;27;6;13;8;0;1;55;-;-;-;-
2020;1;Borsod-Abaúj-Zemplén;12;szakgimnázium/szakközépiskola (2016.09.01-től kifutó rendszerben);férfi;nappali;magyar nyelv és irodalom;közép;rendes;Nem;magyar;3;45;45;megjelent;21;4;12;8;0;0;45;-;-;-;-
2020;1;Borsod-Abaúj-Zemplén;12;szakgimnázium/szakközépiskola (2016.09.01-től kifutó rendszerben);férfi;nappali;magyar nyelv és irodalom;közép;rendes;Nem;magyar;3;51;51;megjelent;28;3;11;8;0;1;51;-;-;-;-
2020;1;Borsod-Abaúj-Zemplén;12;gimnázium;férfi;nappali;magyar nyelv és irodalom;közép;rendes;Nem;magyar;5;80;80;megjelent;34;8;16;12;8;2;80;-;-;-;-
2020;1;Borsod-Abaúj-Zemplén;12;szakgimnázium/szakközépiskola (2016.09.01-től kifutó rendszerben);férfi;nappali;magyar nyelv és irodalom;közép;rendes;Nem;magyar;3;51;51;megjelent;26;6;9;8;0;2;51;-;-;-;-
2020;1;Borsod-Abaúj-Zemplén;12;szakgimnázium/szakközépiskola (2016.09.01-től kifutó rendszerben);férfi;nappali;magyar nyelv és irodalom;közép;rendes;Nem;magyar;3;53;53;megjelent;22;6;15;9;0;1;53;-;-;-;-
2020;1;Borsod-Abaúj-Zemplén;12;szakgimnázium/szakközépiskola (2016.09.01-től kifutó rendszerben);férfi;nappali;magyar nyelv és irodalom;közép;rendes;Nem;magyar;3;41;41;megjelent;22;4;8;6;0;1;41;-;-;-;-
2020;1;Borsod-Abaúj-Zemplén;12;szakgimnázium/szakközépiskola (2016.09.01-től kifutó rendszerben);férfi;nappali;magyar nyelv és irodalom;közép;rendes;Nem;magyar;3;53;53;megjelent;27;4;10;11;0;1;53;-;-;-;-
2020;1;Borsod-Abaúj-Zemplén;12;szakgimnázium/szakközépiskola (2016.09.01-től kifutó rendszerben);férfi;nappali;magyar nyelv és irodalom;közép;rendes;Nem;magyar;2;25;25;megjelent;12;0;6;7;0;0;25;-;-;-;-
2020;1;Borsod-Abaúj-Zemplén;12;szakgimnázium/szakközépiskola (2016.09.01-től kifutó rendszerben);férfi;nappali;magyar nyelv és irodalom;közép;rendes;Nem;magyar;3;53;53;megjelent;30;8;7;7;0;1;53;-;-;-;-
2020;1;Borsod-Abaúj-Zemplén;12;szakgimnázium/szakközépiskola (2016.09.01-től kifutó rendszerben);férfi;nappali;magyar nyelv és irodalom;közép;rendes;Igen;magyar;3;53;49;megjelent;29;3;9;8;0;0;49;-;-;-;-
2020;1;Borsod-Abaúj-Zemplén;12;szakgimnázium/szakközépiskola (2016.09.01-től kifutó rendszerben);férfi;nappali;magyar nyelv és irodalom;közép;rendes;Nem;magyar;3;51;51;megjelent;26;5;9;9;0;2;51;-;-;-;-
2020;1;Borsod-Abaúj-Zemplén;12;szakgimnázium/szakközépiskola (2016.09.01-től kifutó rendszerben);férfi;nappali;magyar nyelv és irodalom;közép;rendes;Nem;magyar;2;27;27;megjelent;14;4;2;5;0;2;27;-;-;-;-
2020;1;Borsod-Abaúj-Zemplén;12;szakgimnázium/szakközépiskola (2016.09.01-től kifutó rendszerben);férfi;nappali;magyar nyelv és irodalom;közép;rendes;Igen;magyar;3;57;52;megjelent;31;5;7;9;0;0;52;-;-;-;-
2020;1;Borsod-Abaúj-Zemplén;12;szakgimnázium/szakközépiskola (2016.09.01-től kifutó rendszerben);férfi;nappali;magyar nyelv és irodalom;közép;rendes;Nem;magyar;3;41;41;megjelent;25;4;6;6;0;0;41;-;-;-;-
2020;1;Borsod-Abaúj-Zemplén;12;szakgimnázium/szakközépiskola (2016.09.01-től kifutó rendszerben);férfi;nappali;magyar nyelv és irodalom;közép;rendes;Nem;magyar;3;50;50;megjelent;30;4;8;7;0;1;50;-;-;-;-
2020;1;Borsod-Abaúj-Zemplén;12;szakgimnázium/szakközépiskola (2016.09.01-től kifutó rendszerben);férfi;nappali;magyar nyelv és irodalom;közép;rendes;Nem;magyar;3;51;51;megjelent;27;6;9;8;0;1;51;-;-;-;-
2020;1;Borsod-Abaúj-Zemplén;12;szakgimnázium/szakközépiskola (2016.09.01-től kifutó rendszerben);férfi;nappali;magyar nyelv és irodalom;közép;rendes;Nem;magyar;3;55;55;megjelent;29;6;9;9;0;2;55;-;-;-;-
2020;1;Borsod-Abaúj-Zemplén;12;szakgimnázium/szakközépiskola (2016.09.01-től kifutó rendszerben);férfi;nappali;magyar nyelv és irodalom;közép;rendes;Nem;magyar;2;26;26;megjelent;20;0;2;3;0;1;26;-;-;-;-
2020;1;Borsod-Abaúj-Zemplén;12;szakgimnázium/szakközépiskola (2016.09.01-től kifutó rendszerben);férfi;nappali;magyar nyelv és irodalom;közép;rendes;Nem;magyar;3;43;43;megjelent;25;4;8;6;0;0;43;-;-;-;-
2020;1;Borsod-Abaúj-Zemplén;12;gimnázium;nő;nappali;magyar nyelv és irodalom;közép;rendes;Nem;magyar;5;81;81;megjelent;35;10;19;15;2;0;81;-;-;-;-
2020;1;Borsod-Abaúj-Zemplén;12;gimnázium;férfi;nappali;magyar nyelv és irodalom;közép;rendes;Nem;magyar;4;66;66;megjelent;33;7;16;8;0;2;66;-;-;-;-
2020;1;Borsod-Abaúj-Zemplén;12;gimnázium;nő;nappali;magyar nyelv és irodalom;közép;rendes;Nem;magyar;5;86;86;megjelent;33;9;25;14;3;2;86;-;-;-;-
2020;1;Borsod-Abaúj-Zemplén;12;gimnázium;férfi;nappali;magyar nyelv és irodalom;közép;rendes;Nem;magyar;4;70;70;megjelent;31;7;18;12;1;1;70;-;-;-;-
2020;1;Borsod-Abaúj-Zemplén;12;gimnázium;nő;nappali;magyar nyelv és irodalom;közép;rendes;Nem;magyar;3;56;56;megjelent;24;7;10;7;6;2;56;-;-;-;-
2020;1;Borsod-Abaúj-Zemplén;12;gimnázium;nő;nappali;magyar nyelv és irodalom;közép;rendes;Nem;magyar;5;83;83;megjelent;34;7;22;14;4;2;83;-;-;-;-
2020;1;Borsod-Abaúj-Zemplén;12;gimnázium;férfi;nappali;magyar nyelv és irodalom;közép;rendes;Nem;magyar;3;53;53;megjelent;27;8;7;9;0;2;53;-;-;-;-
2020;1;Borsod-Abaúj-Zemplén;12;gimnázium;férfi;nappali;magyar nyelv és irodalom;közép;rendes;Nem;magyar;3;45;45;megjelent;28;3;10;4;0;0;45;-;-;-;-
2020;1;Borsod-Abaúj-Zemplén;12;gimnázium;nő;nappali;magyar nyelv és irodalom;közép;rendes;Nem;magyar;2;27;27;megjelent;17;0;4;4;0;2;27;-;-;-;-
2020;1;Borsod-Abaúj-Zemplén;12;gimnázium;nő;nappali;magyar nyelv és irodalom;közép;rendes;Nem;magyar;2;27;27;megjelent;8;5;8;4;0;2;27;-;-;-;-
2020;1;Borsod-Abaúj-Zemplén;12;gimnázium;nő;nappali;magyar nyelv és irodalom;közép;rendes;Nem;magyar;4;69;69;megjelent;31;8;17;10;1;2;69;-;-;-;-
2020;1;Borsod-Abaúj-Zemplén;12;szakgimnázium/szakközépiskola (2016.09.01-től kifutó rendszerben);férfi;nappali;magyar nyelv és irodalom;közép;rendes;Nem;magyar;3;53;53;megjelent;29;7;10;7;0;0;53;-;-;-;-
2020;1;Borsod-Abaúj-Zemplén;12;szakgimnázium/szakközépiskola (2016.09.01-től kifutó rendszerben);nő;nappali;magyar nyelv és irodalom;közép;rendes;Nem;magyar;4;78;78;megjelent;35;9;19;12;2;1;78;-;-;-;-
2020;1;Borsod-Abaúj-Zemplén;12;gimnázium;férfi;nappali;magyar nyelv és irodalom;közép;rendes;Nem;magyar;4;60;60;megjelent;22;8;15;8;5;2;60;-;-;-;-
2020;1;Borsod-Abaúj-Zemplén;12;gimnázium;férfi;nappali;magyar nyelv és irodalom;közép;rendes;Nem;magyar;4;60;60;megjelent;27;5;16;10;0;2;60;-;-;-;-
2020;1;Borsod-Abaúj-Zemplén;12;szakgimnázium/szakközépiskola (2016.09.01-től kifutó rendszerben);férfi;nappali;magyar nyelv és irodalom;közép;rendes;Nem;magyar;2;26;40;megjelent;6;1;2;3;0;0;12;14;7;7;28
2020;1;Borsod-Abaúj-Zemplén;13;szakgimnázium/szakközépiskola (2016.09.01-től kifutó rendszerben);férfi;nappali;magyar nyelv és irodalom;közép;rendes;Nem;magyar;3;40;40;megjelent;18;0;14;8;0;0;40;-;-;-;-
2020;1;Borsod-Abaúj-Zemplén;13;szakgimnázium/szakközépiskola (2016.09.01-től kifutó rendszerben);férfi;nappali;magyar nyelv és irodalom;közép;rendes;Nem;magyar;2;37;37;megjelent;18;0;12;7;0;0;37;-;-;-;-
2020;1;Borsod-Abaúj-Zemplén;13;szakgimnázium/szakközépiskola (2016.09.01-től kifutó rendszerben);férfi;nappali;magyar nyelv és irodalom;közép;rendes;Nem;magyar;2;31;31;megjelent;19;3;5;4;0;0;31;-;-;-;-
2020;1;Borsod-Abaúj-Zemplén;13;szakgimnázium/szakközépiskola (2016.09.01-től kifutó rendszerben);férfi;nappali;magyar nyelv és irodalom;közép;rendes;Nem;magyar;2;29;29;megjelent;17;3;4;5;0;0;29;-;-;-;-
2020;1;Borsod-Abaúj-Zemplén;13;szakgimnázium/szakközépiskola (2016.09.01-től kifutó rendszerben);férfi;nappali;magyar nyelv és irodalom;közép;rendes;Nem;magyar;2;26;40;megjelent;7;3;2;4;0;0;16;12;5;7;24
2020;1;Borsod-Abaúj-Zemplén;13;szakgimnázium/szakközépiskola (2016.09.01-től kifutó rendszerben);férfi;nappali;magyar nyelv és irodalom;közép;rendes;Nem;magyar;2;25;25;megjelent;13;1;5;6;0;0;25;-;-;-;-
2020;1;Borsod-Abaúj-Zemplén;13;szakgimnázium/szakközépiskola (2016.09.01-től kifutó rendszerben);férfi;nappali;magyar nyelv és irodalom;közép;rendes;Nem;magyar;2;32;49;megjelent;17;0;3;3;0;0;23;13;6;7;26
2020;1;Borsod-Abaúj-Zemplén;13;szakgimnázium/szakközépiskola (2016.09.01-től kifutó rendszerben);férfi;nappali;magyar nyelv és irodalom;közép;rendes;Nem;magyar;2;31;31;megjelent;20;2;5;4;0;0;31;-;-;-;-
2020;1;Borsod-Abaúj-Zemplén;13;szakgimnázium/szakközépiskola (2016.09.01-től kifutó rendszerben);férfi;nappali;magyar nyelv és irodalom;közép;rendes;Nem;magyar;4;62;62;megjelent;29;5;16;11;1;0;62;-;-;-;-
2020;1;Borsod-Abaúj-Zemplén;13;szakgimnázium/szakközépiskola (2016.09.01-től kifutó rendszerben);férfi;nappali;magyar nyelv és irodalom;közép;rendes;Nem;magyar;3;57;57;megjelent;31;6;12;6;1;1;57;-;-;-;-
2020;1;Borsod-Abaúj-Zemplén;13;szakgimnázium/szakközépiskola (2016.09.01-től kifutó rendszerben);férfi;nappali;magyar nyelv és irodalom;közép;rendes;Nem;magyar;2;30;30;megjelent;19;4;2;5;0;0;30;-;-;-;-
2020;1;Borsod-Abaúj-Zemplén;12;gimnázium;nő;nappali;magyar nyelv és irodalom;közép;rendes;Nem;magyar;5;88;88;megjelent;35;10;20;15;6;2;88;-;-;-;-
2020;1;Borsod-Abaúj-Zemplén;12;gimnázium;nő;nappali;magyar nyelv és irodalom;közép;rendes;Nem;magyar;5;86;86;megjelent;31;10;22;13;8;2;86;-;-;-;-
2020;1;Borsod-Abaúj-Zemplén;12;gimnázium;férfi;nappali;magyar nyelv és irodalom;közép;rendes;Nem;magyar;4;75;75;megjelent;34;9;14;11;5;2;75;-;-;-;-
2020;1;Borsod-Abaúj-Zemplén;12;gimnázium;férfi;nappali;magyar nyelv és irodalom;közép;rendes;Nem;magyar;4;60;60;megjelent;28;7;9;14;0;2;60;-;-;-;-
2020;1;Borsod-Abaúj-Zemplén;12;gimnázium;férfi;nappali;magyar nyelv és irodalom;közép;rendes;Nem;magyar;5;95;95;megjelent;36;9;25;15;8;2;95;-;-;-;-
2020;1;Borsod-Abaúj-Zemplén;12;gimnázium;nő;nappali;magyar nyelv és irodalom;közép;rendes;Nem;magyar;5;90;90;megjelent;34;9;22;15;8;2;90;-;-;-;-
2020;1;Borsod-Abaúj-Zemplén;12;gimnázium;nő;nappali;magyar nyelv és irodalom;közép;rendes;Nem;magyar;4;74;74;megjelent;24;10;19;11;8;2;74;-;-;-;-
2020;1;Borsod-Abaúj-Zemplén;12;gimnázium;férfi;nappali;magyar nyelv és irodalom;közép;rendes;Nem;magyar;4;66;66;megjelent;29;6;19;10;0;2;66;-;-;-;-
2020;1;Borsod-Abaúj-Zemplén;12;gimnázium;nő;nappali;magyar nyelv és irodalom;közép;rendes;Nem;magyar;4;60;60;megjelent;25;9;15;9;0;2;60;-;-;-;-
2020;1;Borsod-Abaúj-Zemplén;12;gimnázium;férfi;nappali;magyar nyelv és irodalom;közép;rendes;Nem;magyar;4;75;75;megjelent;35;9;16;13;0;2;75;-;-;-;-
2020;1;Borsod-Abaúj-Zemplén;12;gimnázium;férfi;nappali;magyar nyelv és irodalom;közép;rendes;Nem;magyar;4;76;76;megjelent;34;10;14;11;5;2;76;-;-;-;-
2020;1;Borsod-Abaúj-Zemplén;12;gimnázium;férfi;nappali;magyar nyelv és irodalom;közép;rendes;Nem;magyar;5;84;84;megjelent;33;10;20;13;6;2;84;-;-;-;-
2020;1;Borsod-Abaúj-Zemplén;12;gimnázium;férfi;nappali;magyar nyelv és irodalom;közép;rendes;Nem;magyar;4;63;63;megjelent;30;8;14;9;0;2;63;-;-;-;-
2020;1;Borsod-Abaúj-Zemplén;12;gimnázium;férfi;nappali;magyar nyelv és irodalom;közép;rendes;Nem;magyar;5;93;93;megjelent;37;10;25;15;4;2;93;-;-;-;-
2020;1;Borsod-Abaúj-Zemplén;12;gimnázium;nő;nappali;magyar nyelv és irodalom;közép;rendes;Nem;magyar;5;86;86;megjelent;33;10;20;13;8;2;86;-;-;-;-
2020;1;Borsod-Abaúj-Zemplén;12;gimnázium;férfi;nappali;magyar nyelv és irodalom;közép;rendes;Nem;magyar;5;90;90;megjelent;37;10;21;14;7;1;90;-;-;-;-
2020;1;Borsod-Abaúj-Zemplén;12;gimnázium;nő;nappali;magyar nyelv és irodalom;közép;rendes;Nem;magyar;5;94;94;megjelent;36;10;23;15;8;2;94;-;-;-;-
2020;1;Borsod-Abaúj-Zemplén;12;gimnázium;férfi;nappali;magyar nyelv és irodalom;közép;rendes;Nem;magyar;4;70;70;megjelent;30;10;14;10;4;2;70;-;-;-;-
2020;1;Borsod-Abaúj-Zemplén;12;gimnázium;nő;nappali;magyar nyelv és irodalom;közép;rendes;Nem;magyar;5;90;90;megjelent;31;10;25;15;7;2;90;-;-;-;-
2020;1;Borsod-Abaúj-Zemplén;12;gimnázium;nő;nappali;magyar nyelv és irodalom;közép;rendes;Nem;magyar;5;89;89;megjelent;32;10;24;15;6;2;89;-;-;-;-
2020;1;Borsod-Abaúj-Zemplén;12;gimnázium;férfi;nappali;magyar nyelv és irodalom;közép;rendes;Nem;magyar;4;73;73;megjelent;36;10;9;10;6;2;73;-;-;-;-
2020;1;Borsod-Abaúj-Zemplén;12;gimnázium;férfi;nappali;magyar nyelv és irodalom;közép;rendes;Nem;magyar;4;76;76;megjelent;35;8;14;10;7;2;76;-;-;-;-
2020;1;Borsod-Abaúj-Zemplén;12;gimnázium;nő;nappali;magyar nyelv és irodalom;közép;rendes;Nem;magyar;5;86;86;megjelent;36;10;23;12;3;2;86;-;-;-;-
2020;1;Borsod-Abaúj-Zemplén;12;gimnázium;férfi;nappali;magyar nyelv és irodalom;közép;rendes;Nem;magyar;4;68;68;megjelent;27;10;15;13;1;2;68;-;-;-;-
2020;1;Borsod-Abaúj-Zemplén;12;gimnázium;nő;nappali;magyar nyelv és irodalom;közép;rendes;Nem;magyar;5;87;87;megjelent;34;10;25;14;2;2;87;-;-;-;-
2020;1;Borsod-Abaúj-Zemplén;12;gimnázium;nő;nappali;magyar nyelv és irodalom;közép;rendes;Nem;magyar;4;76;76;megjelent;29;9;21;13;2;2;76;-;-;-;-
2020;1;Borsod-Abaúj-Zemplén;12;gimnázium;férfi;nappali;magyar nyelv és irodalom;közép;rendes;Nem;magyar;4;63;63;megjelent;24;9;17;11;2;0;63;-;-;-;-
2020;1;Borsod-Abaúj-Zemplén;12;gimnázium;nő;nappali;magyar nyelv és irodalom;közép;rendes;Nem;magyar;3;49;49;megjelent;23;5;11;8;0;2;49;-;-;-;-
2020;1;Borsod-Abaúj-Zemplén;12;gimnázium;férfi;nappali;magyar nyelv és irodalom;közép;rendes;Nem;magyar;4;70;70;megjelent;29;10;19;10;0;2;70;-;-;-;-
2020;1;Borsod-Abaúj-Zemplén;12;gimnázium;nő;nappali;magyar nyelv és irodalom;közép;rendes;Nem;magyar;4;70;70;megjelent;30;8;17;10;3;2;70;-;-;-;-
2020;1;Borsod-Abaúj-Zemplén;12;szakgimnázium/szakközépiskola (2016.09.01-től kifutó rendszerben);nő;nappali;magyar nyelv és irodalom;közép;rendes;Nem;magyar;2;27;27;megjelent;23;0;1;2;0;1;27;-;-;-;-
2020;1;Borsod-Abaúj-Zemplén;12;gimnázium;nő;nappali;magyar nyelv és irodalom;közép;rendes;Nem;magyar;4;75;75;megjelent;31;0;22;15;5;2;75;-;-;-;-
2020;1;Borsod-Abaúj-Zemplén;12;szakgimnázium/szakközépiskola (2016.09.01-től kifutó rendszerben);férfi;nappali;magyar nyelv és irodalom;közép;rendes;Nem;magyar;2;26;26;megjelent;24;0;1;1;0;0;26;-;-;-;-
2020;1;Borsod-Abaúj-Zemplén;12;gimnázium;férfi;nappali;magyar nyelv és irodalom;közép;rendes;Nem;magyar;5;93;93;megjelent;34;10;25;15;7;2;93;-;-;-;-
2020;1;Borsod-Abaúj-Zemplén;12;szakgimnázium/szakközépiskola (2016.09.01-től kifutó rendszerben);férfi;nappali;magyar nyelv és irodalom;közép;rendes;Nem;magyar;3;45;45;megjelent;27;1;9;8;0;0;45;-;-;-;-
2020;1;Borsod-Abaúj-Zemplén;12;gimnázium;nő;nappali;magyar nyelv és irodalom;közép;rendes;Nem;magyar;5;80;80;megjelent;36;9;20;13;0;2;80;-;-;-;-
2020;1;Borsod-Abaúj-Zemplén;12;szakgimnázium/szakközépiskola (2016.09.01-től kifutó rendszerben);férfi;nappali;magyar nyelv és irodalom;közép;rendes;Nem;magyar;2;39;39;megjelent;25;5;5;4;0;0;39;-;-;-;-
2020;1;Borsod-Abaúj-Zemplén;12;szakgimnázium/szakközépiskola (2016.09.01-től kifutó rendszerben);férfi;nappali;magyar nyelv és irodalom;közép;rendes;Nem;magyar;2;33;33;megjelent;21;0;8;4;0;0;33;-;-;-;-
2020;1;Borsod-Abaúj-Zemplén;12;szakgimnázium/szakközépiskola (2016.09.01-től kifutó rendszerben);nő;nappali;magyar nyelv és irodalom;közép;rendes;Nem;magyar;2;37;37;megjelent;26;0;4;6;0;1;37;-;-;-;-
2020;1;Borsod-Abaúj-Zemplén;12;szakgimnázium/szakközépiskola (2016.09.01-től kifutó rendszerben);nő;nappali;magyar nyelv és irodalom;közép;rendes;Nem;magyar;2;29;29;megjelent;19;3;4;3;0;0;29;-;-;-;-
2020;1;Borsod-Abaúj-Zemplén;12;szakgimnázium/szakközépiskola (2016.09.01-től kifutó rendszerben);férfi;nappali;magyar nyelv és irodalom;közép;rendes;Nem;magyar;2;36;36;megjelent;16;4;8;7;0;1;36;-;-;-;-
2020;1;Borsod-Abaúj-Zemplén;12;gimnázium;férfi;nappali;magyar nyelv és irodalom;közép;rendes;Nem;magyar;5;80;80;megjelent;32;7;25;14;0;2;80;-;-;-;-
2020;1;Borsod-Abaúj-Zemplén;12;gimnázium;nő;nappali;magyar nyelv és irodalom;közép;rendes;Nem;magyar;3;53;53;megjelent;27;4;12;8;0;2;53;-;-;-;-
2020;1;Borsod-Abaúj-Zemplén;12;gimnázium;nő;nappali;magyar nyelv és irodalom;közép;rendes;Nem;magyar;4;60;60;megjelent;26;5;19;8;0;2;60;-;-;-;-
2020;1;Borsod-Abaúj-Zemplén;12;gimnázium;nő;nappali;magyar nyelv és irodalom;közép;rendes;Nem;magyar;4;76;76;megjelent;30;8;23;13;0;2;76;-;-;-;-
2020;1;Borsod-Abaúj-Zemplén;12;gimnázium;nő;nappali;magyar nyelv és irodalom;közép;rendes;Nem;magyar;4;62;62;megjelent;29;5;14;11;1;2;62;-;-;-;-
2020;1;Borsod-Abaúj-Zemplén;12;gimnázium;férfi;nappali;magyar nyelv és irodalom;közép;rendes;Nem;magyar;5;80;80;megjelent;33;9;23;13;0;2;80;-;-;-;-
2020;1;Borsod-Abaúj-Zemplén;12;gimnázium;férfi;nappali;magyar nyelv és irodalom;közép;rendes;Nem;magyar;3;50;50;megjelent;27;6;8;7;0;2;50;-;-;-;-
2020;1;Borsod-Abaúj-Zemplén;12;szakgimnázium/szakközépiskola (2016.09.01-től kifutó rendszerben);nő;nappali;magyar nyelv és irodalom;közép;rendes;Nem;magyar;4;74;74;megjelent;28;6;20;12;6;2;74;-;-;-;-
2020;1;Borsod-Abaúj-Zemplén;12;szakgimnázium/szakközépiskola (2016.09.01-től kifutó rendszerben);férfi;nappali;magyar nyelv és irodalom;közép;rendes;Nem;magyar;3;49;49;megjelent;22;6;12;9;0;0;49;-;-;-;-
2020;1;Borsod-Abaúj-Zemplén;12;gimnázium;nő;nappali;magyar nyelv és irodalom;közép;rendes;Nem;magyar;4;60;60;megjelent;28;6;14;10;0;2;60;-;-;-;-
2020;1;Borsod-Abaúj-Zemplén;12;szakgimnázium/szakközépiskola (2016.09.01-től kifutó rendszerben);nő;nappali;magyar nyelv és irodalom;közép;rendes;Nem;magyar;4;64;64;megjelent;25;5;19;12;2;1;64;-;-;-;-
2020;1;Borsod-Abaúj-Zemplén;12;szakgimnázium/szakközépiskola (2016.09.01-től kifutó rendszerben);nő;nappali;magyar nyelv és irodalom;közép;rendes;Nem;magyar;3;44;44;megjelent;18;0;15;10;0;1;44;-;-;-;-
2020;1;Borsod-Abaúj-Zemplén;12;szakgimnázium/szakközépiskola (2016.09.01-től kifutó rendszerben);férfi;nappali;magyar nyelv és irodalom;közép;rendes;Nem;magyar;2;36;36;megjelent;19;4;5;7;0;1;36;-;-;-;-
2020;1;Borsod-Abaúj-Zemplén;12;gimnázium;nő;nappali;magyar nyelv és irodalom;közép;rendes;Nem;magyar;5;97;97;megjelent;37;10;25;15;8;2;97;-;-;-;-
2020;1;Borsod-Abaúj-Zemplén;12;szakgimnázium/szakközépiskola (2016.09.01-től kifutó rendszerben);férfi;nappali;magyar nyelv és irodalom;közép;rendes;Nem;magyar;3;45;45;megjelent;17;4;14;9;0;1;45;-;-;-;-
2020;1;Borsod-Abaúj-Zemplén;12;szakgimnázium/szakközépiskola (2016.09.01-től kifutó rendszerben);nő;nappali;magyar nyelv és irodalom;közép;rendes;Nem;magyar;4;73;73;megjelent;26;10;23;12;0;2;73;-;-;-;-
2020;1;Borsod-Abaúj-Zemplén;12;gimnázium;nő;nappali;magyar nyelv és irodalom;közép;rendes;Nem;magyar;4;77;77;megjelent;35;8;19;13;0;2;77;-;-;-;-
2020;1;Borsod-Abaúj-Zemplén;12;gimnázium;nő;nappali;magyar nyelv és irodalom;közép;rendes;Nem;magyar;5;94;94;megjelent;35;10;25;15;7;2;94;-;-;-;-
2020;1;Borsod-Abaúj-Zemplén;12;szakgimnázium/szakközépiskola (2016.09.01-től kifutó rendszerben);férfi;nappali;magyar nyelv és irodalom;közép;rendes;Nem;magyar;4;69;69;megjelent;31;5;21;11;0;1;69;-;-;-;-
2020;1;Borsod-Abaúj-Zemplén;12;gimnázium;nő;nappali;magyar nyelv és irodalom;közép;rendes;Nem;magyar;5;90;90;megjelent;35;8;25;15;5;2;90;-;-;-;-
2020;1;Borsod-Abaúj-Zemplén;12;szakgimnázium/szakközépiskola (2016.09.01-től kifutó rendszerben);nő;nappali;magyar nyelv és irodalom;közép;rendes;Nem;magyar;3;46;46;megjelent;18;5;12;9;0;2;46;-;-;-;-
2020;1;Borsod-Abaúj-Zemplén;12;gimnázium;nő;nappali;magyar nyelv és irodalom;közép;rendes;Nem;magyar;5;86;86;megjelent;36;9;22;14;3;2;86;-;-;-;-
2020;1;Borsod-Abaúj-Zemplén;12;szakgimnázium/szakközépiskola (2016.09.01-től kifutó rendszerben);nő;nappali;magyar nyelv és irodalom;közép;rendes;Nem;magyar;3;54;54;megjelent;24;7;12;10;0;1;54;-;-;-;-
2020;1;Borsod-Abaúj-Zemplén;12;szakgimnázium/szakközépiskola (2016.09.01-től kifutó rendszerben);nő;nappali;magyar nyelv és irodalom;közép;rendes;Nem;magyar;3;51;51;megjelent;19;3;17;10;0;2;51;-;-;-;-
2020;1;Borsod-Abaúj-Zemplén;12;gimnázium;nő;nappali;magyar nyelv és irodalom;közép;rendes;Nem;magyar;5;83;83;megjelent;31;10;20;15;5;2;83;-;-;-;-
2020;1;Borsod-Abaúj-Zemplén;12;szakgimnázium/szakközépiskola (2016.09.01-től kifutó rendszerben);nő;nappali;magyar nyelv és irodalom;közép;rendes;Nem;magyar;3;45;45;megjelent;24;8;6;7;0;0;45;-;-;-;-
2020;1;Borsod-Abaúj-Zemplén;12;szakgimnázium/szakközépiskola (2016.09.01-től kifutó rendszerben);nő;nappali;magyar nyelv és irodalom;közép;rendes;Nem;magyar;3;55;55;megjelent;18;5;20;11;0;1;55;-;-;-;-
2020;1;Borsod-Abaúj-Zemplén;12;gimnázium;nő;nappali;magyar nyelv és irodalom;közép;rendes;Nem;magyar;5;80;80;megjelent;30;7;22;13;6;2;80;-;-;-;-
2020;1;Borsod-Abaúj-Zemplén;12;szakgimnázium/szakközépiskola (2016.09.01-től kifutó rendszerben);nő;nappali;magyar nyelv és irodalom;közép;rendes;Nem;magyar;4;70;70;megjelent;24;7;22;13;2;2;70;-;-;-;-
2020;1;Borsod-Abaúj-Zemplén;12;szakgimnázium/szakközépiskola (2016.09.01-től kifutó rendszerben);nő;nappali;magyar nyelv és irodalom;közép;rendes;Nem;magyar;2;32;32;megjelent;15;6;4;7;0;0;32;-;-;-;-
2020;1;Borsod-Abaúj-Zemplén;12;gimnázium;nő;nappali;magyar nyelv és irodalom;közép;rendes;Nem;magyar;4;63;63;megjelent;28;5;17;11;0;2;63;-;-;-;-
2020;1;Borsod-Abaúj-Zemplén;12;szakgimnázium/szakközépiskola (2016.09.01-től kifutó rendszerben);férfi;nappali;magyar nyelv és irodalom;közép;rendes;Nem;magyar;3;54;54;megjelent;32;5;8;9;0;0;54;-;-;-;-
2020;1;Borsod-Abaúj-Zemplén;12;szakgimnázium/szakközépiskola (2016.09.01-től kifutó rendszerben);nő;nappali;magyar nyelv és irodalom;közép;rendes;Nem;magyar;2;26;26;megjelent;8;6;7;5;0;0;26;-;-;-;-
2020;1;Borsod-Abaúj-Zemplén;12;gimnázium;nő;nappali;magyar nyelv és irodalom;közép;rendes;Nem;magyar;5;80;80;megjelent;32;7;19;15;5;2;80;-;-;-;-
2020;1;Borsod-Abaúj-Zemplén;12;szakgimnázium/szakközépiskola (2016.09.01-től kifutó rendszerben);nő;nappali;magyar nyelv és irodalom;közép;rendes;Nem;magyar;3;41;41;megjelent;14;3;11;9;2;2;41;-;-;-;-
2020;1;Borsod-Abaúj-Zemplén;12;szakgimnázium/szakközépiskola (2016.09.01-től kifutó rendszerben);férfi;nappali;magyar nyelv és irodalom;közép;rendes;Nem;magyar;4;72;72;megjelent;30;9;21;11;0;1;72;-;-;-;-
2020;1;Borsod-Abaúj-Zemplén;12;szakgimnázium/szakközépiskola (2016.09.01-től kifutó rendszerben);nő;nappali;magyar nyelv és irodalom;közép;rendes;Nem;magyar;2;33;33;megjelent;15;7;1;8;0;2;33;-;-;-;-
2020;1;Borsod-Abaúj-Zemplén;12;szakgimnázium/szakközépiskola (2016.09.01-től kifutó rendszerben);nő;nappali;magyar nyelv és irodalom;közép;rendes;Nem;magyar;3;48;48;megjelent;15;8;14;9;0;2;48;-;-;-;-
2020;1;Borsod-Abaúj-Zemplén;12;szakgimnázium/szakközépiskola (2016.09.01-től kifutó rendszerben);nő;nappali;magyar nyelv és irodalom;közép;rendes;Nem;magyar;2;28;28;megjelent;13;5;3;7;0;0;28;-;-;-;-
2020;1;Borsod-Abaúj-Zemplén;12;szakgimnázium/szakközépiskola (2016.09.01-től kifutó rendszerben);nő;nappali;magyar nyelv és irodalom;közép;rendes;Nem;magyar;3;47;47;megjelent;23;6;9;9;0;0;47;-;-;-;-
2020;1;Borsod-Abaúj-Zemplén;12;szakgimnázium/szakközépiskola (2016.09.01-től kifutó rendszerben);férfi;nappali;magyar nyelv és irodalom;közép;rendes;Nem;magyar;2;25;38;megjelent;17;2;1;2;0;0;22;7;4;5;16
2020;1;Borsod-Abaúj-Zemplén;12;szakgimnázium/szakközépiskola (2016.09.01-től kifutó rendszerben);nő;nappali;magyar nyelv és irodalom;közép;rendes;Nem;magyar;4;62;62;megjelent;32;4;15;11;0;0;62;-;-;-;-
2020;1;Borsod-Abaúj-Zemplén;12;szakgimnázium/szakközépiskola (2016.09.01-től kifutó rendszerben);férfi;nappali;magyar nyelv és irodalom;közép;rendes;Nem;magyar;2;33;33;megjelent;20;0;9;4;0;0;33;-;-;-;-
2020;1;Borsod-Abaúj-Zemplén;12;szakgimnázium/szakközépiskola (2016.09.01-től kifutó rendszerben);nő;nappali;magyar nyelv és irodalom;közép;rendes;Nem;magyar;2;29;29;megjelent;14;3;5;7;0;0;29;-;-;-;-
2020;1;Borsod-Abaúj-Zemplén;12;szakgimnázium/szakközépiskola (2016.09.01-től kifutó rendszerben);nő;nappali;magyar nyelv és irodalom;közép;rendes;Nem;magyar;2;27;27;megjelent;12;3;6;6;0;0;27;-;-;-;-
2020;1;Borsod-Abaúj-Zemplén;12;szakgimnázium/szakközépiskola (2016.09.01-től kifutó rendszerben);nő;nappali;magyar nyelv és irodalom;közép;rendes;Nem;magyar;2;26;26;megjelent;17;0;1;4;2;2;26;-;-;-;-
2020;1;Borsod-Abaúj-Zemplén;12;szakgimnázium/szakközépiskola (2016.09.01-től kifutó rendszerben);nő;nappali;magyar nyelv és irodalom;közép;rendes;Nem;magyar;4;71;71;megjelent;32;10;19;10;0;0;71;-;-;-;-
2020;1;Borsod-Abaúj-Zemplén;12;gimnázium;nő;nappali;magyar nyelv és irodalom;közép;rendes;Nem;magyar;4;63;63;megjelent;30;7;15;11;0;0;63;-;-;-;-
2020;1;Borsod-Abaúj-Zemplén;12;szakgimnázium/szakközépiskola (2016.09.01-től kifutó rendszerben);nő;nappali;magyar nyelv és irodalom;közép;rendes;Igen;magyar;3;40;37;megjelent;18;0;12;7;0;0;37;-;-;-;-
2020;1;Borsod-Abaúj-Zemplén;12;szakgimnázium/szakközépiskola (2016.09.01-től kifutó rendszerben);nő;nappali;magyar nyelv és irodalom;közép;rendes;Nem;magyar;2;28;28;megjelent;16;6;1;5;0;0;28;-;-;-;-
2020;1;Borsod-Abaúj-Zemplén;12;gimnázium;férfi;nappali;magyar nyelv és irodalom;közép;rendes;Nem;magyar;4;77;77;megjelent;33;7;24;11;0;2;77;-;-;-;-
2020;1;Borsod-Abaúj-Zemplén;12;gimnázium;férfi;nappali;magyar nyelv és irodalom;közép;rendes;Nem;magyar;4;64;64;megjelent;30;9;15;10;0;0;64;-;-;-;-
2020;1;Borsod-Abaúj-Zemplén;12;szakgimnázium/szakközépiskola (2016.09.01-től kifutó rendszerben);nő;nappali;magyar nyelv és irodalom;közép;rendes;Nem;magyar;3;57;57;megjelent;29;0;17;11;0;0;57;-;-;-;-
2020;1;Borsod-Abaúj-Zemplén;12;szakgimnázium/szakközépiskola (2016.09.01-től kifutó rendszerben);nő;nappali;magyar nyelv és irodalom;közép;rendes;Nem;magyar;4;61;61;megjelent;30;7;14;10;0;0;61;-;-;-;-
2020;1;Borsod-Abaúj-Zemplén;12;gimnázium;nő;nappali;magyar nyelv és irodalom;közép;rendes;Nem;magyar;4;76;76;megjelent;33;5;23;13;0;2;76;-;-;-;-
2020;1;Borsod-Abaúj-Zemplén;12;szakgimnázium/szakközépiskola (2016.09.01-től kifutó rendszerben);férfi;nappali;magyar nyelv és irodalom;közép;rendes;Nem;magyar;3;41;41;megjelent;16;4;12;9;0;0;41;-;-;-;-
2020;1;Borsod-Abaúj-Zemplén;12;gimnázium;nő;nappali;magyar nyelv és irodalom;közép;rendes;Nem;magyar;5;82;82;megjelent;28;9;23;12;8;2;82;-;-;-;-
2020;1;Borsod-Abaúj-Zemplén;12;szakgimnázium/szakközépiskola (2016.09.01-től kifutó rendszerben);nő;nappali;magyar nyelv és irodalom;közép;rendes;Nem;magyar;4;61;61;megjelent;27;8;15;9;0;2;61;-;-;-;-
2020;1;Borsod-Abaúj-Zemplén;12;szakgimnázium/szakközépiskola (2016.09.01-től kifutó rendszerben);férfi;nappali;magyar nyelv és irodalom;közép;rendes;Nem;magyar;2;35;35;megjelent;20;0;6;9;0;0;35;-;-;-;-
2020;1;Borsod-Abaúj-Zemplén;12;gimnázium;nő;nappali;magyar nyelv és irodalom;közép;rendes;Nem;magyar;4;74;74;megjelent;32;4;17;13;6;2;74;-;-;-;-
2020;1;Borsod-Abaúj-Zemplén;12;gimnázium;nő;nappali;magyar nyelv és irodalom;közép;rendes;Nem;magyar;5;88;88;megjelent;30;10;24;14;8;2;88;-;-;-;-
2020;1;Borsod-Abaúj-Zemplén;12;szakgimnázium/szakközépiskola (2016.09.01-től kifutó rendszerben);nő;nappali;magyar nyelv és irodalom;közép;rendes;Nem;magyar;2;31;31;megjelent;13;5;3;4;4;2;31;-;-;-;-
2020;1;Borsod-Abaúj-Zemplén;12;szakgimnázium/szakközépiskola (2016.09.01-től kifutó rendszerben);férfi;nappali;magyar nyelv és irodalom;közép;rendes;Nem;magyar;2;36;36;megjelent;22;5;1;8;0;0;36;-;-;-;-
2020;1;Borsod-Abaúj-Zemplén;12;szakgimnázium/szakközépiskola (2016.09.01-től kifutó rendszerben);nő;nappali;magyar nyelv és irodalom;közép;rendes;Nem;magyar;2;27;27;megjelent;12;3;6;5;0;1;27;-;-;-;-
2020;1;Borsod-Abaúj-Zemplén;12;szakgimnázium/szakközépiskola (2016.09.01-től kifutó rendszerben);nő;nappali;magyar nyelv és irodalom;közép;rendes;Nem;magyar;2;27;27;megjelent;12;5;3;4;1;2;27;-;-;-;-
2020;1;Borsod-Abaúj-Zemplén;12;gimnázium;nő;nappali;magyar nyelv és irodalom;közép;rendes;Nem;magyar;4;74;74;megjelent;32;5;18;10;7;2;74;-;-;-;-
2020;1;Borsod-Abaúj-Zemplén;12;szakgimnázium/szakközépiskola (2016.09.01-től kifutó rendszerben);nő;nappali;magyar nyelv és irodalom;közép;rendes;Nem;magyar;2;34;34;megjelent;13;4;10;6;0;1;34;-;-;-;-
2020;1;Borsod-Abaúj-Zemplén;12;szakgimnázium/szakközépiskola (2016.09.01-től kifutó rendszerben);férfi;nappali;magyar nyelv és irodalom;közép;rendes;Nem;magyar;2;35;35;megjelent;20;5;3;6;0;1;35;-;-;-;-
2020;1;Borsod-Abaúj-Zemplén;12;szakgimnázium/szakközépiskola (2016.09.01-től kifutó rendszerben);nő;nappali;magyar nyelv és irodalom;közép;rendes;Igen;magyar;3;52;48;megjelent;24;3;10;9;0;2;48;-;-;-;-
2020;1;Borsod-Abaúj-Zemplén;12;szakgimnázium/szakközépiskola (2016.09.01-től kifutó rendszerben);férfi;nappali;magyar nyelv és irodalom;közép;rendes;Nem;magyar;2;25;38;megjelent;9;1;1;2;0;0;13;9;7;9;25
2020;1;Borsod-Abaúj-Zemplén;12;gimnázium;nő;nappali;magyar nyelv és irodalom;közép;rendes;Nem;magyar;4;71;71;megjelent;34;6;18;11;0;2;71;-;-;-;-
2020;1;Borsod-Abaúj-Zemplén;12;szakgimnázium/szakközépiskola (2016.09.01-től kifutó rendszerben);nő;nappali;magyar nyelv és irodalom;közép;rendes;Nem;magyar;3;56;56;megjelent;21;8;11;9;5;2;56;-;-;-;-
2020;1;Borsod-Abaúj-Zemplén;12;szakgimnázium/szakközépiskola (2016.09.01-től kifutó rendszerben);nő;nappali;magyar nyelv és irodalom;közép;rendes;Nem;magyar;3;45;45;megjelent;24;0;10;9;0;2;45;-;-;-;-
2020;1;Borsod-Abaúj-Zemplén;12;gimnázium;nő;nappali;magyar nyelv és irodalom;közép;rendes;Nem;magyar;4;70;70;megjelent;35;6;17;10;0;2;70;-;-;-;-
2020;1;Borsod-Abaúj-Zemplén;12;szakgimnázium/szakközépiskola (2016.09.01-től kifutó rendszerben);férfi;nappali;magyar nyelv és irodalom;közép;rendes;Nem;magyar;3;40;40;megjelent;20;3;6;8;1;2;40;-;-;-;-
2020;1;Borsod-Abaúj-Zemplén;12;szakgimnázium/szakközépiskola (2016.09.01-től kifutó rendszerben);férfi;nappali;magyar nyelv és irodalom;közép;rendes;Nem;magyar;2;28;28;megjelent;16;5;3;4;0;0;28;-;-;-;-
2020;1;Borsod-Abaúj-Zemplén;12;gimnázium;nő;nappali;magyar nyelv és irodalom;közép;rendes;Nem;magyar;5;87;87;megjelent;36;7;21;13;8;2;87;-;-;-;-
2020;1;Borsod-Abaúj-Zemplén;12;szakgimnázium/szakközépiskola (2016.09.01-től kifutó rendszerben);nő;nappali;magyar nyelv és irodalom;közép;rendes;Nem;magyar;4;64;64;megjelent;30;8;12;10;4;0;64;-;-;-;-
2020;1;Borsod-Abaúj-Zemplén;12;gimnázium;nő;nappali;magyar nyelv és irodalom;közép;rendes;Nem;magyar;5;85;85;megjelent;35;9;20;13;6;2;85;-;-;-;-
2020;1;Borsod-Abaúj-Zemplén;12;gimnázium;férfi;nappali;magyar nyelv és irodalom;közép;rendes;Nem;magyar;3;56;56;megjelent;30;8;9;7;0;2;56;-;-;-;-
2020;1;Borsod-Abaúj-Zemplén;12;gimnázium;nő;nappali;magyar nyelv és irodalom;közép;rendes;Nem;magyar;5;89;89;megjelent;33;10;24;14;6;2;89;-;-;-;-
2020;1;Borsod-Abaúj-Zemplén;12;szakgimnázium/szakközépiskola (2016.09.01-től kifutó rendszerben);nő;nappali;magyar nyelv és irodalom;közép;előrehozott;Nem;magyar;2;37;37;megjelent;19;5;6;6;0;1;37;-;-;-;-
2020;1;Borsod-Abaúj-Zemplén;12;gimnázium;férfi;nappali;magyar nyelv és irodalom;közép;rendes;Nem;magyar;5;93;93;megjelent;38;9;24;15;5;2;93;-;-;-;-
2020;1;Borsod-Abaúj-Zemplén;12;szakgimnázium/szakközépiskola (2016.09.01-től kifutó rendszerben);férfi;nappali;magyar nyelv és irodalom;közép;rendes;Nem;magyar;2;37;37;megjelent;18;5;10;4;0;0;37;-;-;-;-
2020;1;Borsod-Abaúj-Zemplén;12;szakgimnázium/szakközépiskola (2016.09.01-től kifutó rendszerben);férfi;nappali;magyar nyelv és irodalom;közép;rendes;Igen;magyar;5;80;40;megjelent;-;-;-;-;-;-;-;20;9;11;40
2020;1;Borsod-Abaúj-Zemplén;12;gimnázium;férfi;nappali;magyar nyelv és irodalom;közép;rendes;Nem;magyar;5;81;81;megjelent;33;9;23;14;2;0;81;-;-;-;-
2020;1;Borsod-Abaúj-Zemplén;12;szakgimnázium/szakközépiskola (2016.09.01-től kifutó rendszerben);férfi;nappali;magyar nyelv és irodalom;közép;rendes;Nem;magyar;2;32;32;megjelent;13;4;10;5;0;0;32;-;-;-;-
2020;1;Borsod-Abaúj-Zemplén;12;szakgimnázium/szakközépiskola (2016.09.01-től kifutó rendszerben);férfi;nappali;magyar nyelv és irodalom;közép;rendes;Nem;magyar;4;60;60;megjelent;24;9;16;11;0;0;60;-;-;-;-
2020;1;Borsod-Abaúj-Zemplén;12;szakgimnázium/szakközépiskola (2016.09.01-től kifutó rendszerben);férfi;nappali;magyar nyelv és irodalom;közép;rendes;Nem;magyar;2;31;47;megjelent;9;0;1;3;0;0;13;15;9;10;34
2020;1;Borsod-Abaúj-Zemplén;12;gimnázium;férfi;nappali;magyar nyelv és irodalom;közép;rendes;Nem;magyar;4;65;65;megjelent;36;6;11;10;0;2;65;-;-;-;-
2020;1;Borsod-Abaúj-Zemplén;12;gimnázium;nő;nappali;magyar nyelv és irodalom;közép;rendes;Nem;magyar;3;46;46;megjelent;20;4;9;11;0;2;46;-;-;-;-
2020;1;Borsod-Abaúj-Zemplén;12;gimnázium;nő;nappali;magyar nyelv és irodalom;közép;rendes;Nem;magyar;4;79;79;megjelent;37;10;14;14;2;2;79;-;-;-;-
2020;1;Borsod-Abaúj-Zemplén;12;gimnázium;férfi;nappali;magyar nyelv és irodalom;közép;rendes;Nem;magyar;5;86;86;megjelent;37;9;19;13;6;2;86;-;-;-;-
2020;1;Borsod-Abaúj-Zemplén;12;gimnázium;férfi;nappali;magyar nyelv és irodalom;közép;rendes;Nem;magyar;3;46;46;megjelent;23;5;10;8;0;0;46;-;-;-;-
2020;1;Borsod-Abaúj-Zemplén;12;gimnázium;férfi;nappali;magyar nyelv és irodalom;közép;rendes;Nem;magyar;4;67;67;megjelent;32;7;9;11;6;2;67;-;-;-;-
2020;1;Borsod-Abaúj-Zemplén;12;gimnázium;férfi;nappali;magyar nyelv és irodalom;közép;rendes;Nem;magyar;4;66;66;megjelent;27;8;13;12;4;2;66;-;-;-;-
2020;1;Borsod-Abaúj-Zemplén;12;gimnázium;férfi;nappali;magyar nyelv és irodalom;közép;rendes;Nem;magyar;4;70;70;megjelent;36;9;10;13;0;2;70;-;-;-;-
2020;1;Borsod-Abaúj-Zemplén;12;gimnázium;férfi;nappali;magyar nyelv és irodalom;közép;rendes;Nem;magyar;5;80;80;megjelent;35;9;17;10;7;2;80;-;-;-;-
2020;1;Borsod-Abaúj-Zemplén;12;gimnázium;férfi;nappali;magyar nyelv és irodalom;közép;rendes;Nem;magyar;5;83;83;megjelent;37;10;19;14;1;2;83;-;-;-;-
2020;1;Borsod-Abaúj-Zemplén;12;gimnázium;nő;nappali;magyar nyelv és irodalom;közép;rendes;Nem;magyar;4;67;67;megjelent;24;10;15;12;4;2;67;-;-;-;-
2020;1;Borsod-Abaúj-Zemplén;12;gimnázium;férfi;nappali;magyar nyelv és irodalom;közép;rendes;Nem;magyar;4;65;65;megjelent;29;7;17;11;0;1;65;-;-;-;-
2020;1;Borsod-Abaúj-Zemplén;12;gimnázium;férfi;nappali;magyar nyelv és irodalom;közép;rendes;Nem;magyar;5;85;85;megjelent;34;10;20;13;6;2;85;-;-;-;-
2020;1;Borsod-Abaúj-Zemplén;12;gimnázium;nő;nappali;magyar nyelv és irodalom;közép;rendes;Nem;magyar;5;80;80;megjelent;33;10;22;13;0;2;80;-;-;-;-
2020;1;Borsod-Abaúj-Zemplén;12;gimnázium;nő;nappali;magyar nyelv és irodalom;közép;rendes;Nem;magyar;5;85;85;megjelent;29;9;23;15;7;2;85;-;-;-;-
2020;1;Borsod-Abaúj-Zemplén;12;gimnázium;férfi;nappali;magyar nyelv és irodalom;közép;rendes;Nem;magyar;5;85;85;megjelent;38;10;14;13;8;2;85;-;-;-;-
2020;1;Borsod-Abaúj-Zemplén;12;gimnázium;nő;nappali;magyar nyelv és irodalom;közép;rendes;Nem;magyar;4;75;75;megjelent;32;9;20;12;0;2;75;-;-;-;-
2020;1;Borsod-Abaúj-Zemplén;12;gimnázium;nő;nappali;magyar nyelv és irodalom;közép;rendes;Nem;magyar;4;75;75;megjelent;36;9;17;11;0;2;75;-;-;-;-
2020;1;Borsod-Abaúj-Zemplén;12;gimnázium;nő;nappali;magyar nyelv és irodalom;közép;rendes;Nem;magyar;5;92;92;megjelent;36;9;22;15;8;2;92;-;-;-;-
2020;1;Borsod-Abaúj-Zemplén;12;gimnázium;nő;nappali;magyar nyelv és irodalom;közép;rendes;Nem;magyar;5;83;83;megjelent;35;10;22;14;0;2;83;-;-;-;-
2020;1;Borsod-Abaúj-Zemplén;12;gimnázium;férfi;nappali;magyar nyelv és irodalom;közép;rendes;Nem;magyar;5;88;88;megjelent;37;10;24;13;2;2;88;-;-;-;-
2020;1;Borsod-Abaúj-Zemplén;12;gimnázium;nő;nappali;magyar nyelv és irodalom;közép;rendes;Nem;magyar;5;97;97;megjelent;38;10;25;15;8;1;97;-;-;-;-
2020;1;Borsod-Abaúj-Zemplén;12;gimnázium;férfi;nappali;magyar nyelv és irodalom;közép;rendes;Nem;magyar;5;84;84;megjelent;35;9;18;12;8;2;84;-;-;-;-
2020;1;Borsod-Abaúj-Zemplén;12;gimnázium;nő;nappali;magyar nyelv és irodalom;közép;rendes;Nem;magyar;3;54;54;megjelent;22;6;9;11;4;2;54;-;-;-;-
2020;1;Borsod-Abaúj-Zemplén;12;gimnázium;férfi;nappali;magyar nyelv és irodalom;közép;rendes;Nem;magyar;3;58;58;megjelent;32;0;9;12;3;2;58;-;-;-;-
2020;1;Borsod-Abaúj-Zemplén;12;gimnázium;nő;nappali;magyar nyelv és irodalom;közép;rendes;Nem;magyar;5;96;96;megjelent;38;10;25;15;6;2;96;-;-;-;-
2020;1;Borsod-Abaúj-Zemplén;12;gimnázium;nő;nappali;magyar nyelv és irodalom;közép;rendes;Nem;magyar;5;80;80;megjelent;33;9;22;14;0;2;80;-;-;-;-
2020;1;Borsod-Abaúj-Zemplén;12;gimnázium;nő;nappali;magyar nyelv és irodalom;közép;rendes;Nem;magyar;5;83;83;megjelent;36;10;22;14;0;1;83;-;-;-;-
2020;1;Borsod-Abaúj-Zemplén;12;szakgimnázium/szakközépiskola (2016.09.01-től kifutó rendszerben);férfi;nappali;magyar nyelv és irodalom;közép;rendes;Nem;magyar;5;88;88;megjelent;38;9;20;12;8;1;88;-;-;-;-
2020;1;Borsod-Abaúj-Zemplén;12;gimnázium;nő;nappali;magyar nyelv és irodalom;közép;rendes;Nem;magyar;5;90;90;megjelent;36;10;20;15;7;2;90;-;-;-;-
2020;1;Borsod-Abaúj-Zemplén;12;szakgimnázium/szakközépiskola (2016.09.01-től kifutó rendszerben);férfi;nappali;magyar nyelv és irodalom;közép;rendes;Nem;magyar;1;8;13;megjelent;13;0;0;0;0;0;13;0;0;0;0
2020;1;Borsod-Abaúj-Zemplén;12;szakgimnázium/szakközépiskola (2016.09.01-től kifutó rendszerben);nő;nappali;magyar nyelv és irodalom;közép;rendes;Nem;magyar;3;52;52;megjelent;24;8;9;10;0;1;52;-;-;-;-
2020;1;Borsod-Abaúj-Zemplén;12;gimnázium;nő;nappali;magyar nyelv és irodalom;közép;rendes;Nem;magyar;5;91;91;megjelent;36;10;21;14;8;2;91;-;-;-;-
2020;1;Borsod-Abaúj-Zemplén;12;szakgimnázium/szakközépiskola (2016.09.01-től kifutó rendszerben);férfi;nappali;magyar nyelv és irodalom;közép;rendes;Nem;magyar;3;50;50;megjelent;22;4;9;6;8;1;50;-;-;-;-
2020;1;Borsod-Abaúj-Zemplén;12;szakgimnázium/szakközépiskola (2016.09.01-től kifutó rendszerben);férfi;nappali;magyar nyelv és irodalom;közép;rendes;Nem;magyar;3;56;56;megjelent;26;7;9;11;1;2;56;-;-;-;-
2020;1;Borsod-Abaúj-Zemplén;12;gimnázium;nő;nappali;magyar nyelv és irodalom;közép;rendes;Nem;magyar;5;80;80;megjelent;34;9;20;12;3;2;80;-;-;-;-
2020;1;Borsod-Abaúj-Zemplén;12;szakgimnázium/szakközépiskola (2016.09.01-től kifutó rendszerben);férfi;nappali;magyar nyelv és irodalom;közép;rendes;Nem;magyar;3;40;40;megjelent;19;6;8;7;0;0;40;-;-;-;-
2020;1;Borsod-Abaúj-Zemplén;12;szakgimnázium/szakközépiskola (2016.09.01-től kifutó rendszerben);nő;nappali;magyar nyelv és irodalom;közép;rendes;Nem;magyar;4;60;60;megjelent;24;8;15;12;0;1;60;-;-;-;-
2020;1;Borsod-Abaúj-Zemplén;12;szakgimnázium/szakközépiskola (2016.09.01-től kifutó rendszerben);férfi;nappali;magyar nyelv és irodalom;közép;rendes;Nem;magyar;2;27;27;megjelent;10;6;4;5;0;2;27;-;-;-;-
2020;1;Borsod-Abaúj-Zemplén;12;szakgimnázium/szakközépiskola (2016.09.01-től kifutó rendszerben);férfi;nappali;magyar nyelv és irodalom;közép;rendes;Nem;magyar;3;40;40;megjelent;14;6;9;11;0;0;40;-;-;-;-
2020;1;Borsod-Abaúj-Zemplén;12;szakgimnázium/szakközépiskola (2016.09.01-től kifutó rendszerben);férfi;nappali;magyar nyelv és irodalom;közép;rendes;Nem;magyar;2;36;36;megjelent;18;3;5;4;4;2;36;-;-;-;-
2020;1;Borsod-Abaúj-Zemplén;12;gimnázium;férfi;nappali;magyar nyelv és irodalom;közép;rendes;Nem;magyar;5;91;91;megjelent;32;10;25;14;8;2;91;-;-;-;-
2020;1;Borsod-Abaúj-Zemplén;12;szakgimnázium/szakközépiskola (2016.09.01-től kifutó rendszerben);férfi;nappali;magyar nyelv és irodalom;közép;rendes;Nem;magyar;4;65;65;megjelent;26;9;13;11;4;2;65;-;-;-;-
2020;1;Borsod-Abaúj-Zemplén;12;gimnázium;férfi;nappali;magyar nyelv és irodalom;közép;rendes;Nem;magyar;5;89;89;megjelent;36;10;20;14;7;2;89;-;-;-;-
2020;1;Borsod-Abaúj-Zemplén;12;szakgimnázium/szakközépiskola (2016.09.01-től kifutó rendszerben);férfi;nappali;magyar nyelv és irodalom;közép;rendes;Nem;magyar;3;47;47;megjelent;30;0;12;5;0;0;47;-;-;-;-
2020;1;Borsod-Abaúj-Zemplén;12;szakgimnázium/szakközépiskola (2016.09.01-től kifutó rendszerben);nő;nappali;magyar nyelv és irodalom;közép;rendes;Nem;magyar;4;61;61;megjelent;25;10;15;11;0;0;61;-;-;-;-
2020;1;Borsod-Abaúj-Zemplén;12;szakgimnázium/szakközépiskola (2016.09.01-től kifutó rendszerben);férfi;nappali;magyar nyelv és irodalom;közép;rendes;Nem;magyar;5;84;84;megjelent;32;10;20;13;8;1;84;-;-;-;-
2020;1;Borsod-Abaúj-Zemplén;12;gimnázium;férfi;nappali;magyar nyelv és irodalom;közép;rendes;Nem;magyar;5;87;87;megjelent;35;10;22;13;6;1;87;-;-;-;-
2020;1;Borsod-Abaúj-Zemplén;12;szakgimnázium/szakközépiskola (2016.09.01-től kifutó rendszerben);férfi;nappali;magyar nyelv és irodalom;közép;rendes;Igen;magyar;3;41;38;megjelent;16;7;8;7;0;0;38;-;-;-;-
2020;1;Borsod-Abaúj-Zemplén;12;szakgimnázium/szakközépiskola (2016.09.01-től kifutó rendszerben);férfi;nappali;magyar nyelv és irodalom;közép;rendes;Nem;magyar;3;53;53;megjelent;25;4;12;7;4;1;53;-;-;-;-
2020;1;Borsod-Abaúj-Zemplén;12;szakgimnázium/szakközépiskola (2016.09.01-től kifutó rendszerben);nő;nappali;magyar nyelv és irodalom;közép;rendes;Nem;magyar;2;28;28;megjelent;9;5;10;4;0;0;28;-;-;-;-
2020;1;Borsod-Abaúj-Zemplén;12;gimnázium;férfi;nappali;magyar nyelv és irodalom;közép;rendes;Nem;magyar;4;70;70;megjelent;35;10;13;10;0;2;70;-;-;-;-
2020;1;Borsod-Abaúj-Zemplén;12;szakgimnázium/szakközépiskola (2016.09.01-től kifutó rendszerben);nő;nappali;magyar nyelv és irodalom;közép;rendes;Nem;magyar;5;81;81;megjelent;34;9;17;12;7;2;81;-;-;-;-
2020;1;Borsod-Abaúj-Zemplén;12;gimnázium;férfi;nappali;magyar nyelv és irodalom;közép;rendes;Nem;magyar;4;64;64;megjelent;30;6;17;9;0;2;64;-;-;-;-
2020;1;Borsod-Abaúj-Zemplén;12;szakgimnázium/szakközépiskola (2016.09.01-től kifutó rendszerben);férfi;nappali;magyar nyelv és irodalom;közép;rendes;Nem;magyar;5;83;83;megjelent;34;8;19;13;8;1;83;-;-;-;-
2020;1;Borsod-Abaúj-Zemplén;12;szakgimnázium/szakközépiskola (2016.09.01-től kifutó rendszerben);nő;nappali;magyar nyelv és irodalom;közép;rendes;Nem;magyar;3;47;47;megjelent;20;8;8;6;5;0;47;-;-;-;-
2020;1;Borsod-Abaúj-Zemplén;12;gimnázium;férfi;nappali;magyar nyelv és irodalom;közép;rendes;Nem;magyar;4;72;72;megjelent;31;9;18;11;1;2;72;-;-;-;-
2020;1;Borsod-Abaúj-Zemplén;12;szakgimnázium/szakközépiskola (2016.09.01-től kifutó rendszerben);férfi;nappali;magyar nyelv és irodalom;közép;rendes;Igen;magyar;3;56;52;megjelent;27;6;10;7;0;2;52;-;-;-;-
2020;1;Borsod-Abaúj-Zemplén;12;szakgimnázium/szakközépiskola (2016.09.01-től kifutó rendszerben);férfi;nappali;magyar nyelv és irodalom;közép;rendes;Nem;magyar;4;64;64;megjelent;32;4;12;8;7;1;64;-;-;-;-
2020;1;Borsod-Abaúj-Zemplén;12;szakgimnázium/szakközépiskola (2016.09.01-től kifutó rendszerben);férfi;nappali;magyar nyelv és irodalom;közép;rendes;Nem;magyar;4;62;62;megjelent;29;0;15;12;4;2;62;-;-;-;-
2020;1;Borsod-Abaúj-Zemplén;12;szakgimnázium/szakközépiskola (2016.09.01-től kifutó rendszerben);férfi;nappali;magyar nyelv és irodalom;közép;rendes;Nem;magyar;2;33;33;megjelent;22;0;6;4;0;1;33;-;-;-;-
2020;1;Borsod-Abaúj-Zemplén;12;szakgimnázium/szakközépiskola (2016.09.01-től kifutó rendszerben);férfi;nappali;magyar nyelv és irodalom;közép;rendes;Igen;magyar;3;58;54;megjelent;29;6;12;7;0;0;54;-;-;-;-
2020;1;Borsod-Abaúj-Zemplén;12;szakgimnázium/szakközépiskola (2016.09.01-től kifutó rendszerben);férfi;nappali;magyar nyelv és irodalom;közép;rendes;Nem;magyar;4;60;60;megjelent;21;7;17;13;0;2;60;-;-;-;-
2020;1;Borsod-Abaúj-Zemplén;12;szakgimnázium/szakközépiskola (2016.09.01-től kifutó rendszerben);férfi;nappali;magyar nyelv és irodalom;közép;rendes;Nem;magyar;4;65;65;megjelent;34;7;11;8;4;1;65;-;-;-;-
2020;1;Borsod-Abaúj-Zemplén;12;szakgimnázium/szakközépiskola (2016.09.01-től kifutó rendszerben);nő;nappali;magyar nyelv és irodalom;közép;rendes;Nem;magyar;5;87;87;megjelent;36;10;20;12;8;1;87;-;-;-;-
2020;1;Borsod-Abaúj-Zemplén;12;szakgimnázium/szakközépiskola (2016.09.01-től kifutó rendszerben);férfi;nappali;magyar nyelv és irodalom;közép;rendes;Nem;magyar;5;81;81;megjelent;36;3;21;12;7;2;81;-;-;-;-
2020;1;Borsod-Abaúj-Zemplén;13;szakközép;nő;nappali;magyar nyelv és irodalom;közép;rendes;Nem;magyar;2;33;33;megjelent;11;5;9;7;0;1;33;-;-;-;-
2020;1;Borsod-Abaúj-Zemplén;12;szakgimnázium/szakközépiskola (2016.09.01-től kifutó rendszerben);férfi;nappali;magyar nyelv és irodalom;közép;rendes;Igen;magyar;3;45;42;megjelent;30;5;3;3;0;1;42;-;-;-;-
2020;1;Borsod-Abaúj-Zemplén;12;szakgimnázium/szakközépiskola (2016.09.01-től kifutó rendszerben);férfi;nappali;magyar nyelv és irodalom;közép;rendes;Nem;magyar;4;68;68;megjelent;32;6;13;10;6;1;68;-;-;-;-
2020;1;Borsod-Abaúj-Zemplén;12;szakgimnázium/szakközépiskola (2016.09.01-től kifutó rendszerben);férfi;nappali;magyar nyelv és irodalom;közép;rendes;Nem;magyar;4;71;71;megjelent;29;8;16;11;6;1;71;-;-;-;-
2020;1;Borsod-Abaúj-Zemplén;12;szakgimnázium/szakközépiskola (2016.09.01-től kifutó rendszerben);férfi;nappali;magyar nyelv és irodalom;közép;rendes;Nem;magyar;2;39;39;megjelent;26;0;6;6;0;1;39;-;-;-;-
2020;1;Borsod-Abaúj-Zemplén;12;szakgimnázium/szakközépiskola (2016.09.01-től kifutó rendszerben);férfi;nappali;magyar nyelv és irodalom;közép;rendes;Nem;magyar;4;65;65;megjelent;32;8;9;6;8;2;65;-;-;-;-
2020;1;Borsod-Abaúj-Zemplén;12;szakgimnázium/szakközépiskola (2016.09.01-től kifutó rendszerben);nő;nappali;magyar nyelv és irodalom;közép;rendes;Nem;magyar;4;73;73;megjelent;30;8;19;13;1;2;73;-;-;-;-
2020;1;Borsod-Abaúj-Zemplén;13;-;nő;nappali;magyar nyelv és irodalom;közép;rendes;Nem;magyar;3;44;44;megjelent;16;6;12;7;1;2;44;-;-;-;-
2020;1;Borsod-Abaúj-Zemplén;12;szakgimnázium/szakközépiskola (2016.09.01-től kifutó rendszerben);nő;nappali;magyar nyelv és irodalom;közép;rendes;Nem;magyar;3;42;42;megjelent;19;4;4;6;7;2;42;-;-;-;-
2020;1;Borsod-Abaúj-Zemplén;12;szakgimnázium/szakközépiskola (2016.09.01-től kifutó rendszerben);férfi;nappali;magyar nyelv és irodalom;közép;rendes;Nem;magyar;2;35;35;megjelent;20;6;4;4;0;1;35;-;-;-;-
2020;1;Borsod-Abaúj-Zemplén;12;szakgimnázium/szakközépiskola (2016.09.01-től kifutó rendszerben);férfi;nappali;magyar nyelv és irodalom;közép;rendes;Nem;magyar;3;49;49;megjelent;28;6;9;5;0;1;49;-;-;-;-
2020;1;Borsod-Abaúj-Zemplén;12;szakgimnázium/szakközépiskola (2016.09.01-től kifutó rendszerben);nő;nappali;magyar nyelv és irodalom;közép;rendes;Nem;magyar;3;43;43;megjelent;24;7;5;5;0;2;43;-;-;-;-
2020;1;Borsod-Abaúj-Zemplén;13;szakközép;férfi;nappali;magyar nyelv és irodalom;közép;rendes;Nem;magyar;2;30;46;megjelent;3;0;5;4;0;1;13;15;8;10;33
2020;1;Borsod-Abaúj-Zemplén;12;szakgimnázium/szakközépiskola (2016.09.01-től kifutó rendszerben);nő;nappali;magyar nyelv és irodalom;közép;rendes;Nem;magyar;5;80;80;megjelent;31;8;20;12;7;2;80;-;-;-;-
2020;1;Borsod-Abaúj-Zemplén;12;szakgimnázium/szakközépiskola (2016.09.01-től kifutó rendszerben);nő;nappali;magyar nyelv és irodalom;közép;rendes;Nem;magyar;3;43;43;megjelent;21;4;9;7;0;2;43;-;-;-;-
2020;1;Borsod-Abaúj-Zemplén;12;gimnázium;nő;nappali;magyar nyelv és irodalom;közép;rendes;Nem;magyar;5;95;95;megjelent;35;10;25;15;8;2;95;-;-;-;-
2020;1;Borsod-Abaúj-Zemplén;12;szakgimnázium/szakközépiskola (2016.09.01-től kifutó rendszerben);nő;nappali;magyar nyelv és irodalom;közép;rendes;Nem;magyar;4;69;69;megjelent;31;8;17;10;2;1;69;-;-;-;-
2020;1;Borsod-Abaúj-Zemplén;12;szakgimnázium/szakközépiskola (2016.09.01-től kifutó rendszerben);férfi;nappali;magyar nyelv és irodalom;közép;rendes;Nem;magyar;2;25;38;megjelent;14;0;2;3;0;1;20;10;4;4;18
2020;1;Borsod-Abaúj-Zemplén;13;szakközép;nő;nappali;magyar nyelv és irodalom;közép;rendes;Nem;magyar;1;8;13;nem jelent meg;-;-;-;-;-;-;-;-;-;-;-
2020;1;Borsod-Abaúj-Zemplén;12;gimnázium;férfi;nappali;magyar nyelv és irodalom;közép;rendes;Nem;magyar;5;96;96;megjelent;37;10;25;15;7;2;96;-;-;-;-
2020;1;Borsod-Abaúj-Zemplén;12;szakgimnázium/szakközépiskola (2016.09.01-től kifutó rendszerben);férfi;nappali;magyar nyelv és irodalom;közép;rendes;Nem;magyar;5;84;84;megjelent;30;9;25;15;3;2;84;-;-;-;-
2020;1;Borsod-Abaúj-Zemplén;12;szakgimnázium/szakközépiskola (2016.09.01-től kifutó rendszerben);férfi;nappali;magyar nyelv és irodalom;közép;rendes;Nem;magyar;3;48;48;megjelent;21;6;12;8;0;1;48;-;-;-;-
2020;1;Borsod-Abaúj-Zemplén;12;szakgimnázium/szakközépiskola (2016.09.01-től kifutó rendszerben);férfi;nappali;magyar nyelv és irodalom;közép;rendes;Nem;magyar;3;44;44;megjelent;21;7;9;5;0;2;44;-;-;-;-
2020;1;Borsod-Abaúj-Zemplén;13;szakközép;férfi;nappali;magyar nyelv és irodalom;közép;rendes;Nem;magyar;3;46;46;megjelent;25;5;10;6;0;0;46;-;-;-;-
2020;1;Borsod-Abaúj-Zemplén;12;szakgimnázium/szakközépiskola (2016.09.01-től kifutó rendszerben);férfi;nappali;magyar nyelv és irodalom;közép;rendes;Nem;magyar;2;29;29;megjelent;16;5;4;3;0;1;29;-;-;-;-
2020;1;Borsod-Abaúj-Zemplén;12;szakgimnázium/szakközépiskola (2016.09.01-től kifutó rendszerben);nő;nappali;magyar nyelv és irodalom;közép;rendes;Nem;magyar;5;81;81;megjelent;30;9;25;15;0;2;81;-;-;-;-
2020;1;Borsod-Abaúj-Zemplén;12;szakgimnázium/szakközépiskola (2016.09.01-től kifutó rendszerben);nő;nappali;magyar nyelv és irodalom;közép;rendes;Nem;magyar;2;26;40;megjelent;7;4;1;1;0;1;14;12;6;8;26
2020;1;Borsod-Abaúj-Zemplén;12;szakgimnázium/szakközépiskola (2016.09.01-től kifutó rendszerben);férfi;nappali;magyar nyelv és irodalom;közép;rendes;Nem;magyar;2;25;25;megjelent;17;0;3;3;0;2;25;-;-;-;-
2020;1;Borsod-Abaúj-Zemplén;12;gimnázium;nő;nappali;magyar nyelv és irodalom;közép;rendes;Nem;magyar;5;90;90;megjelent;31;10;25;14;8;2;90;-;-;-;-
2020;1;Borsod-Abaúj-Zemplén;12;szakgimnázium/szakközépiskola (2016.09.01-től kifutó rendszerben);férfi;nappali;magyar nyelv és irodalom;közép;rendes;Nem;magyar;3;40;61;megjelent;19;0;0;0;0;0;19;22;8;12;42
2020;1;Borsod-Abaúj-Zemplén;12;szakgimnázium/szakközépiskola (2016.09.01-től kifutó rendszerben);nő;nappali;magyar nyelv és irodalom;közép;rendes;Nem;magyar;4;69;69;megjelent;25;9;18;11;4;2;69;-;-;-;-
2020;1;Borsod-Abaúj-Zemplén;12;szakgimnázium/szakközépiskola (2016.09.01-től kifutó rendszerben);férfi;nappali;magyar nyelv és irodalom;közép;rendes;Igen;magyar;2;28;26;megjelent;13;0;6;7;0;0;26;-;-;-;-
2020;1;Borsod-Abaúj-Zemplén;12;szakgimnázium/szakközépiskola (2016.09.01-től kifutó rendszerben);férfi;nappali;magyar nyelv és irodalom;közép;rendes;Nem;magyar;3;42;42;megjelent;24;8;4;5;0;1;42;-;-;-;-
2020;1;Borsod-Abaúj-Zemplén;12;szakgimnázium/szakközépiskola (2016.09.01-től kifutó rendszerben);férfi;nappali;magyar nyelv és irodalom;közép;rendes;Igen;magyar;3;43;39;megjelent;31;8;0;0;0;0;39;-;-;-;-
2020;1;Borsod-Abaúj-Zemplén;12;szakgimnázium/szakközépiskola (2016.09.01-től kifutó rendszerben);férfi;nappali;magyar nyelv és irodalom;közép;rendes;Nem;magyar;3;50;50;megjelent;28;7;6;8;0;1;50;-;-;-;-
2020;1;Borsod-Abaúj-Zemplén;12;szakgimnázium/szakközépiskola (2016.09.01-től kifutó rendszerben);férfi;nappali;magyar nyelv és irodalom;közép;rendes;Nem;magyar;4;67;67;megjelent;28;9;10;13;5;2;67;-;-;-;-
2020;1;Borsod-Abaúj-Zemplén;12;szakgimnázium/szakközépiskola (2016.09.01-től kifutó rendszerben);férfi;nappali;magyar nyelv és irodalom;közép;rendes;Nem;magyar;3;49;49;megjelent;27;3;9;9;0;1;49;-;-;-;-
2020;1;Borsod-Abaúj-Zemplén;12;szakgimnázium/szakközépiskola (2016.09.01-től kifutó rendszerben);férfi;nappali;magyar nyelv és irodalom;közép;rendes;Nem;magyar;3;40;40;megjelent;23;5;4;6;0;2;40;-;-;-;-
2020;1;Borsod-Abaúj-Zemplén;12;szakgimnázium/szakközépiskola (2016.09.01-től kifutó rendszerben);férfi;nappali;magyar nyelv és irodalom;közép;rendes;Nem;magyar;2;34;34;megjelent;17;5;5;6;0;1;34;-;-;-;-
2020;1;Borsod-Abaúj-Zemplén;12;szakgimnázium/szakközépiskola (2016.09.01-től kifutó rendszerben);férfi;nappali;magyar nyelv és irodalom;közép;rendes;Nem;magyar;3;51;51;megjelent;26;6;10;7;1;1;51;-;-;-;-
2020;1;Borsod-Abaúj-Zemplén;12;szakgimnázium/szakközépiskola (2016.09.01-től kifutó rendszerben);férfi;nappali;magyar nyelv és irodalom;közép;rendes;Nem;magyar;3;47;47;megjelent;28;4;7;6;0;2;47;-;-;-;-
2020;1;Borsod-Abaúj-Zemplén;12;szakgimnázium/szakközépiskola (2016.09.01-től kifutó rendszerben);férfi;nappali;magyar nyelv és irodalom;közép;rendes;Nem;magyar;4;60;60;megjelent;23;9;14;9;3;2;60;-;-;-;-
2020;1;Borsod-Abaúj-Zemplén;12;szakgimnázium/szakközépiskola (2016.09.01-től kifutó rendszerben);férfi;nappali;magyar nyelv és irodalom;közép;rendes;Nem;magyar;3;52;52;megjelent;22;7;12;10;0;1;52;-;-;-;-
2020;1;Borsod-Abaúj-Zemplén;12;szakgimnázium/szakközépiskola (2016.09.01-től kifutó rendszerben);férfi;nappali;magyar nyelv és irodalom;közép;rendes;Nem;magyar;4;60;60;megjelent;26;8;13;11;0;2;60;-;-;-;-
2020;1;Borsod-Abaúj-Zemplén;12;gimnázium;férfi;nappali;magyar nyelv és irodalom;közép;rendes;Nem;magyar;3;41;41;megjelent;26;6;3;4;0;2;41;-;-;-;-
2020;1;Borsod-Abaúj-Zemplén;12;gimnázium;férfi;nappali;magyar nyelv és irodalom;közép;rendes;Nem;magyar;3;45;45;megjelent;28;2;7;6;0;2;45;-;-;-;-
2020;1;Borsod-Abaúj-Zemplén;12;gimnázium;nő;nappali;magyar nyelv és irodalom;közép;rendes;Nem;magyar;5;83;83;megjelent;34;10;18;13;6;2;83;-;-;-;-
2020;1;Borsod-Abaúj-Zemplén;12;gimnázium;nő;nappali;magyar nyelv és irodalom;közép;rendes;Nem;magyar;3;54;54;megjelent;28;3;13;8;0;2;54;-;-;-;-
2020;1;Borsod-Abaúj-Zemplén;12;gimnázium;férfi;nappali;magyar nyelv és irodalom;közép;rendes;Nem;magyar;3;55;55;megjelent;30;4;12;9;0;0;55;-;-;-;-
2020;1;Borsod-Abaúj-Zemplén;12;gimnázium;férfi;nappali;magyar nyelv és irodalom;közép;rendes;Nem;magyar;3;55;55;megjelent;27;4;9;9;4;2;55;-;-;-;-
2020;1;Borsod-Abaúj-Zemplén;12;gimnázium;férfi;nappali;magyar nyelv és irodalom;közép;rendes;Nem;magyar;3;53;53;megjelent;27;4;12;10;0;0;53;-;-;-;-
2020;1;Borsod-Abaúj-Zemplén;12;gimnázium;nő;nappali;magyar nyelv és irodalom;közép;rendes;Nem;magyar;5;82;82;megjelent;35;9;19;13;4;2;82;-;-;-;-
2020;1;Borsod-Abaúj-Zemplén;12;szakgimnázium/szakközépiskola (2016.09.01-től kifutó rendszerben);férfi;nappali;magyar nyelv és irodalom;közép;rendes;Nem;magyar;3;49;49;megjelent;28;8;7;5;0;1;49;-;-;-;-
2020;1;Borsod-Abaúj-Zemplén;12;szakgimnázium/szakközépiskola (2016.09.01-től kifutó rendszerben);férfi;nappali;magyar nyelv és irodalom;közép;rendes;Nem;magyar;3;56;56;megjelent;35;7;6;7;0;1;56;-;-;-;-
2020;1;Borsod-Abaúj-Zemplén;12;gimnázium;férfi;nappali;magyar nyelv és irodalom;közép;rendes;Nem;magyar;5;85;85;megjelent;37;10;23;13;0;2;85;-;-;-;-
2020;1;Borsod-Abaúj-Zemplén;12;gimnázium;nő;nappali;magyar nyelv és irodalom;közép;rendes;Nem;magyar;5;91;91;megjelent;35;10;24;14;6;2;91;-;-;-;-
2020;1;Borsod-Abaúj-Zemplén;12;szakgimnázium/szakközépiskola (2016.09.01-től kifutó rendszerben);férfi;nappali;magyar nyelv és irodalom;közép;előrehozott;Igen;magyar;3;53;53;megjelent;24;7;9;5;8;0;53;-;-;-;-
2020;1;Borsod-Abaúj-Zemplén;12;szakgimnázium/szakközépiskola (2016.09.01-től kifutó rendszerben);férfi;nappali;magyar nyelv és irodalom;közép;rendes;Nem;magyar;2;39;39;megjelent;23;6;5;4;0;1;39;-;-;-;-
2020;1;Borsod-Abaúj-Zemplén;12;szakgimnázium/szakközépiskola (2016.09.01-től kifutó rendszerben);nő;nappali;magyar nyelv és irodalom;közép;rendes;Nem;magyar;2;35;35;megjelent;19;5;5;4;0;2;35;-;-;-;-
2020;1;Borsod-Abaúj-Zemplén;12;szakgimnázium/szakközépiskola (2016.09.01-től kifutó rendszerben);férfi;nappali;magyar nyelv és irodalom;közép;rendes;Nem;magyar;3;55;55;megjelent;23;7;13;10;0;2;55;-;-;-;-
2020;1;Borsod-Abaúj-Zemplén;12;szakgimnázium/szakközépiskola (2016.09.01-től kifutó rendszerben);férfi;nappali;magyar nyelv és irodalom;közép;rendes;Nem;magyar;3;43;43;megjelent;24;7;8;4;0;0;43;-;-;-;-
2020;1;Borsod-Abaúj-Zemplén;12;szakgimnázium/szakközépiskola (2016.09.01-től kifutó rendszerben);férfi;nappali;magyar nyelv és irodalom;közép;rendes;Nem;magyar;4;62;62;megjelent;31;7;15;9;0;0;62;-;-;-;-
2020;1;Borsod-Abaúj-Zemplén;12;szakgimnázium/szakközépiskola (2016.09.01-től kifutó rendszerben);nő;nappali;magyar nyelv és irodalom;közép;rendes;Nem;magyar;3;44;44;megjelent;21;7;3;6;5;2;44;-;-;-;-
2020;1;Borsod-Abaúj-Zemplén;12;szakgimnázium/szakközépiskola (2016.09.01-től kifutó rendszerben);nő;nappali;magyar nyelv és irodalom;közép;rendes;Nem;magyar;4;66;66;megjelent;25;8;14;11;6;2;66;-;-;-;-
2020;1;Borsod-Abaúj-Zemplén;12;szakgimnázium/szakközépiskola (2016.09.01-től kifutó rendszerben);nő;nappali;magyar nyelv és irodalom;közép;rendes;Nem;magyar;2;39;39;megjelent;24;0;9;5;1;0;39;-;-;-;-
2020;1;Borsod-Abaúj-Zemplén;12;szakgimnázium/szakközépiskola (2016.09.01-től kifutó rendszerben);nő;nappali;magyar nyelv és irodalom;közép;rendes;Nem;magyar;2;35;35;megjelent;16;7;4;6;0;2;35;-;-;-;-
2020;1;Borsod-Abaúj-Zemplén;12;szakgimnázium/szakközépiskola (2016.09.01-től kifutó rendszerben);nő;nappali;magyar nyelv és irodalom;közép;rendes;Nem;magyar;2;35;35;megjelent;23;0;4;3;5;0;35;-;-;-;-
2020;1;Borsod-Abaúj-Zemplén;12;szakgimnázium/szakközépiskola (2016.09.01-től kifutó rendszerben);férfi;nappali;magyar nyelv és irodalom;közép;rendes;Nem;magyar;4;70;70;megjelent;30;9;18;11;0;2;70;-;-;-;-
2020;1;Borsod-Abaúj-Zemplén;12;gimnázium;férfi;nappali;magyar nyelv és irodalom;közép;rendes;Nem;magyar;4;60;60;megjelent;21;7;19;11;0;2;60;-;-;-;-
2020;1;Borsod-Abaúj-Zemplén;12;szakgimnázium/szakközépiskola (2016.09.01-től kifutó rendszerben);férfi;nappali;magyar nyelv és irodalom;közép;rendes;Nem;magyar;4;61;61;megjelent;32;9;9;7;2;2;61;-;-;-;-
2020;1;Borsod-Abaúj-Zemplén;12;gimnázium;férfi;nappali;magyar nyelv és irodalom;közép;rendes;Nem;magyar;3;43;43;megjelent;22;0;14;7;0;0;43;-;-;-;-
2020;1;Borsod-Abaúj-Zemplén;12;szakgimnázium/szakközépiskola (2016.09.01-től kifutó rendszerben);férfi;nappali;magyar nyelv és irodalom;közép;rendes;Nem;magyar;3;58;58;megjelent;31;5;14;8;0;0;58;-;-;-;-
2020;1;Borsod-Abaúj-Zemplén;12;gimnázium;nő;nappali;magyar nyelv és irodalom;közép;rendes;Nem;magyar;4;62;62;megjelent;21;7;18;10;4;2;62;-;-;-;-
2020;1;Borsod-Abaúj-Zemplén;12;gimnázium;nő;nappali;magyar nyelv és irodalom;közép;rendes;Nem;magyar;2;37;37;megjelent;18;4;9;6;0;0;37;-;-;-;-
2020;1;Borsod-Abaúj-Zemplén;12;szakgimnázium/szakközépiskola (2016.09.01-től kifutó rendszerben);nő;nappali;magyar nyelv és irodalom;közép;rendes;Nem;magyar;5;87;87;megjelent;32;9;24;14;6;2;87;-;-;-;-
2020;1;Borsod-Abaúj-Zemplén;12;gimnázium;férfi;nappali;magyar nyelv és irodalom;közép;rendes;Nem;magyar;2;32;32;megjelent;15;5;4;6;0;2;32;-;-;-;-
2020;1;Borsod-Abaúj-Zemplén;12;gimnázium;férfi;nappali;magyar nyelv és irodalom;közép;rendes;Nem;magyar;3;52;52;megjelent;25;4;15;6;2;0;52;-;-;-;-
2020;1;Borsod-Abaúj-Zemplén;12;szakgimnázium/szakközépiskola (2016.09.01-től kifutó rendszerben);nő;nappali;magyar nyelv és irodalom;közép;rendes;Nem;magyar;2;35;35;megjelent;20;0;6;4;3;2;35;-;-;-;-
2020;1;Borsod-Abaúj-Zemplén;12;szakgimnázium/szakközépiskola (2016.09.01-től kifutó rendszerben);nő;nappali;magyar nyelv és irodalom;közép;rendes;Nem;magyar;2;25;25;megjelent;17;3;2;3;0;0;25;-;-;-;-
2020;1;Borsod-Abaúj-Zemplén;12;szakgimnázium/szakközépiskola (2016.09.01-től kifutó rendszerben);nő;nappali;magyar nyelv és irodalom;közép;rendes;Nem;magyar;3;44;44;megjelent;24;5;9;6;0;0;44;-;-;-;-
2020;1;Borsod-Abaúj-Zemplén;12;szakgimnázium/szakközépiskola (2016.09.01-től kifutó rendszerben);nő;nappali;magyar nyelv és irodalom;közép;rendes;Nem;magyar;4;71;71;megjelent;26;8;19;10;6;2;71;-;-;-;-
2020;1;Borsod-Abaúj-Zemplén;12;szakgimnázium/szakközépiskola (2016.09.01-től kifutó rendszerben);nő;nappali;magyar nyelv és irodalom;közép;rendes;Nem;magyar;4;61;61;megjelent;25;9;9;9;7;2;61;-;-;-;-
2020;1;Borsod-Abaúj-Zemplén;12;szakgimnázium/szakközépiskola (2016.09.01-től kifutó rendszerben);férfi;nappali;magyar nyelv és irodalom;közép;rendes;Nem;magyar;4;72;72;megjelent;28;7;19;10;8;0;72;-;-;-;-
2020;1;Borsod-Abaúj-Zemplén;12;szakgimnázium/szakközépiskola (2016.09.01-től kifutó rendszerben);férfi;nappali;magyar nyelv és irodalom;közép;rendes;Nem;magyar;4;78;78;megjelent;36;6;19;12;3;2;78;-;-;-;-
2020;1;Borsod-Abaúj-Zemplén;12;szakgimnázium/szakközépiskola (2016.09.01-től kifutó rendszerben);nő;nappali;magyar nyelv és irodalom;közép;rendes;Nem;magyar;3;55;55;megjelent;28;5;8;9;3;2;55;-;-;-;-
2020;1;Borsod-Abaúj-Zemplén;12;szakgimnázium/szakközépiskola (2016.09.01-től kifutó rendszerben);nő;nappali;magyar nyelv és irodalom;közép;rendes;Nem;magyar;4;72;72;megjelent;32;7;19;11;1;2;72;-;-;-;-
2020;1;Borsod-Abaúj-Zemplén;12;szakgimnázium/szakközépiskola (2016.09.01-től kifutó rendszerben);férfi;nappali;magyar nyelv és irodalom;közép;előrehozott;Nem;magyar;2;37;37;megjelent;22;3;9;3;0;0;37;-;-;-;-
2020;1;Borsod-Abaúj-Zemplén;12;gimnázium;nő;nappali;magyar nyelv és irodalom;közép;rendes;Nem;magyar;2;34;34;megjelent;19;0;10;3;0;2;34;-;-;-;-
2020;1;Borsod-Abaúj-Zemplén;12;szakgimnázium/szakközépiskola (2016.09.01-től kifutó rendszerben);nő;nappali;magyar nyelv és irodalom;közép;rendes;Nem;magyar;3;50;50;megjelent;17;6;10;8;8;1;50;-;-;-;-
2020;1;Borsod-Abaúj-Zemplén;12;szakgimnázium/szakközépiskola (2016.09.01-től kifutó rendszerben);férfi;nappali;magyar nyelv és irodalom;közép;rendes;Nem;magyar;3;56;56;megjelent;26;6;16;8;0;0;56;-;-;-;-
2020;1;Borsod-Abaúj-Zemplén;12;szakgimnázium/szakközépiskola (2016.09.01-től kifutó rendszerben);nő;nappali;magyar nyelv és irodalom;közép;rendes;Nem;magyar;4;60;60;megjelent;25;7;16;11;1;0;60;-;-;-;-
2020;1;Borsod-Abaúj-Zemplén;12;szakgimnázium/szakközépiskola (2016.09.01-től kifutó rendszerben);nő;nappali;magyar nyelv és irodalom;közép;rendes;Nem;magyar;4;65;65;megjelent;26;7;15;11;5;1;65;-;-;-;-
2020;1;Borsod-Abaúj-Zemplén;12;szakgimnázium/szakközépiskola (2016.09.01-től kifutó rendszerben);nő;nappali;magyar nyelv és irodalom;közép;rendes;Nem;magyar;2;27;27;megjelent;13;5;3;6;0;0;27;-;-;-;-
2020;1;Borsod-Abaúj-Zemplén;12;szakgimnázium/szakközépiskola (2016.09.01-től kifutó rendszerben);férfi;nappali;magyar nyelv és irodalom;közép;rendes;Nem;magyar;3;42;42;megjelent;26;0;11;5;0;0;42;-;-;-;-
2020;1;Borsod-Abaúj-Zemplén;12;szakgimnázium/szakközépiskola (2016.09.01-től kifutó rendszerben);nő;nappali;magyar nyelv és irodalom;közép;rendes;Nem;magyar;3;53;53;megjelent;23;9;11;9;0;1;53;-;-;-;-
2020;1;Borsod-Abaúj-Zemplén;12;szakgimnázium/szakközépiskola (2016.09.01-től kifutó rendszerben);nő;nappali;magyar nyelv és irodalom;közép;rendes;Nem;magyar;2;26;26;megjelent;14;5;2;4;0;1;26;-;-;-;-
2020;1;Borsod-Abaúj-Zemplén;12;szakgimnázium/szakközépiskola (2016.09.01-től kifutó rendszerben);férfi;nappali;magyar nyelv és irodalom;közép;rendes;Igen;magyar;3;56;56;megjelent;26;7;8;5;8;2;56;-;-;-;-
2020;1;Borsod-Abaúj-Zemplén;12;szakgimnázium/szakközépiskola (2016.09.01-től kifutó rendszerben);férfi;nappali;magyar nyelv és irodalom;közép;rendes;Igen;magyar;2;27;25;megjelent;17;3;2;3;0;0;25;-;-;-;-
2020;1;Borsod-Abaúj-Zemplén;12;szakgimnázium/szakközépiskola (2016.09.01-től kifutó rendszerben);nő;nappali;magyar nyelv és irodalom;közép;rendes;Nem;magyar;2;29;29;megjelent;12;5;5;6;0;1;29;-;-;-;-
2020;1;Borsod-Abaúj-Zemplén;12;szakgimnázium/szakközépiskola (2016.09.01-től kifutó rendszerben);nő;nappali;magyar nyelv és irodalom;közép;rendes;Nem;magyar;2;31;31;megjelent;13;4;6;7;0;1;31;-;-;-;-
2020;1;Borsod-Abaúj-Zemplén;12;szakgimnázium/szakközépiskola (2016.09.01-től kifutó rendszerben);nő;nappali;magyar nyelv és irodalom;közép;rendes;Nem;magyar;5;82;82;megjelent;33;9;19;15;4;2;82;-;-;-;-
2020;1;Borsod-Abaúj-Zemplén;12;szakgimnázium/szakközépiskola (2016.09.01-től kifutó rendszerben);nő;nappali;magyar nyelv és irodalom;közép;rendes;Nem;magyar;3;44;44;megjelent;14;10;11;9;0;0;44;-;-;-;-
2020;1;Borsod-Abaúj-Zemplén;12;szakgimnázium/szakközépiskola (2016.09.01-től kifutó rendszerben);férfi;nappali;magyar nyelv és irodalom;közép;rendes;Igen;magyar;2;29;27;megjelent;10;8;6;3;0;0;27;-;-;-;-
2020;1;Borsod-Abaúj-Zemplén;12;gimnázium;férfi;nappali;magyar nyelv és irodalom;közép;rendes;Nem;magyar;4;69;69;megjelent;31;10;17;10;0;1;69;-;-;-;-
2020;1;Borsod-Abaúj-Zemplén;12;szakgimnázium/szakközépiskola (2016.09.01-től kifutó rendszerben);nő;nappali;magyar nyelv és irodalom;közép;rendes;Nem;magyar;2;35;35;megjelent;18;6;1;2;6;2;35;-;-;-;-
2020;1;Borsod-Abaúj-Zemplén;12;gimnázium;férfi;nappali;magyar nyelv és irodalom;közép;rendes;Nem;magyar;4;66;66;megjelent;31;5;17;10;1;2;66;-;-;-;-
2020;1;Borsod-Abaúj-Zemplén;12;szakgimnázium/szakközépiskola (2016.09.01-től kifutó rendszerben);nő;nappali;magyar nyelv és irodalom;közép;rendes;Nem;magyar;2;34;34;megjelent;16;4;3;5;5;1;34;-;-;-;-
2020;1;Borsod-Abaúj-Zemplén;12;szakgimnázium/szakközépiskola (2016.09.01-től kifutó rendszerben);nő;nappali;magyar nyelv és irodalom;közép;rendes;Nem;magyar;3;50;50;megjelent;17;6;10;8;8;1;50;-;-;-;-
2020;1;Borsod-Abaúj-Zemplén;12;gimnázium;férfi;nappali;magyar nyelv és irodalom;közép;rendes;Nem;magyar;3;58;58;megjelent;29;5;9;7;7;1;58;-;-;-;-
2020;1;Borsod-Abaúj-Zemplén;12;szakgimnázium/szakközépiskola (2016.09.01-től kifutó rendszerben);nő;nappali;magyar nyelv és irodalom;közép;rendes;Nem;magyar;2;29;29;megjelent;13;6;3;6;0;1;29;-;-;-;-
2020;1;Borsod-Abaúj-Zemplén;12;szakgimnázium/szakközépiskola (2016.09.01-től kifutó rendszerben);nő;nappali;magyar nyelv és irodalom;közép;rendes;Nem;magyar;3;56;56;megjelent;22;6;11;10;5;2;56;-;-;-;-
2020;1;Borsod-Abaúj-Zemplén;12;szakgimnázium/szakközépiskola (2016.09.01-től kifutó rendszerben);nő;nappali;magyar nyelv és irodalom;közép;rendes;Nem;magyar;2;37;37;megjelent;10;8;10;8;0;1;37;-;-;-;-
2020;1;Borsod-Abaúj-Zemplén;12;szakgimnázium/szakközépiskola (2016.09.01-től kifutó rendszerben);férfi;nappali;magyar nyelv és irodalom;közép;rendes;Nem;magyar;3;55;55;megjelent;35;7;6;6;0;1;55;-;-;-;-
2020;1;Borsod-Abaúj-Zemplén;12;szakgimnázium/szakközépiskola (2016.09.01-től kifutó rendszerben);férfi;nappali;magyar nyelv és irodalom;közép;rendes;Nem;magyar;3;51;51;megjelent;33;6;5;6;0;1;51;-;-;-;-
2020;1;Borsod-Abaúj-Zemplén;12;szakgimnázium/szakközépiskola (2016.09.01-től kifutó rendszerben);férfi;nappali;magyar nyelv és irodalom;közép;rendes;Igen;magyar;2;32;16;megjelent;-;-;-;-;-;-;-;7;4;5;16
2020;1;Borsod-Abaúj-Zemplén;12;szakgimnázium/szakközépiskola (2016.09.01-től kifutó rendszerben);férfi;nappali;magyar nyelv és irodalom;közép;rendes;Igen;magyar;3;44;22;megjelent;-;-;-;-;-;-;-;12;3;7;22
2020;1;Borsod-Abaúj-Zemplén;12;gimnázium;nő;nappali;magyar nyelv és irodalom;közép;rendes;Nem;magyar;4;70;70;megjelent;31;8;14;10;5;2;70;-;-;-;-
2020;1;Borsod-Abaúj-Zemplén;12;gimnázium;nő;nappali;magyar nyelv és irodalom;közép;rendes;Nem;magyar;5;83;83;megjelent;29;10;19;15;8;2;83;-;-;-;-
2020;1;Borsod-Abaúj-Zemplén;12;gimnázium;nő;nappali;magyar nyelv és irodalom;közép;rendes;Nem;magyar;4;74;74;megjelent;37;5;17;9;5;1;74;-;-;-;-
2020;1;Borsod-Abaúj-Zemplén;12;gimnázium;férfi;nappali;magyar nyelv és irodalom;közép;rendes;Nem;magyar;4;71;71;megjelent;34;9;15;9;3;1;71;-;-;-;-
2020;1;Borsod-Abaúj-Zemplén;12;gimnázium;férfi;nappali;magyar nyelv és irodalom;közép;rendes;Igen;magyar;5;85;77;megjelent;30;10;22;15;0;0;77;-;-;-;-
2020;1;Borsod-Abaúj-Zemplén;12;gimnázium;férfi;nappali;magyar nyelv és irodalom;közép;rendes;Nem;magyar;4;66;66;megjelent;31;6;16;11;0;2;66;-;-;-;-
2020;1;Borsod-Abaúj-Zemplén;12;gimnázium;nő;nappali;magyar nyelv és irodalom;közép;rendes;Nem;magyar;5;85;85;megjelent;33;8;22;14;6;2;85;-;-;-;-
2020;1;Borsod-Abaúj-Zemplén;12;szakgimnázium/szakközépiskola (2016.09.01-től kifutó rendszerben);férfi;nappali;magyar nyelv és irodalom;közép;rendes;Igen;magyar;2;34;17;megjelent;-;-;-;-;-;-;-;6;5;6;17
2020;1;Borsod-Abaúj-Zemplén;12;szakgimnázium/szakközépiskola (2016.09.01-től kifutó rendszerben);férfi;nappali;magyar nyelv és irodalom;közép;rendes;Nem;magyar;3;43;43;megjelent;31;6;2;3;1;0;43;-;-;-;-
2020;1;Borsod-Abaúj-Zemplén;12;szakgimnázium/szakközépiskola (2016.09.01-től kifutó rendszerben);férfi;nappali;magyar nyelv és irodalom;közép;rendes;Nem;magyar;3;50;50;megjelent;29;6;8;7;0;0;50;-;-;-;-
2020;1;Borsod-Abaúj-Zemplén;12;gimnázium;férfi;nappali;magyar nyelv és irodalom;közép;rendes;Nem;magyar;4;64;64;megjelent;31;8;14;10;0;1;64;-;-;-;-
2020;1;Borsod-Abaúj-Zemplén;12;szakgimnázium/szakközépiskola (2016.09.01-től kifutó rendszerben);nő;nappali;magyar nyelv és irodalom;közép;rendes;Igen;magyar;3;56;52;megjelent;30;8;6;7;0;1;52;-;-;-;-
2020;1;Borsod-Abaúj-Zemplén;12;gimnázium;férfi;nappali;magyar nyelv és irodalom;közép;rendes;Nem;magyar;4;61;61;megjelent;28;8;15;9;0;1;61;-;-;-;-
2020;1;Borsod-Abaúj-Zemplén;12;szakgimnázium/szakközépiskola (2016.09.01-től kifutó rendszerben);férfi;nappali;magyar nyelv és irodalom;közép;rendes;Nem;magyar;4;69;69;megjelent;26;9;17;13;2;2;69;-;-;-;-
2020;1;Borsod-Abaúj-Zemplén;12;szakgimnázium/szakközépiskola (2016.09.01-től kifutó rendszerben);nő;nappali;magyar nyelv és irodalom;közép;rendes;Nem;magyar;3;54;54;megjelent;25;7;11;11;0;0;54;-;-;-;-
2020;1;Borsod-Abaúj-Zemplén;12;szakgimnázium/szakközépiskola (2016.09.01-től kifutó rendszerben);férfi;nappali;magyar nyelv és irodalom;közép;rendes;Igen;magyar;4;76;38;megjelent;-;-;-;-;-;-;-;20;6;12;38
2020;1;Borsod-Abaúj-Zemplén;12;szakgimnázium/szakközépiskola (2016.09.01-től kifutó rendszerben);nő;nappali;magyar nyelv és irodalom;közép;rendes;Nem;magyar;3;40;40;megjelent;7;7;9;12;4;1;40;-;-;-;-
2020;1;Borsod-Abaúj-Zemplén;12;szakgimnázium/szakközépiskola (2016.09.01-től kifutó rendszerben);nő;nappali;magyar nyelv és irodalom;közép;rendes;Igen;magyar;3;56;52;megjelent;20;4;15;11;0;2;52;-;-;-;-
2020;1;Borsod-Abaúj-Zemplén;12;szakgimnázium/szakközépiskola (2016.09.01-től kifutó rendszerben);férfi;nappali;magyar nyelv és irodalom;közép;rendes;Nem;magyar;2;32;32;megjelent;18;1;8;5;0;0;32;-;-;-;-
2020;1;Borsod-Abaúj-Zemplén;12;szakgimnázium/szakközépiskola (2016.09.01-től kifutó rendszerben);férfi;nappali;magyar nyelv és irodalom;közép;rendes;Igen;magyar;3;50;25;megjelent;-;-;-;-;-;-;-;10;5;10;25
2020;1;Borsod-Abaúj-Zemplén;12;szakgimnázium/szakközépiskola (2016.09.01-től kifutó rendszerben);férfi;nappali;magyar nyelv és irodalom;közép;rendes;Nem;magyar;2;32;32;megjelent;16;6;5;5;0;0;32;-;-;-;-
2020;1;Borsod-Abaúj-Zemplén;12;szakgimnázium/szakközépiskola (2016.09.01-től kifutó rendszerben);férfi;nappali;magyar nyelv és irodalom;közép;rendes;Nem;magyar;3;52;52;megjelent;18;8;12;12;0;2;52;-;-;-;-
2020;1;Borsod-Abaúj-Zemplén;12;szakgimnázium/szakközépiskola (2016.09.01-től kifutó rendszerben);férfi;nappali;magyar nyelv és irodalom;közép;rendes;Nem;magyar;3;53;53;megjelent;28;6;9;9;0;1;53;-;-;-;-
2020;1;Borsod-Abaúj-Zemplén;12;szakgimnázium/szakközépiskola (2016.09.01-től kifutó rendszerben);nő;nappali;magyar nyelv és irodalom;közép;rendes;Nem;magyar;3;53;53;megjelent;24;7;9;11;0;2;53;-;-;-;-
2020;1;Borsod-Abaúj-Zemplén;12;szakgimnázium/szakközépiskola (2016.09.01-től kifutó rendszerben);férfi;nappali;magyar nyelv és irodalom;közép;rendes;Nem;magyar;3;43;43;megjelent;20;5;12;6;0;0;43;-;-;-;-
2020;1;Borsod-Abaúj-Zemplén;12;szakgimnázium/szakközépiskola (2016.09.01-től kifutó rendszerben);férfi;nappali;magyar nyelv és irodalom;közép;rendes;Nem;magyar;2;31;31;megjelent;19;0;6;5;0;1;31;-;-;-;-
2020;1;Borsod-Abaúj-Zemplén;12;szakgimnázium/szakközépiskola (2016.09.01-től kifutó rendszerben);férfi;nappali;magyar nyelv és irodalom;közép;rendes;Nem;magyar;3;41;41;megjelent;24;4;7;5;0;1;41;-;-;-;-
2020;1;Borsod-Abaúj-Zemplén;12;szakgimnázium/szakközépiskola (2016.09.01-től kifutó rendszerben);nő;nappali;magyar nyelv és irodalom;közép;rendes;Nem;magyar;3;45;45;megjelent;22;5;10;7;0;1;45;-;-;-;-
2020;1;Borsod-Abaúj-Zemplén;12;szakgimnázium/szakközépiskola (2016.09.01-től kifutó rendszerben);nő;nappali;magyar nyelv és irodalom;közép;rendes;Nem;magyar;2;25;38;megjelent;11;4;3;3;0;1;22;3;7;6;16
2020;1;Borsod-Abaúj-Zemplén;12;szakgimnázium/szakközépiskola (2016.09.01-től kifutó rendszerben);nő;nappali;magyar nyelv és irodalom;közép;rendes;Nem;magyar;2;36;36;megjelent;26;6;1;2;0;1;36;-;-;-;-
2020;1;Borsod-Abaúj-Zemplén;12;gimnázium;nő;nappali;magyar nyelv és irodalom;közép;rendes;Nem;magyar;5;83;83;megjelent;32;8;19;15;7;2;83;-;-;-;-
2020;1;Borsod-Abaúj-Zemplén;12;gimnázium;nő;nappali;magyar nyelv és irodalom;közép;rendes;Nem;magyar;5;81;81;megjelent;30;9;22;10;8;2;81;-;-;-;-
2020;1;Borsod-Abaúj-Zemplén;12;gimnázium;férfi;nappali;magyar nyelv és irodalom;közép;rendes;Nem;magyar;4;69;69;megjelent;27;10;14;14;2;2;69;-;-;-;-
2020;1;Borsod-Abaúj-Zemplén;12;szakgimnázium/szakközépiskola (2016.09.01-től kifutó rendszerben);férfi;nappali;magyar nyelv és irodalom;közép;rendes;Nem;magyar;4;68;68;megjelent;33;9;15;10;0;1;68;-;-;-;-
2020;1;Borsod-Abaúj-Zemplén;12;gimnázium;nő;nappali;magyar nyelv és irodalom;közép;rendes;Nem;magyar;5;92;92;megjelent;32;10;25;15;8;2;92;-;-;-;-
2020;1;Borsod-Abaúj-Zemplén;12;gimnázium;nő;nappali;magyar nyelv és irodalom;közép;rendes;Nem;magyar;5;95;95;megjelent;35;10;25;15;8;2;95;-;-;-;-
2020;1;Borsod-Abaúj-Zemplén;12;gimnázium;férfi;nappali;magyar nyelv és irodalom;közép;rendes;Nem;magyar;4;76;76;megjelent;34;9;18;13;0;2;76;-;-;-;-
2020;1;Borsod-Abaúj-Zemplén;12;gimnázium;nő;nappali;magyar nyelv és irodalom;közép;rendes;Nem;magyar;5;85;85;megjelent;26;10;24;15;8;2;85;-;-;-;-
2020;1;Borsod-Abaúj-Zemplén;13;szakközép;férfi;nappali;magyar nyelv és irodalom;közép;rendes;Nem;magyar;2;28;43;megjelent;18;3;0;0;0;0;21;8;6;8;22
2020;1;Borsod-Abaúj-Zemplén;12;szakgimnázium/szakközépiskola (2016.09.01-től kifutó rendszerben);férfi;nappali;magyar nyelv és irodalom;közép;rendes;Nem;magyar;3;41;41;megjelent;23;6;6;5;0;1;41;-;-;-;-
2020;1;Borsod-Abaúj-Zemplén;12;gimnázium;férfi;nappali;magyar nyelv és irodalom;közép;rendes;Nem;magyar;4;76;76;megjelent;31;7;18;11;7;2;76;-;-;-;-
2020;1;Borsod-Abaúj-Zemplén;12;gimnázium;nő;nappali;magyar nyelv és irodalom;közép;rendes;Nem;magyar;5;81;81;megjelent;27;9;22;14;7;2;81;-;-;-;-
2020;1;Borsod-Abaúj-Zemplén;12;gimnázium;férfi;nappali;magyar nyelv és irodalom;közép;rendes;Nem;magyar;4;62;62;megjelent;26;7;14;10;4;1;62;-;-;-;-
2020;1;Borsod-Abaúj-Zemplén;12;gimnázium;nő;nappali;magyar nyelv és irodalom;közép;rendes;Nem;magyar;4;64;64;megjelent;25;9;18;10;0;2;64;-;-;-;-
2020;1;Borsod-Abaúj-Zemplén;12;gimnázium;nő;nappali;magyar nyelv és irodalom;közép;rendes;Nem;magyar;5;87;87;megjelent;34;9;23;13;6;2;87;-;-;-;-
2020;1;Borsod-Abaúj-Zemplén;12;gimnázium;nő;nappali;magyar nyelv és irodalom;közép;rendes;Nem;magyar;4;76;76;megjelent;32;9;22;11;0;2;76;-;-;-;-
2020;1;Borsod-Abaúj-Zemplén;12;szakgimnázium/szakközépiskola (2016.09.01-től kifutó rendszerben);férfi;nappali;magyar nyelv és irodalom;közép;rendes;Igen;magyar;4;68;34;megjelent;-;-;-;-;-;-;-;17;10;7;34
2020;1;Borsod-Abaúj-Zemplén;12;gimnázium;férfi;nappali;magyar nyelv és irodalom;közép;rendes;Nem;magyar;4;73;73;megjelent;30;9;18;14;1;1;73;-;-;-;-
2020;1;Borsod-Abaúj-Zemplén;12;gimnázium;nő;nappali;magyar nyelv és irodalom;közép;rendes;Nem;magyar;5;82;82;megjelent;36;7;20;13;4;2;82;-;-;-;-
2020;1;Borsod-Abaúj-Zemplén;12;gimnázium;férfi;nappali;magyar nyelv és irodalom;közép;rendes;Nem;magyar;5;85;85;megjelent;37;9;24;14;0;1;85;-;-;-;-
2020;1;Borsod-Abaúj-Zemplén;12;gimnázium;nő;nappali;magyar nyelv és irodalom;közép;rendes;Nem;magyar;5;80;80;megjelent;33;9;19;14;3;2;80;-;-;-;-
2020;1;Borsod-Abaúj-Zemplén;12;gimnázium;férfi;nappali;magyar nyelv és irodalom;közép;rendes;Nem;magyar;5;87;87;megjelent;35;8;24;14;4;2;87;-;-;-;-
2020;1;Borsod-Abaúj-Zemplén;12;gimnázium;férfi;nappali;magyar nyelv és irodalom;közép;rendes;Nem;magyar;3;53;53;megjelent;30;8;7;6;0;2;53;-;-;-;-
2020;1;Borsod-Abaúj-Zemplén;12;gimnázium;nő;nappali;magyar nyelv és irodalom;közép;rendes;Nem;magyar;5;92;92;megjelent;36;10;25;14;5;2;92;-;-;-;-
2020;1;Borsod-Abaúj-Zemplén;12;gimnázium;férfi;nappali;magyar nyelv és irodalom;közép;rendes;Nem;magyar;4;72;72;megjelent;33;4;14;12;7;2;72;-;-;-;-
2020;1;Borsod-Abaúj-Zemplén;12;gimnázium;férfi;nappali;magyar nyelv és irodalom;közép;rendes;Nem;magyar;5;86;86;megjelent;38;10;22;13;2;1;86;-;-;-;-
2020;1;Borsod-Abaúj-Zemplén;12;gimnázium;nő;nappali;magyar nyelv és irodalom;közép;rendes;Nem;magyar;5;80;80;megjelent;35;9;22;12;0;2;80;-;-;-;-
2020;1;Borsod-Abaúj-Zemplén;12;gimnázium;nő;nappali;magyar nyelv és irodalom;közép;rendes;Nem;magyar;5;80;80;megjelent;34;9;18;14;4;1;80;-;-;-;-
2020;1;Borsod-Abaúj-Zemplén;12;gimnázium;nő;nappali;magyar nyelv és irodalom;közép;rendes;Nem;magyar;5;90;90;megjelent;35;10;23;14;6;2;90;-;-;-;-
2020;1;Borsod-Abaúj-Zemplén;12;gimnázium;férfi;nappali;magyar nyelv és irodalom;közép;rendes;Nem;magyar;5;82;82;megjelent;35;9;21;12;4;1;82;-;-;-;-
2020;1;Borsod-Abaúj-Zemplén;12;gimnázium;nő;nappali;magyar nyelv és irodalom;közép;rendes;Nem;magyar;5;80;80;megjelent;36;9;20;11;3;1;80;-;-;-;-
2020;1;Borsod-Abaúj-Zemplén;12;gimnázium;nő;nappali;magyar nyelv és irodalom;közép;rendes;Nem;magyar;5;98;98;megjelent;38;10;25;15;8;2;98;-;-;-;-
2020;1;Borsod-Abaúj-Zemplén;12;gimnázium;nő;nappali;magyar nyelv és irodalom;közép;rendes;Nem;magyar;5;94;94;megjelent;40;9;24;14;6;1;94;-;-;-;-
2020;1;Borsod-Abaúj-Zemplén;12;gimnázium;nő;nappali;magyar nyelv és irodalom;közép;rendes;Nem;magyar;5;92;92;megjelent;34;9;25;14;8;2;92;-;-;-;-
2020;1;Borsod-Abaúj-Zemplén;12;gimnázium;nő;nappali;magyar nyelv és irodalom;közép;rendes;Nem;magyar;5;82;82;megjelent;35;8;19;14;4;2;82;-;-;-;-
2020;1;Borsod-Abaúj-Zemplén;12;gimnázium;nő;nappali;magyar nyelv és irodalom;közép;rendes;Nem;magyar;5;96;96;megjelent;39;10;25;15;6;1;96;-;-;-;-
2020;1;Borsod-Abaúj-Zemplén;12;gimnázium;férfi;nappali;magyar nyelv és irodalom;közép;rendes;Nem;magyar;4;78;78;megjelent;32;8;18;14;5;1;78;-;-;-;-
2020;1;Borsod-Abaúj-Zemplén;12;gimnázium;férfi;nappali;magyar nyelv és irodalom;közép;rendes;Nem;magyar;5;84;84;megjelent;35;9;23;12;4;1;84;-;-;-;-
2020;1;Borsod-Abaúj-Zemplén;12;gimnázium;nő;nappali;magyar nyelv és irodalom;közép;rendes;Nem;magyar;5;93;93;megjelent;38;9;23;14;7;2;93;-;-;-;-
2020;1;Borsod-Abaúj-Zemplén;12;gimnázium;nő;nappali;magyar nyelv és irodalom;közép;rendes;Nem;magyar;4;73;73;megjelent;25;9;21;14;3;1;73;-;-;-;-
2020;1;Borsod-Abaúj-Zemplén;12;gimnázium;nő;nappali;magyar nyelv és irodalom;közép;rendes;Nem;magyar;5;82;82;megjelent;30;9;20;14;7;2;82;-;-;-;-
2020;1;Borsod-Abaúj-Zemplén;12;gimnázium;nő;nappali;magyar nyelv és irodalom;közép;rendes;Nem;magyar;5;90;90;megjelent;33;9;25;14;7;2;90;-;-;-;-
2020;1;Borsod-Abaúj-Zemplén;12;gimnázium;nő;nappali;magyar nyelv és irodalom;közép;rendes;Nem;magyar;5;90;90;megjelent;33;9;24;14;8;2;90;-;-;-;-
2020;1;Borsod-Abaúj-Zemplén;12;gimnázium;férfi;nappali;magyar nyelv és irodalom;közép;rendes;Nem;magyar;5;82;82;megjelent;34;9;22;13;3;1;82;-;-;-;-
2020;1;Borsod-Abaúj-Zemplén;12;gimnázium;nő;nappali;magyar nyelv és irodalom;közép;rendes;Nem;magyar;5;86;86;megjelent;37;7;23;14;4;1;86;-;-;-;-
2020;1;Borsod-Abaúj-Zemplén;12;gimnázium;nő;nappali;magyar nyelv és irodalom;közép;rendes;Nem;magyar;4;75;75;megjelent;36;9;17;10;1;2;75;-;-;-;-
2020;1;Borsod-Abaúj-Zemplén;12;gimnázium;nő;nappali;magyar nyelv és irodalom;közép;rendes;Nem;magyar;5;90;90;megjelent;36;9;23;14;6;2;90;-;-;-;-
2020;1;Borsod-Abaúj-Zemplén;12;gimnázium;nő;nappali;magyar nyelv és irodalom;közép;rendes;Nem;magyar;5;96;96;megjelent;40;9;25;15;6;1;96;-;-;-;-
2020;1;Borsod-Abaúj-Zemplén;12;gimnázium;nő;nappali;magyar nyelv és irodalom;közép;rendes;Nem;magyar;5;80;80;megjelent;31;9;23;12;3;2;80;-;-;-;-
2020;1;Borsod-Abaúj-Zemplén;12;szakgimnázium/szakközépiskola (2016.09.01-től kifutó rendszerben);férfi;nappali;magyar nyelv és irodalom;közép;rendes;Nem;magyar;4;75;75;megjelent;33;8;19;11;2;2;75;-;-;-;-
2020;1;Borsod-Abaúj-Zemplén;12;gimnázium;nő;nappali;magyar nyelv és irodalom;közép;rendes;Nem;magyar;5;81;81;megjelent;36;9;23;10;1;2;81;-;-;-;-
2020;1;Borsod-Abaúj-Zemplén;12;gimnázium;nő;nappali;magyar nyelv és irodalom;közép;rendes;Nem;magyar;5;88;88;megjelent;35;10;21;12;8;2;88;-;-;-;-
2020;1;Borsod-Abaúj-Zemplén;12;gimnázium;nő;nappali;magyar nyelv és irodalom;közép;rendes;Nem;magyar;5;83;83;megjelent;30;10;24;15;2;2;83;-;-;-;-
2020;1;Borsod-Abaúj-Zemplén;12;gimnázium;férfi;nappali;magyar nyelv és irodalom;közép;rendes;Nem;magyar;5;87;87;megjelent;32;10;25;15;3;2;87;-;-;-;-
2020;1;Borsod-Abaúj-Zemplén;12;gimnázium;férfi;nappali;magyar nyelv és irodalom;közép;rendes;Nem;magyar;3;51;51;megjelent;22;7;14;7;0;1;51;-;-;-;-
2020;1;Borsod-Abaúj-Zemplén;12;gimnázium;férfi;nappali;magyar nyelv és irodalom;közép;rendes;Nem;magyar;5;89;89;megjelent;33;10;23;15;6;2;89;-;-;-;-
2020;1;Borsod-Abaúj-Zemplén;12;gimnázium;férfi;nappali;magyar nyelv és irodalom;közép;rendes;Nem;magyar;4;67;67;megjelent;30;10;14;12;0;1;67;-;-;-;-
2020;1;Borsod-Abaúj-Zemplén;12;gimnázium;nő;nappali;magyar nyelv és irodalom;közép;rendes;Nem;magyar;4;66;66;megjelent;27;10;14;12;1;2;66;-;-;-;-
2020;1;Borsod-Abaúj-Zemplén;12;gimnázium;nő;nappali;magyar nyelv és irodalom;közép;rendes;Nem;magyar;5;82;82;megjelent;32;9;19;14;6;2;82;-;-;-;-
2020;1;Borsod-Abaúj-Zemplén;12;szakgimnázium/szakközépiskola (2016.09.01-től kifutó rendszerben);nő;nappali;magyar nyelv és irodalom;közép;rendes;Nem;magyar;3;49;49;megjelent;29;6;10;4;0;0;49;-;-;-;-
2020;1;Borsod-Abaúj-Zemplén;13;szakközép;férfi;nappali;magyar nyelv és irodalom;közép;rendes;Nem;magyar;3;44;44;megjelent;32;0;5;6;0;1;44;-;-;-;-
2020;1;Borsod-Abaúj-Zemplén;13;szakközép;férfi;nappali;magyar nyelv és irodalom;közép;rendes;Nem;magyar;5;85;85;megjelent;36;9;25;13;0;2;85;-;-;-;-
2020;1;Borsod-Abaúj-Zemplén;13;szakközép;férfi;nappali;magyar nyelv és irodalom;közép;rendes;Nem;magyar;3;42;42;megjelent;17;7;10;8;0;0;42;-;-;-;-
2020;1;Borsod-Abaúj-Zemplén;13;szakközép;férfi;nappali;magyar nyelv és irodalom;közép;rendes;Nem;magyar;3;53;53;megjelent;29;6;10;8;0;0;53;-;-;-;-
2020;1;Borsod-Abaúj-Zemplén;13;szakközép;férfi;nappali;magyar nyelv és irodalom;közép;rendes;Nem;magyar;2;37;37;megjelent;27;4;1;5;0;0;37;-;-;-;-
2020;1;Borsod-Abaúj-Zemplén;13;szakközép;férfi;nappali;magyar nyelv és irodalom;közép;rendes;Nem;magyar;2;29;29;megjelent;27;0;1;1;0;0;29;-;-;-;-
2020;1;Borsod-Abaúj-Zemplén;13;szakközép;nő;nappali;magyar nyelv és irodalom;közép;rendes;Nem;magyar;3;42;42;megjelent;25;0;6;9;0;2;42;-;-;-;-
2020;1;Borsod-Abaúj-Zemplén;13;szakközép;nő;nappali;magyar nyelv és irodalom;közép;rendes;Nem;magyar;3;44;44;megjelent;28;0;7;9;0;0;44;-;-;-;-
2020;1;Borsod-Abaúj-Zemplén;13;szakközép;férfi;nappali;magyar nyelv és irodalom;közép;rendes;Nem;magyar;2;37;37;megjelent;26;0;6;5;0;0;37;-;-;-;-
2020;1;Borsod-Abaúj-Zemplén;13;szakközép;férfi;nappali;magyar nyelv és irodalom;közép;rendes;Nem;magyar;4;70;70;megjelent;37;7;12;7;6;1;70;-;-;-;-
2020;1;Borsod-Abaúj-Zemplén;13;szakközép;nő;nappali;magyar nyelv és irodalom;közép;rendes;Nem;magyar;2;39;39;megjelent;26;3;1;2;7;0;39;-;-;-;-
2020;1;Borsod-Abaúj-Zemplén;13;szakközép;nő;nappali;magyar nyelv és irodalom;közép;rendes;Nem;magyar;3;47;47;megjelent;29;0;8;10;0;0;47;-;-;-;-
2020;1;Borsod-Abaúj-Zemplén;13;szakközép;férfi;nappali;magyar nyelv és irodalom;közép;rendes;Nem;magyar;3;45;45;megjelent;25;4;8;6;0;2;45;-;-;-;-
2020;1;Borsod-Abaúj-Zemplén;13;szakközép;nő;nappali;magyar nyelv és irodalom;közép;rendes;Nem;magyar;2;31;31;megjelent;23;0;4;4;0;0;31;-;-;-;-
2020;1;Borsod-Abaúj-Zemplén;13;szakközép;nő;nappali;magyar nyelv és irodalom;közép;rendes;Nem;magyar;3;45;45;megjelent;24;4;8;8;0;1;45;-;-;-;-
2020;1;Borsod-Abaúj-Zemplén;12;gimnázium;férfi;nappali;magyar nyelv és irodalom;közép;rendes;Nem;magyar;5;81;81;megjelent;34;9;25;12;0;1;81;-;-;-;-
2020;1;Borsod-Abaúj-Zemplén;13;szakközép;nő;nappali;magyar nyelv és irodalom;közép;rendes;Nem;magyar;2;28;28;megjelent;25;0;1;2;0;0;28;-;-;-;-
2020;1;Borsod-Abaúj-Zemplén;13;szakközép;férfi;nappali;magyar nyelv és irodalom;közép;rendes;Nem;magyar;2;30;30;megjelent;27;0;1;2;0;0;30;-;-;-;-
2020;1;Borsod-Abaúj-Zemplén;12;szakgimnázium/szakközépiskola (2016.09.01-től kifutó rendszerben);férfi;nappali;magyar nyelv és irodalom;közép;rendes;Nem;magyar;4;73;73;megjelent;29;10;22;12;0;0;73;-;-;-;-
2020;1;Borsod-Abaúj-Zemplén;12;szakgimnázium/szakközépiskola (2016.09.01-től kifutó rendszerben);nő;nappali;magyar nyelv és irodalom;közép;rendes;Nem;magyar;2;29;29;megjelent;16;4;4;4;0;1;29;-;-;-;-
2020;1;Borsod-Abaúj-Zemplén;12;szakgimnázium/szakközépiskola (2016.09.01-től kifutó rendszerben);nő;nappali;magyar nyelv és irodalom;közép;rendes;Nem;magyar;3;45;45;megjelent;26;5;5;7;0;2;45;-;-;-;-
2020;1;Borsod-Abaúj-Zemplén;12;szakgimnázium/szakközépiskola (2016.09.01-től kifutó rendszerben);férfi;nappali;magyar nyelv és irodalom;közép;rendes;Nem;magyar;3;50;50;megjelent;24;7;9;6;4;0;50;-;-;-;-
2020;1;Borsod-Abaúj-Zemplén;12;szakgimnázium/szakközépiskola (2016.09.01-től kifutó rendszerben);férfi;nappali;magyar nyelv és irodalom;közép;rendes;Nem;magyar;3;51;51;megjelent;29;8;8;6;0;0;51;-;-;-;-
2020;1;Borsod-Abaúj-Zemplén;12;szakgimnázium/szakközépiskola (2016.09.01-től kifutó rendszerben);nő;nappali;magyar nyelv és irodalom;közép;rendes;Nem;magyar;3;40;40;megjelent;20;6;8;5;0;1;40;-;-;-;-
2020;1;Borsod-Abaúj-Zemplén;12;szakgimnázium/szakközépiskola (2016.09.01-től kifutó rendszerben);férfi;nappali;magyar nyelv és irodalom;közép;rendes;Nem;magyar;4;67;67;megjelent;25;9;19;12;1;1;67;-;-;-;-
2020;1;Borsod-Abaúj-Zemplén;12;szakgimnázium/szakközépiskola (2016.09.01-től kifutó rendszerben);nő;nappali;magyar nyelv és irodalom;közép;rendes;Nem;magyar;3;43;43;megjelent;21;8;4;9;0;1;43;-;-;-;-
2020;1;Borsod-Abaúj-Zemplén;SZ;szakközép;nő;nappali;magyar nyelv és irodalom;közép;rendes;Nem;magyar;2;26;26;megjelent;13;6;3;3;0;1;26;-;-;-;-
2020;1;Borsod-Abaúj-Zemplén;12;gimnázium;nő;nappali;magyar nyelv és irodalom;közép;rendes;Nem;magyar;4;76;76;megjelent;25;10;20;15;4;2;76;-;-;-;-
2020;1;Borsod-Abaúj-Zemplén;12;szakgimnázium/szakközépiskola (2016.09.01-től kifutó rendszerben);férfi;nappali;magyar nyelv és irodalom;közép;rendes;Nem;magyar;4;60;60;megjelent;16;10;23;11;0;0;60;-;-;-;-
2020;1;Borsod-Abaúj-Zemplén;12;szakgimnázium/szakközépiskola (2016.09.01-től kifutó rendszerben);férfi;nappali;magyar nyelv és irodalom;közép;rendes;Nem;magyar;3;48;48;megjelent;27;8;6;7;0;0;48;-;-;-;-
2020;1;Borsod-Abaúj-Zemplén;12;szakgimnázium/szakközépiskola (2016.09.01-től kifutó rendszerben);férfi;nappali;magyar nyelv és irodalom;közép;rendes;Nem;magyar;3;51;51;megjelent;26;7;10;8;0;0;51;-;-;-;-
2020;1;Borsod-Abaúj-Zemplén;12;szakgimnázium/szakközépiskola (2016.09.01-től kifutó rendszerben);férfi;nappali;magyar nyelv és irodalom;közép;rendes;Nem;magyar;4;66;66;megjelent;28;8;20;9;0;1;66;-;-;-;-
2020;1;Borsod-Abaúj-Zemplén;12;szakgimnázium/szakközépiskola (2016.09.01-től kifutó rendszerben);férfi;nappali;magyar nyelv és irodalom;közép;rendes;Nem;magyar;4;72;72;megjelent;34;9;17;11;0;1;72;-;-;-;-
2020;1;Borsod-Abaúj-Zemplén;12;szakgimnázium/szakközépiskola (2016.09.01-től kifutó rendszerben);férfi;nappali;magyar nyelv és irodalom;közép;rendes;Nem;magyar;2;25;38;megjelent;15;0;1;2;0;1;19;11;4;4;19
2020;1;Borsod-Abaúj-Zemplén;12;szakgimnázium/szakközépiskola (2016.09.01-től kifutó rendszerben);nő;nappali;magyar nyelv és irodalom;közép;rendes;Nem;magyar;3;48;48;megjelent;26;9;5;6;1;1;48;-;-;-;-
2020;1;Borsod-Abaúj-Zemplén;12;szakgimnázium/szakközépiskola (2016.09.01-től kifutó rendszerben);férfi;nappali;magyar nyelv és irodalom;közép;rendes;Nem;magyar;4;65;65;megjelent;27;9;20;8;0;1;65;-;-;-;-
2020;1;Borsod-Abaúj-Zemplén;12;szakgimnázium/szakközépiskola (2016.09.01-től kifutó rendszerben);férfi;nappali;magyar nyelv és irodalom;közép;rendes;Nem;magyar;3;42;42;megjelent;22;4;8;8;0;0;42;-;-;-;-
2020;1;Borsod-Abaúj-Zemplén;12;szakgimnázium/szakközépiskola (2016.09.01-től kifutó rendszerben);férfi;nappali;magyar nyelv és irodalom;közép;rendes;Nem;magyar;3;48;48;megjelent;22;7;10;9;0;0;48;-;-;-;-
2020;1;Borsod-Abaúj-Zemplén;12;szakgimnázium/szakközépiskola (2016.09.01-től kifutó rendszerben);férfi;nappali;magyar nyelv és irodalom;közép;rendes;Nem;magyar;3;41;41;megjelent;18;7;10;6;0;0;41;-;-;-;-
2020;1;Borsod-Abaúj-Zemplén;12;szakgimnázium/szakközépiskola (2016.09.01-től kifutó rendszerben);férfi;nappali;magyar nyelv és irodalom;közép;rendes;Nem;magyar;3;53;53;megjelent;30;8;9;6;0;0;53;-;-;-;-
2020;1;Borsod-Abaúj-Zemplén;SZ;szakközép;nő;nappali;magyar nyelv és irodalom;közép;rendes;Nem;magyar;2;36;36;megjelent;19;5;6;5;0;1;36;-;-;-;-
2020;1;Borsod-Abaúj-Zemplén;SZ;szakközép;nő;nappali;magyar nyelv és irodalom;közép;rendes;Nem;magyar;2;26;26;megjelent;16;4;2;3;0;1;26;-;-;-;-
2020;1;Borsod-Abaúj-Zemplén;12;szakgimnázium/szakközépiskola (2016.09.01-től kifutó rendszerben);nő;nappali;magyar nyelv és irodalom;közép;rendes;Nem;magyar;3;40;40;megjelent;8;8;13;9;0;2;40;-;-;-;-
2020;1;Borsod-Abaúj-Zemplén;SZ;szakközép;férfi;nappali;magyar nyelv és irodalom;közép;rendes;Nem;magyar;3;40;40;megjelent;23;6;6;4;0;1;40;-;-;-;-
2020;1;Borsod-Abaúj-Zemplén;12;szakgimnázium/szakközépiskola (2016.09.01-től kifutó rendszerben);nő;nappali;magyar nyelv és irodalom;közép;rendes;Igen;magyar;2;38;35;megjelent;16;7;7;5;0;0;35;-;-;-;-
2020;1;Borsod-Abaúj-Zemplén;SZ;szakközép;férfi;nappali;magyar nyelv és irodalom;közép;rendes;Nem;magyar;1;13;20;nem jelent meg;-;-;-;-;-;-;-;-;-;-;-
2020;1;Borsod-Abaúj-Zemplén;12;gimnázium;nő;nappali;magyar nyelv és irodalom;közép;rendes;Nem;magyar;4;66;66;megjelent;28;10;14;12;0;2;66;-;-;-;-
2020;1;Borsod-Abaúj-Zemplén;12;gimnázium;férfi;nappali;magyar nyelv és irodalom;közép;rendes;Nem;magyar;3;59;59;megjelent;19;10;9;13;6;2;59;-;-;-;-
2020;1;Borsod-Abaúj-Zemplén;12;gimnázium;nő;nappali;magyar nyelv és irodalom;közép;rendes;Nem;magyar;5;93;93;megjelent;33;10;25;15;8;2;93;-;-;-;-
2020;1;Borsod-Abaúj-Zemplén;12;gimnázium;férfi;nappali;magyar nyelv és irodalom;közép;rendes;Nem;magyar;3;49;49;megjelent;21;8;10;9;0;1;49;-;-;-;-
2020;1;Borsod-Abaúj-Zemplén;12;gimnázium;nő;nappali;magyar nyelv és irodalom;közép;rendes;Nem;magyar;5;89;89;megjelent;36;10;23;12;6;2;89;-;-;-;-
2020;1;Borsod-Abaúj-Zemplén;12;gimnázium;nő;nappali;magyar nyelv és irodalom;közép;rendes;Nem;magyar;5;86;86;megjelent;32;10;19;15;8;2;86;-;-;-;-
2020;1;Borsod-Abaúj-Zemplén;12;gimnázium;férfi;nappali;magyar nyelv és irodalom;közép;rendes;Nem;magyar;4;65;65;megjelent;29;9;12;9;6;0;65;-;-;-;-
2020;1;Borsod-Abaúj-Zemplén;12;gimnázium;férfi;nappali;magyar nyelv és irodalom;közép;rendes;Nem;magyar;5;87;87;megjelent;30;10;23;15;7;2;87;-;-;-;-
2020;1;Borsod-Abaúj-Zemplén;12;gimnázium;férfi;nappali;magyar nyelv és irodalom;közép;rendes;Nem;magyar;4;74;74;megjelent;27;9;15;13;8;2;74;-;-;-;-
2020;1;Borsod-Abaúj-Zemplén;12;gimnázium;nő;nappali;magyar nyelv és irodalom;közép;rendes;Nem;magyar;5;89;89;megjelent;32;9;23;15;8;2;89;-;-;-;-
2020;1;Borsod-Abaúj-Zemplén;12;szakgimnázium/szakközépiskola (2016.09.01-től kifutó rendszerben);nő;nappali;magyar nyelv és irodalom;közép;rendes;Nem;magyar;2;27;41;megjelent;10;3;3;3;0;1;20;11;3;7;21
2020;1;Borsod-Abaúj-Zemplén;12;szakgimnázium/szakközépiskola (2016.09.01-től kifutó rendszerben);nő;nappali;magyar nyelv és irodalom;közép;rendes;Nem;magyar;2;37;37;megjelent;18;5;5;7;0;2;37;-;-;-;-
2020;1;Borsod-Abaúj-Zemplén;12;gimnázium;férfi;nappali;magyar nyelv és irodalom;közép;rendes;Nem;magyar;3;44;44;megjelent;20;7;8;5;3;1;44;-;-;-;-
2020;1;Borsod-Abaúj-Zemplén;12;szakgimnázium/szakközépiskola (2016.09.01-től kifutó rendszerben);nő;nappali;magyar nyelv és irodalom;közép;rendes;Nem;magyar;4;63;63;megjelent;24;7;15;10;5;2;63;-;-;-;-
2020;1;Borsod-Abaúj-Zemplén;13;szakközép;férfi;nappali;magyar nyelv és irodalom;közép;rendes;Nem;magyar;3;41;41;megjelent;23;0;10;8;0;0;41;-;-;-;-
2020;1;Borsod-Abaúj-Zemplén;12;szakgimnázium/szakközépiskola (2016.09.01-től kifutó rendszerben);nő;nappali;magyar nyelv és irodalom;közép;rendes;Nem;magyar;4;65;65;megjelent;28;7;15;9;4;2;65;-;-;-;-
2020;1;Borsod-Abaúj-Zemplén;12;gimnázium;nő;nappali;magyar nyelv és irodalom;közép;rendes;Nem;magyar;4;75;75;megjelent;30;9;17;13;4;2;75;-;-;-;-
2020;1;Borsod-Abaúj-Zemplén;12;szakgimnázium/szakközépiskola (2016.09.01-től kifutó rendszerben);férfi;nappali;magyar nyelv és irodalom;közép;rendes;Nem;magyar;4;65;65;megjelent;29;5;16;9;4;2;65;-;-;-;-
2020;1;Borsod-Abaúj-Zemplén;12;szakgimnázium/szakközépiskola (2016.09.01-től kifutó rendszerben);nő;nappali;magyar nyelv és irodalom;közép;rendes;Nem;magyar;5;89;89;megjelent;36;9;20;14;8;2;89;-;-;-;-
2020;1;Borsod-Abaúj-Zemplén;12;gimnázium;férfi;nappali;magyar nyelv és irodalom;közép;rendes;Nem;magyar;3;58;58;megjelent;28;6;10;8;4;2;58;-;-;-;-
2020;1;Borsod-Abaúj-Zemplén;12;szakgimnázium/szakközépiskola (2016.09.01-től kifutó rendszerben);nő;nappali;magyar nyelv és irodalom;közép;rendes;Nem;magyar;4;67;67;megjelent;25;7;17;10;6;2;67;-;-;-;-
2020;1;Borsod-Abaúj-Zemplén;12;gimnázium;nő;nappali;magyar nyelv és irodalom;közép;rendes;Nem;magyar;4;73;73;megjelent;29;9;13;13;7;2;73;-;-;-;-
2020;1;Borsod-Abaúj-Zemplén;12;szakgimnázium/szakközépiskola (2016.09.01-től kifutó rendszerben);nő;nappali;magyar nyelv és irodalom;közép;rendes;Nem;magyar;5;82;82;megjelent;29;9;21;14;7;2;82;-;-;-;-
2020;1;Borsod-Abaúj-Zemplén;12;gimnázium;nő;nappali;magyar nyelv és irodalom;közép;rendes;Nem;magyar;3;40;40;megjelent;21;5;5;7;0;2;40;-;-;-;-
2020;1;Borsod-Abaúj-Zemplén;12;gimnázium;nő;nappali;magyar nyelv és irodalom;közép;rendes;Nem;magyar;4;63;63;megjelent;26;8;17;9;1;2;63;-;-;-;-
2020;1;Borsod-Abaúj-Zemplén;12;gimnázium;férfi;nappali;magyar nyelv és irodalom;közép;rendes;Nem;magyar;4;68;68;megjelent;32;10;14;10;0;2;68;-;-;-;-
2020;1;Borsod-Abaúj-Zemplén;12;szakgimnázium/szakközépiskola (2016.09.01-től kifutó rendszerben);nő;nappali;magyar nyelv és irodalom;közép;rendes;Nem;magyar;4;62;62;megjelent;21;7;16;9;7;2;62;-;-;-;-
2020;1;Borsod-Abaúj-Zemplén;12;szakgimnázium/szakközépiskola (2016.09.01-től kifutó rendszerben);nő;nappali;magyar nyelv és irodalom;közép;rendes;Nem;magyar;4;78;78;megjelent;28;8;21;14;5;2;78;-;-;-;-
2020;1;Borsod-Abaúj-Zemplén;12;szakgimnázium/szakközépiskola (2016.09.01-től kifutó rendszerben);nő;nappali;magyar nyelv és irodalom;közép;rendes;Nem;magyar;5;80;80;megjelent;28;7;21;15;7;2;80;-;-;-;-
2020;1;Borsod-Abaúj-Zemplén;12;szakgimnázium/szakközépiskola (2016.09.01-től kifutó rendszerben);nő;nappali;magyar nyelv és irodalom;közép;rendes;Nem;magyar;3;57;57;megjelent;25;6;15;9;0;2;57;-;-;-;-
2020;1;Borsod-Abaúj-Zemplén;12;szakgimnázium/szakközépiskola (2016.09.01-től kifutó rendszerben);nő;nappali;magyar nyelv és irodalom;közép;rendes;Nem;magyar;5;83;83;megjelent;30;9;21;14;7;2;83;-;-;-;-
2020;1;Borsod-Abaúj-Zemplén;12;szakgimnázium/szakközépiskola (2016.09.01-től kifutó rendszerben);férfi;nappali;magyar nyelv és irodalom;közép;rendes;Nem;magyar;3;50;50;megjelent;28;8;5;6;2;1;50;-;-;-;-
2020;1;Borsod-Abaúj-Zemplén;12;szakgimnázium/szakközépiskola (2016.09.01-től kifutó rendszerben);férfi;nappali;magyar nyelv és irodalom;közép;rendes;Nem;magyar;3;53;53;megjelent;24;5;14;9;0;1;53;-;-;-;-
2020;1;Borsod-Abaúj-Zemplén;12;szakgimnázium/szakközépiskola (2016.09.01-től kifutó rendszerben);férfi;nappali;magyar nyelv és irodalom;közép;rendes;Nem;magyar;2;34;34;megjelent;26;5;2;1;0;0;34;-;-;-;-
2020;1;Borsod-Abaúj-Zemplén;12;szakgimnázium/szakközépiskola (2016.09.01-től kifutó rendszerben);férfi;nappali;magyar nyelv és irodalom;közép;rendes;Nem;magyar;2;37;37;megjelent;21;3;4;5;3;1;37;-;-;-;-
2020;1;Borsod-Abaúj-Zemplén;12;szakgimnázium/szakközépiskola (2016.09.01-től kifutó rendszerben);férfi;nappali;magyar nyelv és irodalom;közép;rendes;Nem;magyar;3;49;49;megjelent;28;8;8;5;0;0;49;-;-;-;-
2020;1;Borsod-Abaúj-Zemplén;12;szakgimnázium/szakközépiskola (2016.09.01-től kifutó rendszerben);férfi;nappali;magyar nyelv és irodalom;közép;rendes;Nem;magyar;4;72;72;megjelent;33;9;15;12;1;2;72;-;-;-;-
2020;1;Borsod-Abaúj-Zemplén;12;szakgimnázium/szakközépiskola (2016.09.01-től kifutó rendszerben);férfi;nappali;magyar nyelv és irodalom;közép;rendes;Nem;magyar;2;31;31;megjelent;22;3;3;3;0;0;31;-;-;-;-
2020;1;Borsod-Abaúj-Zemplén;12;szakgimnázium/szakközépiskola (2016.09.01-től kifutó rendszerben);férfi;nappali;magyar nyelv és irodalom;közép;rendes;Nem;magyar;3;42;42;megjelent;25;5;2;3;6;1;42;-;-;-;-
2020;1;Borsod-Abaúj-Zemplén;12;szakgimnázium/szakközépiskola (2016.09.01-től kifutó rendszerben);férfi;nappali;magyar nyelv és irodalom;közép;rendes;Nem;magyar;2;26;26;megjelent;16;4;3;3;0;0;26;-;-;-;-
2020;1;Borsod-Abaúj-Zemplén;12;gimnázium;férfi;nappali;magyar nyelv és irodalom;közép;rendes;Nem;magyar;5;92;92;megjelent;38;10;24;15;3;2;92;-;-;-;-
2020;1;Borsod-Abaúj-Zemplén;12;gimnázium;férfi;nappali;magyar nyelv és irodalom;közép;rendes;Nem;magyar;4;74;74;megjelent;33;8;20;11;0;2;74;-;-;-;-
2020;1;Borsod-Abaúj-Zemplén;12;szakgimnázium/szakközépiskola (2016.09.01-től kifutó rendszerben);férfi;nappali;magyar nyelv és irodalom;közép;rendes;Nem;magyar;2;30;30;megjelent;19;4;2;4;0;1;30;-;-;-;-
2020;1;Borsod-Abaúj-Zemplén;12;szakgimnázium/szakközépiskola (2016.09.01-től kifutó rendszerben);férfi;nappali;magyar nyelv és irodalom;közép;rendes;Nem;magyar;2;32;32;megjelent;20;3;5;3;0;1;32;-;-;-;-
2020;1;Borsod-Abaúj-Zemplén;12;szakgimnázium/szakközépiskola (2016.09.01-től kifutó rendszerben);férfi;nappali;magyar nyelv és irodalom;közép;rendes;Nem;magyar;2;33;33;megjelent;25;2;3;3;0;0;33;-;-;-;-
2020;1;Borsod-Abaúj-Zemplén;12;szakgimnázium/szakközépiskola (2016.09.01-től kifutó rendszerben);férfi;nappali;magyar nyelv és irodalom;közép;rendes;Nem;magyar;3;49;49;megjelent;21;6;13;9;0;0;49;-;-;-;-
2020;1;Borsod-Abaúj-Zemplén;12;szakgimnázium/szakközépiskola (2016.09.01-től kifutó rendszerben);férfi;nappali;magyar nyelv és irodalom;közép;rendes;Nem;magyar;3;46;46;megjelent;25;7;5;7;0;2;46;-;-;-;-
2020;1;Borsod-Abaúj-Zemplén;12;gimnázium;férfi;nappali;magyar nyelv és irodalom;közép;rendes;Nem;magyar;5;94;94;megjelent;37;10;24;15;6;2;94;-;-;-;-
2020;1;Borsod-Abaúj-Zemplén;12;gimnázium;férfi;nappali;magyar nyelv és irodalom;közép;rendes;Nem;magyar;4;70;70;megjelent;29;10;15;11;3;2;70;-;-;-;-
2020;1;Borsod-Abaúj-Zemplén;12;szakgimnázium/szakközépiskola (2016.09.01-től kifutó rendszerben);férfi;nappali;magyar nyelv és irodalom;közép;rendes;Nem;magyar;3;44;44;megjelent;28;4;6;5;0;1;44;-;-;-;-
2020;1;Borsod-Abaúj-Zemplén;12;szakgimnázium/szakközépiskola (2016.09.01-től kifutó rendszerben);férfi;nappali;magyar nyelv és irodalom;közép;rendes;Nem;magyar;2;35;35;megjelent;25;2;4;4;0;0;35;-;-;-;-
2020;1;Borsod-Abaúj-Zemplén;12;szakgimnázium/szakközépiskola (2016.09.01-től kifutó rendszerben);férfi;nappali;magyar nyelv és irodalom;közép;rendes;Nem;magyar;2;34;34;megjelent;19;6;4;5;0;0;34;-;-;-;-
2020;1;Borsod-Abaúj-Zemplén;12;gimnázium;férfi;nappali;magyar nyelv és irodalom;közép;rendes;Nem;magyar;5;84;84;megjelent;39;9;21;14;0;1;84;-;-;-;-
2020;1;Borsod-Abaúj-Zemplén;12;gimnázium;férfi;nappali;magyar nyelv és irodalom;közép;rendes;Nem;magyar;5;94;94;megjelent;38;10;23;15;6;2;94;-;-;-;-
2020;1;Borsod-Abaúj-Zemplén;12;gimnázium;férfi;nappali;magyar nyelv és irodalom;közép;rendes;Nem;magyar;5;89;89;megjelent;36;10;23;15;3;2;89;-;-;-;-
2020;1;Borsod-Abaúj-Zemplén;12;gimnázium;férfi;nappali;magyar nyelv és irodalom;közép;rendes;Nem;magyar;5;95;95;megjelent;38;10;25;15;5;2;95;-;-;-;-
2020;1;Borsod-Abaúj-Zemplén;12;gimnázium;férfi;nappali;magyar nyelv és irodalom;közép;rendes;Nem;magyar;5;92;92;megjelent;40;10;25;15;0;2;92;-;-;-;-
2020;1;Borsod-Abaúj-Zemplén;12;gimnázium;férfi;nappali;magyar nyelv és irodalom;közép;rendes;Nem;magyar;4;73;73;megjelent;35;10;17;11;0;0;73;-;-;-;-
2020;1;Borsod-Abaúj-Zemplén;12;gimnázium;férfi;nappali;magyar nyelv és irodalom;közép;rendes;Nem;magyar;5;80;80;megjelent;34;10;21;13;0;2;80;-;-;-;-
2020;1;Borsod-Abaúj-Zemplén;12;gimnázium;férfi;nappali;magyar nyelv és irodalom;közép;rendes;Nem;magyar;4;73;73;megjelent;36;10;16;11;0;0;73;-;-;-;-
2020;1;Borsod-Abaúj-Zemplén;12;gimnázium;férfi;nappali;magyar nyelv és irodalom;közép;rendes;Nem;magyar;5;87;87;megjelent;33;10;21;14;7;2;87;-;-;-;-
2020;1;Borsod-Abaúj-Zemplén;12;gimnázium;férfi;nappali;magyar nyelv és irodalom;közép;rendes;Nem;magyar;4;67;67;megjelent;35;8;14;9;0;1;67;-;-;-;-
2020;1;Borsod-Abaúj-Zemplén;12;gimnázium;férfi;nappali;magyar nyelv és irodalom;közép;rendes;Nem;magyar;4;69;69;megjelent;36;8;15;9;0;1;69;-;-;-;-
2020;1;Borsod-Abaúj-Zemplén;12;gimnázium;nő;nappali;magyar nyelv és irodalom;közép;rendes;Nem;magyar;4;74;74;megjelent;24;9;23;15;1;2;74;-;-;-;-
2020;1;Borsod-Abaúj-Zemplén;12;gimnázium;férfi;nappali;magyar nyelv és irodalom;közép;rendes;Nem;magyar;5;86;86;megjelent;37;10;19;14;4;2;86;-;-;-;-
2020;1;Borsod-Abaúj-Zemplén;12;gimnázium;férfi;nappali;magyar nyelv és irodalom;közép;rendes;Nem;magyar;5;95;95;megjelent;39;10;24;15;5;2;95;-;-;-;-
2020;1;Borsod-Abaúj-Zemplén;12;gimnázium;férfi;nappali;magyar nyelv és irodalom;közép;rendes;Nem;magyar;5;93;93;megjelent;38;10;23;15;5;2;93;-;-;-;-
2020;1;Borsod-Abaúj-Zemplén;12;gimnázium;férfi;nappali;magyar nyelv és irodalom;közép;rendes;Igen;magyar;5;81;73;megjelent;34;10;19;10;0;0;73;-;-;-;-
2020;1;Borsod-Abaúj-Zemplén;12;gimnázium;nő;nappali;magyar nyelv és irodalom;közép;rendes;Nem;magyar;5;81;81;megjelent;32;10;20;15;2;2;81;-;-;-;-
2020;1;Borsod-Abaúj-Zemplén;12;gimnázium;férfi;nappali;magyar nyelv és irodalom;közép;rendes;Nem;magyar;5;83;83;megjelent;36;10;21;14;0;2;83;-;-;-;-
2020;1;Borsod-Abaúj-Zemplén;12;gimnázium;férfi;nappali;magyar nyelv és irodalom;közép;rendes;Nem;magyar;4;72;72;megjelent;30;10;19;12;0;1;72;-;-;-;-
2020;1;Borsod-Abaúj-Zemplén;12;gimnázium;nő;nappali;magyar nyelv és irodalom;közép;rendes;Nem;magyar;5;82;82;megjelent;35;10;20;15;0;2;82;-;-;-;-
2020;1;Borsod-Abaúj-Zemplén;12;gimnázium;nő;nappali;magyar nyelv és irodalom;közép;rendes;Nem;magyar;5;87;87;megjelent;36;10;24;15;0;2;87;-;-;-;-
2020;1;Borsod-Abaúj-Zemplén;12;gimnázium;nő;nappali;magyar nyelv és irodalom;közép;rendes;Nem;magyar;5;95;95;megjelent;38;10;24;15;6;2;95;-;-;-;-
2020;1;Borsod-Abaúj-Zemplén;12;gimnázium;férfi;nappali;magyar nyelv és irodalom;közép;rendes;Nem;magyar;5;81;81;megjelent;36;10;21;12;0;2;81;-;-;-;-
2020;1;Borsod-Abaúj-Zemplén;12;gimnázium;nő;nappali;magyar nyelv és irodalom;közép;rendes;Nem;magyar;5;97;97;megjelent;38;10;25;15;7;2;97;-;-;-;-
2020;1;Borsod-Abaúj-Zemplén;12;gimnázium;nő;nappali;magyar nyelv és irodalom;közép;rendes;Nem;magyar;5;96;96;megjelent;38;10;25;15;6;2;96;-;-;-;-
2020;1;Borsod-Abaúj-Zemplén;12;gimnázium;férfi;nappali;magyar nyelv és irodalom;közép;rendes;Nem;magyar;5;92;92;megjelent;36;9;25;15;5;2;92;-;-;-;-
2020;1;Borsod-Abaúj-Zemplén;12;gimnázium;férfi;nappali;magyar nyelv és irodalom;közép;rendes;Nem;magyar;5;91;91;megjelent;38;10;23;13;5;2;91;-;-;-;-
2020;1;Borsod-Abaúj-Zemplén;12;gimnázium;férfi;nappali;magyar nyelv és irodalom;közép;rendes;Nem;magyar;5;80;80;megjelent;37;10;19;12;0;2;80;-;-;-;-
2020;1;Borsod-Abaúj-Zemplén;12;gimnázium;nő;nappali;magyar nyelv és irodalom;közép;rendes;Nem;magyar;4;70;70;megjelent;30;9;18;11;0;2;70;-;-;-;-
2020;1;Borsod-Abaúj-Zemplén;12;gimnázium;nő;nappali;magyar nyelv és irodalom;közép;rendes;Nem;magyar;3;57;57;megjelent;24;5;12;9;5;2;57;-;-;-;-
2020;1;Borsod-Abaúj-Zemplén;12;gimnázium;nő;nappali;magyar nyelv és irodalom;közép;rendes;Nem;magyar;4;72;72;megjelent;31;6;16;11;6;2;72;-;-;-;-
2020;1;Borsod-Abaúj-Zemplén;12;gimnázium;nő;nappali;magyar nyelv és irodalom;közép;rendes;Nem;magyar;5;88;88;megjelent;34;10;23;14;5;2;88;-;-;-;-
2020;1;Borsod-Abaúj-Zemplén;12;gimnázium;nő;nappali;magyar nyelv és irodalom;közép;rendes;Nem;magyar;5;80;80;megjelent;29;10;24;15;0;2;80;-;-;-;-
2020;1;Borsod-Abaúj-Zemplén;12;gimnázium;nő;nappali;magyar nyelv és irodalom;közép;rendes;Nem;magyar;5;80;80;megjelent;28;10;22;15;3;2;80;-;-;-;-
2020;1;Borsod-Abaúj-Zemplén;12;gimnázium;férfi;nappali;magyar nyelv és irodalom;közép;rendes;Nem;magyar;5;86;86;megjelent;30;10;23;14;7;2;86;-;-;-;-
2020;1;Borsod-Abaúj-Zemplén;12;gimnázium;nő;nappali;magyar nyelv és irodalom;közép;rendes;Nem;magyar;4;76;76;megjelent;27;10;18;15;4;2;76;-;-;-;-
2020;1;Borsod-Abaúj-Zemplén;12;gimnázium;nő;nappali;magyar nyelv és irodalom;közép;rendes;Nem;magyar;5;91;91;megjelent;32;9;25;15;8;2;91;-;-;-;-
2020;1;Borsod-Abaúj-Zemplén;12;gimnázium;férfi;nappali;magyar nyelv és irodalom;közép;rendes;Nem;magyar;4;65;65;megjelent;28;9;14;13;0;1;65;-;-;-;-
2020;1;Borsod-Abaúj-Zemplén;12;szakgimnázium/szakközépiskola (2016.09.01-től kifutó rendszerben);nő;nappali;magyar nyelv és irodalom;közép;rendes;Nem;magyar;3;47;47;megjelent;17;0;14;10;5;1;47;-;-;-;-
2020;1;Borsod-Abaúj-Zemplén;12;gimnázium;nő;nappali;magyar nyelv és irodalom;közép;rendes;Nem;magyar;4;76;76;megjelent;28;9;19;12;6;2;76;-;-;-;-
2020;1;Borsod-Abaúj-Zemplén;12;szakgimnázium/szakközépiskola (2016.09.01-től kifutó rendszerben);férfi;nappali;magyar nyelv és irodalom;közép;rendes;Nem;magyar;2;39;39;megjelent;20;5;10;4;0;0;39;-;-;-;-
2020;1;Borsod-Abaúj-Zemplén;12;szakgimnázium/szakközépiskola (2016.09.01-től kifutó rendszerben);nő;nappali;magyar nyelv és irodalom;közép;rendes;Nem;magyar;5;80;80;megjelent;34;7;16;13;8;2;80;-;-;-;-
2020;1;Borsod-Abaúj-Zemplén;12;gimnázium;nő;nappali;magyar nyelv és irodalom;közép;rendes;Nem;magyar;5;91;91;megjelent;34;10;22;15;8;2;91;-;-;-;-
2020;1;Borsod-Abaúj-Zemplén;12;gimnázium;nő;nappali;magyar nyelv és irodalom;közép;rendes;Nem;magyar;4;69;69;megjelent;29;9;11;13;5;2;69;-;-;-;-
2020;1;Borsod-Abaúj-Zemplén;12;szakgimnázium/szakközépiskola (2016.09.01-től kifutó rendszerben);férfi;nappali;magyar nyelv és irodalom;közép;rendes;Nem;magyar;3;55;55;megjelent;26;5;12;8;4;0;55;-;-;-;-
2020;1;Borsod-Abaúj-Zemplén;12;gimnázium;férfi;nappali;magyar nyelv és irodalom;közép;rendes;Nem;magyar;5;83;83;megjelent;35;7;22;15;2;2;83;-;-;-;-
2020;1;Borsod-Abaúj-Zemplén;12;gimnázium;nő;nappali;magyar nyelv és irodalom;közép;rendes;Nem;magyar;5;85;85;megjelent;28;10;23;14;8;2;85;-;-;-;-
2020;1;Borsod-Abaúj-Zemplén;12;gimnázium;férfi;nappali;magyar nyelv és irodalom;közép;rendes;Nem;magyar;4;61;61;megjelent;27;8;9;13;3;1;61;-;-;-;-
2020;1;Borsod-Abaúj-Zemplén;12;gimnázium;nő;nappali;magyar nyelv és irodalom;közép;rendes;Nem;magyar;5;89;89;megjelent;36;9;25;15;2;2;89;-;-;-;-
2020;1;Borsod-Abaúj-Zemplén;13;szakközép;nő;nappali;magyar nyelv és irodalom;közép;rendes;Nem;magyar;3;53;53;megjelent;27;5;8;11;0;2;53;-;-;-;-
2020;1;Borsod-Abaúj-Zemplén;12;gimnázium;nő;nappali;magyar nyelv és irodalom;közép;rendes;Nem;magyar;5;80;80;megjelent;30;8;24;12;5;1;80;-;-;-;-
2020;1;Borsod-Abaúj-Zemplén;12;gimnázium;nő;nappali;magyar nyelv és irodalom;közép;rendes;Nem;magyar;4;65;65;megjelent;30;8;14;12;0;1;65;-;-;-;-
2020;1;Borsod-Abaúj-Zemplén;12;gimnázium;nő;nappali;magyar nyelv és irodalom;közép;rendes;Nem;magyar;4;61;61;megjelent;30;6;14;9;1;1;61;-;-;-;-
2020;1;Borsod-Abaúj-Zemplén;12;gimnázium;férfi;nappali;magyar nyelv és irodalom;közép;rendes;Nem;magyar;4;72;72;megjelent;31;9;19;10;1;2;72;-;-;-;-
2020;1;Borsod-Abaúj-Zemplén;12;gimnázium;nő;nappali;magyar nyelv és irodalom;közép;rendes;Nem;magyar;5;91;91;megjelent;36;9;23;15;6;2;91;-;-;-;-
2020;1;Borsod-Abaúj-Zemplén;12;gimnázium;nő;nappali;magyar nyelv és irodalom;közép;rendes;Nem;magyar;4;70;70;megjelent;33;8;17;10;0;2;70;-;-;-;-
2020;1;Borsod-Abaúj-Zemplén;12;gimnázium;nő;nappali;magyar nyelv és irodalom;közép;rendes;Nem;magyar;4;71;71;megjelent;32;9;14;9;5;2;71;-;-;-;-
2020;1;Borsod-Abaúj-Zemplén;12;gimnázium;nő;nappali;magyar nyelv és irodalom;közép;rendes;Nem;magyar;4;63;63;megjelent;29;8;14;10;0;2;63;-;-;-;-
2020;1;Borsod-Abaúj-Zemplén;12;gimnázium;nő;nappali;magyar nyelv és irodalom;közép;rendes;Nem;magyar;5;91;91;megjelent;34;9;25;14;8;1;91;-;-;-;-
2020;1;Borsod-Abaúj-Zemplén;12;gimnázium;nő;nappali;magyar nyelv és irodalom;közép;rendes;Nem;magyar;5;82;82;megjelent;33;8;23;11;5;2;82;-;-;-;-
2020;1;Borsod-Abaúj-Zemplén;12;gimnázium;nő;nappali;magyar nyelv és irodalom;közép;rendes;Nem;magyar;3;51;51;megjelent;22;8;8;6;5;2;51;-;-;-;-
2020;1;Borsod-Abaúj-Zemplén;12;gimnázium;nő;nappali;magyar nyelv és irodalom;közép;rendes;Nem;magyar;4;71;71;megjelent;33;9;18;9;1;1;71;-;-;-;-
2020;1;Borsod-Abaúj-Zemplén;12;gimnázium;nő;nappali;magyar nyelv és irodalom;közép;rendes;Nem;magyar;5;91;91;megjelent;37;10;23;14;5;2;91;-;-;-;-
2020;1;Borsod-Abaúj-Zemplén;12;gimnázium;nő;nappali;magyar nyelv és irodalom;közép;rendes;Nem;magyar;5;80;80;megjelent;34;10;25;10;0;1;80;-;-;-;-
2020;1;Borsod-Abaúj-Zemplén;12;szakgimnázium/szakközépiskola (2016.09.01-től kifutó rendszerben);férfi;nappali;magyar nyelv és irodalom;közép;rendes;Nem;magyar;4;62;62;megjelent;36;6;11;8;0;1;62;-;-;-;-
2020;1;Borsod-Abaúj-Zemplén;12;gimnázium;férfi;nappali;magyar nyelv és irodalom;közép;rendes;Nem;magyar;3;56;56;megjelent;26;7;14;8;0;1;56;-;-;-;-
2020;1;Borsod-Abaúj-Zemplén;12;gimnázium;nő;nappali;magyar nyelv és irodalom;közép;rendes;Nem;magyar;5;83;83;megjelent;32;9;19;14;7;2;83;-;-;-;-
2020;1;Borsod-Abaúj-Zemplén;12;szakgimnázium/szakközépiskola (2016.09.01-től kifutó rendszerben);nő;nappali;magyar nyelv és irodalom;közép;rendes;Igen;magyar;5;80;40;megjelent;-;-;-;-;-;-;-;20;10;10;40
2020;1;Borsod-Abaúj-Zemplén;12;gimnázium;nő;nappali;magyar nyelv és irodalom;közép;rendes;Nem;magyar;4;66;66;megjelent;31;8;14;12;0;1;66;-;-;-;-
2020;1;Borsod-Abaúj-Zemplén;12;gimnázium;férfi;nappali;magyar nyelv és irodalom;közép;rendes;Nem;magyar;5;81;81;megjelent;30;10;21;11;7;2;81;-;-;-;-
2020;1;Borsod-Abaúj-Zemplén;12;szakgimnázium/szakközépiskola (2016.09.01-től kifutó rendszerben);férfi;nappali;magyar nyelv és irodalom;közép;rendes;Nem;magyar;3;46;46;megjelent;22;9;7;5;2;1;46;-;-;-;-
2020;1;Borsod-Abaúj-Zemplén;12;gimnázium;nő;nappali;magyar nyelv és irodalom;közép;rendes;Nem;magyar;5;80;80;megjelent;33;9;25;11;0;2;80;-;-;-;-
2020;1;Borsod-Abaúj-Zemplén;12;gimnázium;nő;nappali;magyar nyelv és irodalom;közép;rendes;Nem;magyar;5;83;83;megjelent;35;10;18;13;6;1;83;-;-;-;-
2020;1;Borsod-Abaúj-Zemplén;12;szakgimnázium/szakközépiskola (2016.09.01-től kifutó rendszerben);férfi;nappali;magyar nyelv és irodalom;közép;rendes;Nem;magyar;3;40;40;megjelent;15;4;9;6;5;1;40;-;-;-;-
2020;1;Borsod-Abaúj-Zemplén;12;gimnázium;férfi;nappali;magyar nyelv és irodalom;közép;rendes;Nem;magyar;4;70;70;megjelent;30;10;18;10;0;2;70;-;-;-;-
2020;1;Borsod-Abaúj-Zemplén;12;gimnázium;nő;nappali;magyar nyelv és irodalom;közép;rendes;Nem;magyar;5;83;83;megjelent;33;10;17;15;6;2;83;-;-;-;-
2020;1;Borsod-Abaúj-Zemplén;12;gimnázium;nő;nappali;magyar nyelv és irodalom;közép;rendes;Nem;magyar;5;80;80;megjelent;36;8;21;9;4;2;80;-;-;-;-
2020;1;Borsod-Abaúj-Zemplén;12;gimnázium;nő;nappali;magyar nyelv és irodalom;közép;rendes;Nem;magyar;5;85;85;megjelent;33;8;25;13;5;1;85;-;-;-;-
2020;1;Borsod-Abaúj-Zemplén;12;gimnázium;nő;nappali;magyar nyelv és irodalom;közép;rendes;Nem;magyar;4;66;66;megjelent;27;9;18;10;0;2;66;-;-;-;-
2020;1;Borsod-Abaúj-Zemplén;12;gimnázium;férfi;nappali;magyar nyelv és irodalom;közép;rendes;Nem;magyar;4;72;72;megjelent;36;9;17;9;0;1;72;-;-;-;-
2020;1;Borsod-Abaúj-Zemplén;12;gimnázium;nő;nappali;magyar nyelv és irodalom;közép;rendes;Nem;magyar;5;85;85;megjelent;38;10;14;13;8;2;85;-;-;-;-
2020;1;Borsod-Abaúj-Zemplén;12;gimnázium;férfi;nappali;magyar nyelv és irodalom;közép;rendes;Nem;magyar;4;71;71;megjelent;31;9;17;12;0;2;71;-;-;-;-
2020;1;Borsod-Abaúj-Zemplén;12;gimnázium;férfi;nappali;magyar nyelv és irodalom;közép;rendes;Nem;magyar;4;77;77;megjelent;33;8;23;11;0;2;77;-;-;-;-
2020;1;Borsod-Abaúj-Zemplén;12;szakgimnázium/szakközépiskola (2016.09.01-től kifutó rendszerben);férfi;nappali;magyar nyelv és irodalom;közép;rendes;Igen;magyar;2;26;24;megjelent;11;3;4;4;0;2;24;-;-;-;-
2020;1;Borsod-Abaúj-Zemplén;12;gimnázium;nő;nappali;magyar nyelv és irodalom;közép;rendes;Nem;magyar;3;40;40;megjelent;26;6;3;3;0;2;40;-;-;-;-
2020;1;Borsod-Abaúj-Zemplén;12;gimnázium;nő;nappali;magyar nyelv és irodalom;közép;rendes;Nem;magyar;5;92;92;megjelent;35;9;25;13;8;2;92;-;-;-;-
2020;1;Borsod-Abaúj-Zemplén;12;szakgimnázium/szakközépiskola (2016.09.01-től kifutó rendszerben);férfi;nappali;magyar nyelv és irodalom;közép;rendes;Nem;magyar;4;71;71;megjelent;25;10;15;14;6;1;71;-;-;-;-
2020;1;Borsod-Abaúj-Zemplén;12;gimnázium;nő;nappali;magyar nyelv és irodalom;közép;rendes;Nem;magyar;4;60;60;megjelent;26;8;17;8;0;1;60;-;-;-;-
2020;1;Borsod-Abaúj-Zemplén;12;gimnázium;férfi;nappali;magyar nyelv és irodalom;közép;rendes;Nem;magyar;5;80;80;megjelent;32;10;24;12;0;2;80;-;-;-;-
2020;1;Borsod-Abaúj-Zemplén;12;szakgimnázium/szakközépiskola (2016.09.01-től kifutó rendszerben);férfi;nappali;magyar nyelv és irodalom;közép;rendes;Nem;magyar;4;63;63;megjelent;30;9;10;9;3;2;63;-;-;-;-
2020;1;Borsod-Abaúj-Zemplén;12;gimnázium;férfi;nappali;magyar nyelv és irodalom;közép;rendes;Nem;magyar;4;77;77;megjelent;33;9;19;11;4;1;77;-;-;-;-
2020;1;Borsod-Abaúj-Zemplén;12;szakgimnázium/szakközépiskola (2016.09.01-től kifutó rendszerben);férfi;nappali;magyar nyelv és irodalom;közép;rendes;Nem;magyar;4;74;74;megjelent;36;8;17;10;1;2;74;-;-;-;-
2020;1;Borsod-Abaúj-Zemplén;12;szakgimnázium/szakközépiskola (2016.09.01-től kifutó rendszerben);férfi;nappali;magyar nyelv és irodalom;közép;rendes;Nem;magyar;5;95;95;megjelent;38;10;25;14;6;2;95;-;-;-;-
2020;1;Borsod-Abaúj-Zemplén;12;gimnázium;nő;nappali;magyar nyelv és irodalom;közép;rendes;Nem;magyar;5;93;93;megjelent;35;8;25;15;8;2;93;-;-;-;-
2020;1;Borsod-Abaúj-Zemplén;12;szakgimnázium/szakközépiskola (2016.09.01-től kifutó rendszerben);férfi;nappali;magyar nyelv és irodalom;közép;rendes;Nem;magyar;3;41;41;megjelent;26;0;8;6;0;1;41;-;-;-;-
2020;1;Borsod-Abaúj-Zemplén;12;gimnázium;férfi;nappali;magyar nyelv és irodalom;közép;rendes;Nem;magyar;4;68;68;megjelent;32;6;19;10;0;1;68;-;-;-;-
2020;1;Borsod-Abaúj-Zemplén;12;szakgimnázium/szakközépiskola (2016.09.01-től kifutó rendszerben);férfi;nappali;magyar nyelv és irodalom;közép;rendes;Nem;magyar;4;62;62;megjelent;33;6;12;9;0;2;62;-;-;-;-
2020;1;Borsod-Abaúj-Zemplén;12;szakgimnázium/szakközépiskola (2016.09.01-től kifutó rendszerben);férfi;nappali;magyar nyelv és irodalom;közép;rendes;Nem;magyar;3;44;44;megjelent;33;0;1;2;7;1;44;-;-;-;-
2020;1;Borsod-Abaúj-Zemplén;12;gimnázium;férfi;nappali;magyar nyelv és irodalom;közép;rendes;Nem;magyar;4;76;76;megjelent;31;8;24;11;0;2;76;-;-;-;-
2020;1;Borsod-Abaúj-Zemplén;12;szakgimnázium/szakközépiskola (2016.09.01-től kifutó rendszerben);férfi;nappali;magyar nyelv és irodalom;közép;rendes;Nem;magyar;4;60;60;megjelent;29;6;10;8;5;2;60;-;-;-;-
2020;1;Borsod-Abaúj-Zemplén;12;szakgimnázium/szakközépiskola (2016.09.01-től kifutó rendszerben);nő;nappali;magyar nyelv és irodalom;közép;rendes;Nem;magyar;3;56;56;megjelent;35;4;8;7;0;2;56;-;-;-;-
2020;1;Borsod-Abaúj-Zemplén;12;gimnázium;férfi;nappali;magyar nyelv és irodalom;közép;rendes;Nem;magyar;3;53;53;megjelent;29;7;7;8;0;2;53;-;-;-;-
2020;1;Borsod-Abaúj-Zemplén;12;szakgimnázium/szakközépiskola (2016.09.01-től kifutó rendszerben);férfi;nappali;magyar nyelv és irodalom;közép;rendes;Nem;magyar;3;51;51;megjelent;35;6;4;5;0;1;51;-;-;-;-
2020;1;Borsod-Abaúj-Zemplén;12;szakgimnázium/szakközépiskola (2016.09.01-től kifutó rendszerben);férfi;nappali;magyar nyelv és irodalom;közép;rendes;Nem;magyar;4;72;72;megjelent;36;10;12;8;5;1;72;-;-;-;-
2020;1;Borsod-Abaúj-Zemplén;12;gimnázium;férfi;nappali;magyar nyelv és irodalom;közép;rendes;Nem;magyar;4;62;62;megjelent;20;7;19;9;5;2;62;-;-;-;-
2020;1;Borsod-Abaúj-Zemplén;12;gimnázium;nő;nappali;magyar nyelv és irodalom;közép;rendes;Nem;magyar;5;82;82;megjelent;32;10;22;11;6;1;82;-;-;-;-
2020;1;Borsod-Abaúj-Zemplén;12;szakgimnázium/szakközépiskola (2016.09.01-től kifutó rendszerben);férfi;nappali;magyar nyelv és irodalom;közép;rendes;Nem;magyar;3;44;44;megjelent;26;0;8;7;1;2;44;-;-;-;-
2020;1;Borsod-Abaúj-Zemplén;12;gimnázium;nő;nappali;magyar nyelv és irodalom;közép;rendes;Nem;magyar;4;77;77;megjelent;25;10;25;11;4;2;77;-;-;-;-
2020;1;Borsod-Abaúj-Zemplén;12;szakgimnázium/szakközépiskola (2016.09.01-től kifutó rendszerben);férfi;nappali;magyar nyelv és irodalom;közép;rendes;Nem;magyar;3;48;48;megjelent;23;9;10;5;0;1;48;-;-;-;-
2020;1;Borsod-Abaúj-Zemplén;12;gimnázium;férfi;nappali;magyar nyelv és irodalom;közép;rendes;Nem;magyar;5;80;80;megjelent;36;9;19;12;2;2;80;-;-;-;-
2020;1;Borsod-Abaúj-Zemplén;12;szakgimnázium/szakközépiskola (2016.09.01-től kifutó rendszerben);férfi;nappali;magyar nyelv és irodalom;közép;rendes;Igen;magyar;2;36;34;megjelent;21;5;5;1;0;2;34;-;-;-;-
2020;1;Borsod-Abaúj-Zemplén;12;gimnázium;nő;nappali;magyar nyelv és irodalom;közép;rendes;Nem;magyar;5;89;89;megjelent;36;8;20;15;8;2;89;-;-;-;-
2020;1;Borsod-Abaúj-Zemplén;12;gimnázium;nő;nappali;magyar nyelv és irodalom;közép;rendes;Nem;magyar;4;60;60;megjelent;23;0;20;12;3;2;60;-;-;-;-
2020;1;Borsod-Abaúj-Zemplén;12;gimnázium;férfi;nappali;magyar nyelv és irodalom;közép;rendes;Nem;magyar;4;62;62;megjelent;25;8;14;6;8;1;62;-;-;-;-
2020;1;Borsod-Abaúj-Zemplén;12;gimnázium;nő;nappali;magyar nyelv és irodalom;közép;rendes;Nem;magyar;5;82;82;megjelent;27;10;24;15;4;2;82;-;-;-;-
2020;1;Borsod-Abaúj-Zemplén;12;gimnázium;férfi;nappali;magyar nyelv és irodalom;közép;rendes;Nem;magyar;5;83;83;megjelent;35;9;23;10;5;1;83;-;-;-;-
2020;1;Borsod-Abaúj-Zemplén;12;gimnázium;nő;nappali;magyar nyelv és irodalom;közép;rendes;Nem;magyar;5;84;84;megjelent;36;10;19;12;5;2;84;-;-;-;-
2020;1;Borsod-Abaúj-Zemplén;12;gimnázium;férfi;nappali;magyar nyelv és irodalom;közép;rendes;Nem;magyar;4;67;67;megjelent;34;3;19;11;0;0;67;-;-;-;-
2020;1;Borsod-Abaúj-Zemplén;12;gimnázium;nő;nappali;magyar nyelv és irodalom;közép;rendes;Nem;magyar;4;70;70;megjelent;28;8;18;8;6;2;70;-;-;-;-
2020;1;Borsod-Abaúj-Zemplén;12;gimnázium;nő;nappali;magyar nyelv és irodalom;közép;rendes;Nem;magyar;5;88;88;megjelent;37;9;22;13;5;2;88;-;-;-;-
2020;1;Borsod-Abaúj-Zemplén;12;gimnázium;nő;nappali;magyar nyelv és irodalom;közép;rendes;Nem;magyar;5;80;80;megjelent;31;10;22;12;3;2;80;-;-;-;-
2020;1;Borsod-Abaúj-Zemplén;12;gimnázium;férfi;nappali;magyar nyelv és irodalom;közép;rendes;Nem;magyar;5;81;81;megjelent;33;9;18;12;7;2;81;-;-;-;-
2020;1;Borsod-Abaúj-Zemplén;12;gimnázium;nő;nappali;magyar nyelv és irodalom;közép;rendes;Nem;magyar;3;52;52;megjelent;18;9;14;9;0;2;52;-;-;-;-
2020;1;Borsod-Abaúj-Zemplén;12;gimnázium;férfi;nappali;magyar nyelv és irodalom;közép;rendes;Nem;magyar;3;44;44;megjelent;27;5;4;6;0;2;44;-;-;-;-
2020;1;Borsod-Abaúj-Zemplén;12;gimnázium;férfi;nappali;magyar nyelv és irodalom;közép;rendes;Nem;magyar;4;73;73;megjelent;31;6;19;12;4;1;73;-;-;-;-
2020;1;Borsod-Abaúj-Zemplén;12;gimnázium;nő;nappali;magyar nyelv és irodalom;közép;rendes;Nem;magyar;2;32;32;megjelent;16;5;5;4;0;2;32;-;-;-;-
2020;1;Borsod-Abaúj-Zemplén;12;gimnázium;nő;nappali;magyar nyelv és irodalom;közép;rendes;Nem;magyar;5;80;80;megjelent;30;9;20;13;6;2;80;-;-;-;-
2020;1;Borsod-Abaúj-Zemplén;12;gimnázium;férfi;nappali;magyar nyelv és irodalom;közép;rendes;Nem;magyar;3;52;52;megjelent;23;7;9;8;3;2;52;-;-;-;-
2020;1;Borsod-Abaúj-Zemplén;12;gimnázium;férfi;nappali;magyar nyelv és irodalom;közép;rendes;Nem;magyar;3;40;40;megjelent;15;6;9;8;0;2;40;-;-;-;-
2020;1;Borsod-Abaúj-Zemplén;12;gimnázium;férfi;nappali;magyar nyelv és irodalom;közép;rendes;Nem;magyar;5;83;83;megjelent;33;9;22;11;6;2;83;-;-;-;-
2020;1;Borsod-Abaúj-Zemplén;12;gimnázium;nő;nappali;magyar nyelv és irodalom;közép;rendes;Nem;magyar;4;68;68;megjelent;29;7;18;12;1;1;68;-;-;-;-
2020;1;Borsod-Abaúj-Zemplén;12;gimnázium;nő;nappali;magyar nyelv és irodalom;közép;rendes;Nem;magyar;4;66;66;megjelent;21;8;19;12;4;2;66;-;-;-;-
2020;1;Borsod-Abaúj-Zemplén;12;gimnázium;nő;nappali;magyar nyelv és irodalom;közép;rendes;Nem;magyar;4;61;61;megjelent;22;6;15;9;7;2;61;-;-;-;-
2020;1;Borsod-Abaúj-Zemplén;12;gimnázium;nő;nappali;magyar nyelv és irodalom;közép;rendes;Nem;magyar;3;46;46;megjelent;25;0;10;8;1;2;46;-;-;-;-
2020;1;Borsod-Abaúj-Zemplén;12;gimnázium;nő;nappali;magyar nyelv és irodalom;közép;rendes;Nem;magyar;3;50;50;megjelent;28;7;5;6;2;2;50;-;-;-;-
2020;1;Borsod-Abaúj-Zemplén;12;gimnázium;férfi;nappali;magyar nyelv és irodalom;közép;rendes;Nem;magyar;4;60;60;megjelent;19;9;17;10;3;2;60;-;-;-;-
2020;1;Borsod-Abaúj-Zemplén;12;gimnázium;nő;nappali;magyar nyelv és irodalom;közép;rendes;Nem;magyar;5;84;84;megjelent;31;10;22;15;4;2;84;-;-;-;-
2020;1;Borsod-Abaúj-Zemplén;12;gimnázium;nő;nappali;magyar nyelv és irodalom;közép;rendes;Nem;magyar;2;37;37;megjelent;21;6;4;4;0;2;37;-;-;-;-
2020;1;Borsod-Abaúj-Zemplén;12;szakgimnázium/szakközépiskola (2016.09.01-től kifutó rendszerben);férfi;nappali;magyar nyelv és irodalom;közép;rendes;Nem;magyar;3;45;45;megjelent;21;9;6;8;0;1;45;-;-;-;-
2020;1;Borsod-Abaúj-Zemplén;12;szakgimnázium/szakközépiskola (2016.09.01-től kifutó rendszerben);férfi;nappali;magyar nyelv és irodalom;közép;rendes;Nem;magyar;3;49;49;megjelent;21;9;8;9;0;2;49;-;-;-;-
2020;1;Borsod-Abaúj-Zemplén;12;szakgimnázium/szakközépiskola (2016.09.01-től kifutó rendszerben);férfi;nappali;magyar nyelv és irodalom;közép;rendes;Nem;magyar;3;48;48;megjelent;21;9;8;8;0;2;48;-;-;-;-
2020;1;Borsod-Abaúj-Zemplén;12;szakgimnázium/szakközépiskola (2016.09.01-től kifutó rendszerben);férfi;nappali;magyar nyelv és irodalom;közép;rendes;Nem;magyar;2;29;29;megjelent;12;6;4;5;0;2;29;-;-;-;-
2020;1;Borsod-Abaúj-Zemplén;12;szakgimnázium/szakközépiskola (2016.09.01-től kifutó rendszerben);férfi;nappali;magyar nyelv és irodalom;közép;rendes;Nem;magyar;3;45;45;megjelent;23;7;6;7;0;2;45;-;-;-;-
2020;1;Borsod-Abaúj-Zemplén;12;szakgimnázium/szakközépiskola (2016.09.01-től kifutó rendszerben);férfi;nappali;magyar nyelv és irodalom;közép;rendes;Nem;magyar;2;37;37;megjelent;20;6;4;6;0;1;37;-;-;-;-
2020;1;Borsod-Abaúj-Zemplén;12;szakgimnázium/szakközépiskola (2016.09.01-től kifutó rendszerben);férfi;nappali;magyar nyelv és irodalom;közép;rendes;Nem;magyar;3;46;46;megjelent;30;8;3;4;0;1;46;-;-;-;-
2020;1;Borsod-Abaúj-Zemplén;12;szakgimnázium/szakközépiskola (2016.09.01-től kifutó rendszerben);férfi;nappali;magyar nyelv és irodalom;közép;rendes;Nem;magyar;4;60;60;megjelent;17;10;16;11;4;2;60;-;-;-;-
2020;1;Borsod-Abaúj-Zemplén;12;szakgimnázium/szakközépiskola (2016.09.01-től kifutó rendszerben);nő;nappali;magyar nyelv és irodalom;közép;rendes;Nem;magyar;3;45;45;megjelent;20;5;12;7;0;1;45;-;-;-;-
2020;1;Borsod-Abaúj-Zemplén;12;szakgimnázium/szakközépiskola (2016.09.01-től kifutó rendszerben);férfi;nappali;magyar nyelv és irodalom;közép;rendes;Nem;magyar;2;35;35;megjelent;14;5;9;6;0;1;35;-;-;-;-
2020;1;Borsod-Abaúj-Zemplén;12;szakgimnázium/szakközépiskola (2016.09.01-től kifutó rendszerben);nő;nappali;magyar nyelv és irodalom;közép;rendes;Nem;magyar;3;46;46;megjelent;22;5;12;6;0;1;46;-;-;-;-
2020;1;Borsod-Abaúj-Zemplén;12;szakgimnázium/szakközépiskola (2016.09.01-től kifutó rendszerben);férfi;nappali;magyar nyelv és irodalom;közép;rendes;Nem;magyar;3;46;46;megjelent;17;5;14;9;0;1;46;-;-;-;-
2020;1;Borsod-Abaúj-Zemplén;12;szakgimnázium/szakközépiskola (2016.09.01-től kifutó rendszerben);férfi;nappali;magyar nyelv és irodalom;közép;rendes;Igen;magyar;4;68;62;megjelent;26;7;19;10;0;0;62;-;-;-;-
2020;1;Borsod-Abaúj-Zemplén;12;szakgimnázium/szakközépiskola (2016.09.01-től kifutó rendszerben);nő;nappali;magyar nyelv és irodalom;közép;rendes;Nem;magyar;4;65;65;megjelent;27;6;16;9;5;2;65;-;-;-;-
2020;1;Borsod-Abaúj-Zemplén;12;gimnázium;nő;nappali;magyar nyelv és irodalom;közép;rendes;Nem;magyar;5;83;83;megjelent;32;9;22;13;6;1;83;-;-;-;-
2020;1;Borsod-Abaúj-Zemplén;12;szakgimnázium/szakközépiskola (2016.09.01-től kifutó rendszerben);férfi;nappali;magyar nyelv és irodalom;közép;rendes;Nem;magyar;3;56;56;megjelent;27;8;10;9;0;2;56;-;-;-;-
2020;1;Borsod-Abaúj-Zemplén;12;szakgimnázium/szakközépiskola (2016.09.01-től kifutó rendszerben);férfi;nappali;magyar nyelv és irodalom;közép;rendes;Nem;magyar;2;39;39;megjelent;24;5;5;5;0;0;39;-;-;-;-
2020;1;Borsod-Abaúj-Zemplén;12;szakgimnázium/szakközépiskola (2016.09.01-től kifutó rendszerben);férfi;nappali;magyar nyelv és irodalom;közép;rendes;Nem;magyar;2;33;33;megjelent;24;5;1;3;0;0;33;-;-;-;-
2020;1;Borsod-Abaúj-Zemplén;12;szakgimnázium/szakközépiskola (2016.09.01-től kifutó rendszerben);férfi;nappali;magyar nyelv és irodalom;közép;rendes;Nem;magyar;5;80;80;megjelent;33;10;20;14;1;2;80;-;-;-;-
2020;1;Borsod-Abaúj-Zemplén;12;szakgimnázium/szakközépiskola (2016.09.01-től kifutó rendszerben);férfi;nappali;magyar nyelv és irodalom;közép;rendes;Nem;magyar;3;47;47;megjelent;34;4;2;7;0;0;47;-;-;-;-
2020;1;Borsod-Abaúj-Zemplén;12;szakgimnázium/szakközépiskola (2016.09.01-től kifutó rendszerben);férfi;nappali;magyar nyelv és irodalom;közép;rendes;Nem;magyar;3;45;45;megjelent;27;3;9;6;0;0;45;-;-;-;-
2020;1;Borsod-Abaúj-Zemplén;12;szakgimnázium/szakközépiskola (2016.09.01-től kifutó rendszerben);férfi;nappali;magyar nyelv és irodalom;közép;rendes;Nem;magyar;3;40;40;megjelent;31;4;2;3;0;0;40;-;-;-;-
2020;1;Borsod-Abaúj-Zemplén;12;szakgimnázium/szakközépiskola (2016.09.01-től kifutó rendszerben);férfi;nappali;magyar nyelv és irodalom;közép;rendes;Nem;magyar;3;41;41;megjelent;23;0;12;6;0;0;41;-;-;-;-
2020;1;Borsod-Abaúj-Zemplén;12;gimnázium;nő;nappali;magyar nyelv és irodalom;közép;rendes;Nem;magyar;3;45;45;megjelent;24;6;5;5;3;2;45;-;-;-;-
2020;1;Borsod-Abaúj-Zemplén;12;gimnázium;nő;nappali;magyar nyelv és irodalom;közép;rendes;Nem;magyar;4;61;61;megjelent;28;9;12;10;0;2;61;-;-;-;-
2020;1;Borsod-Abaúj-Zemplén;12;szakgimnázium/szakközépiskola (2016.09.01-től kifutó rendszerben);férfi;nappali;magyar nyelv és irodalom;közép;rendes;Nem;magyar;3;54;54;megjelent;33;7;3;8;2;1;54;-;-;-;-
2020;1;Borsod-Abaúj-Zemplén;12;szakgimnázium/szakközépiskola (2016.09.01-től kifutó rendszerben);férfi;nappali;magyar nyelv és irodalom;közép;rendes;Nem;magyar;3;51;51;megjelent;30;8;2;8;2;1;51;-;-;-;-
2020;1;Borsod-Abaúj-Zemplén;12;gimnázium;nő;nappali;magyar nyelv és irodalom;közép;rendes;Nem;magyar;3;54;54;megjelent;25;8;10;9;0;2;54;-;-;-;-
2020;1;Borsod-Abaúj-Zemplén;12;gimnázium;nő;nappali;magyar nyelv és irodalom;közép;rendes;Nem;magyar;4;62;62;megjelent;24;6;13;13;4;2;62;-;-;-;-
2020;1;Borsod-Abaúj-Zemplén;12;szakgimnázium/szakközépiskola (2016.09.01-től kifutó rendszerben);férfi;nappali;magyar nyelv és irodalom;közép;rendes;Nem;magyar;2;30;30;megjelent;23;4;1;2;0;0;30;-;-;-;-
2020;1;Borsod-Abaúj-Zemplén;12;gimnázium;nő;nappali;magyar nyelv és irodalom;közép;rendes;Nem;magyar;2;38;38;megjelent;26;4;4;3;1;0;38;-;-;-;-
2020;1;Borsod-Abaúj-Zemplén;12;szakgimnázium/szakközépiskola (2016.09.01-től kifutó rendszerben);férfi;nappali;magyar nyelv és irodalom;közép;rendes;Nem;magyar;2;38;38;megjelent;31;3;1;3;0;0;38;-;-;-;-
2020;1;Borsod-Abaúj-Zemplén;12;gimnázium;nő;nappali;magyar nyelv és irodalom;közép;rendes;Nem;magyar;3;44;44;megjelent;24;6;6;7;0;1;44;-;-;-;-
2020;1;Borsod-Abaúj-Zemplén;12;gimnázium;férfi;nappali;magyar nyelv és irodalom;közép;rendes;Nem;magyar;4;63;63;megjelent;32;9;13;8;0;1;63;-;-;-;-
2020;1;Borsod-Abaúj-Zemplén;12;gimnázium;nő;nappali;magyar nyelv és irodalom;közép;rendes;Nem;magyar;3;46;46;megjelent;26;9;5;6;0;0;46;-;-;-;-
2020;1;Borsod-Abaúj-Zemplén;12;gimnázium;nő;nappali;magyar nyelv és irodalom;közép;rendes;Nem;magyar;3;53;53;megjelent;26;7;6;11;1;2;53;-;-;-;-
2020;1;Borsod-Abaúj-Zemplén;12;gimnázium;nő;nappali;magyar nyelv és irodalom;közép;rendes;Nem;magyar;5;82;82;megjelent;31;10;19;14;6;2;82;-;-;-;-
2020;1;Borsod-Abaúj-Zemplén;12;szakgimnázium/szakközépiskola (2016.09.01-től kifutó rendszerben);férfi;nappali;magyar nyelv és irodalom;közép;rendes;Nem;magyar;3;40;40;megjelent;28;3;1;8;0;0;40;-;-;-;-
2020;1;Borsod-Abaúj-Zemplén;12;gimnázium;férfi;nappali;magyar nyelv és irodalom;közép;rendes;Nem;magyar;2;38;38;megjelent;19;6;7;6;0;0;38;-;-;-;-
2020;1;Borsod-Abaúj-Zemplén;12;szakgimnázium/szakközépiskola (2016.09.01-től kifutó rendszerben);férfi;nappali;magyar nyelv és irodalom;közép;rendes;Nem;magyar;3;51;51;megjelent;34;8;2;7;0;0;51;-;-;-;-
2020;1;Borsod-Abaúj-Zemplén;12;gimnázium;nő;nappali;magyar nyelv és irodalom;közép;rendes;Nem;magyar;4;73;73;megjelent;30;6;17;13;5;2;73;-;-;-;-
2020;1;Borsod-Abaúj-Zemplén;12;szakgimnázium/szakközépiskola (2016.09.01-től kifutó rendszerben);férfi;nappali;magyar nyelv és irodalom;közép;rendes;Nem;magyar;5;80;80;megjelent;33;9;19;13;6;0;80;-;-;-;-
2020;1;Borsod-Abaúj-Zemplén;12;gimnázium;nő;nappali;magyar nyelv és irodalom;közép;rendes;Nem;magyar;3;43;43;megjelent;27;5;5;6;0;0;43;-;-;-;-
2020;1;Borsod-Abaúj-Zemplén;12;gimnázium;nő;nappali;magyar nyelv és irodalom;közép;rendes;Nem;magyar;3;54;54;megjelent;30;8;6;8;0;2;54;-;-;-;-
2020;1;Borsod-Abaúj-Zemplén;12;szakgimnázium/szakközépiskola (2016.09.01-től kifutó rendszerben);férfi;nappali;magyar nyelv és irodalom;közép;rendes;Nem;magyar;4;60;60;megjelent;35;9;9;7;0;0;60;-;-;-;-
2020;1;Borsod-Abaúj-Zemplén;12;gimnázium;nő;nappali;magyar nyelv és irodalom;közép;rendes;Nem;magyar;3;46;46;megjelent;28;6;5;6;0;1;46;-;-;-;-
2020;1;Borsod-Abaúj-Zemplén;12;szakgimnázium/szakközépiskola (2016.09.01-től kifutó rendszerben);férfi;nappali;magyar nyelv és irodalom;közép;rendes;Nem;magyar;2;26;26;megjelent;18;4;1;3;0;0;26;-;-;-;-
2020;1;Borsod-Abaúj-Zemplén;12;gimnázium;nő;nappali;magyar nyelv és irodalom;közép;rendes;Nem;magyar;5;91;91;megjelent;36;10;25;14;4;2;91;-;-;-;-
2020;1;Borsod-Abaúj-Zemplén;12;gimnázium;nő;nappali;magyar nyelv és irodalom;közép;rendes;Nem;magyar;2;36;36;megjelent;24;3;4;4;0;1;36;-;-;-;-
2020;1;Borsod-Abaúj-Zemplén;12;szakgimnázium/szakközépiskola (2016.09.01-től kifutó rendszerben);férfi;nappali;magyar nyelv és irodalom;közép;rendes;Nem;magyar;4;63;63;megjelent;34;6;14;9;0;0;63;-;-;-;-
2020;1;Borsod-Abaúj-Zemplén;12;gimnázium;férfi;nappali;magyar nyelv és irodalom;közép;rendes;Nem;magyar;4;74;74;megjelent;28;8;22;13;1;2;74;-;-;-;-
2020;1;Borsod-Abaúj-Zemplén;12;szakgimnázium/szakközépiskola (2016.09.01-től kifutó rendszerben);férfi;nappali;magyar nyelv és irodalom;közép;rendes;Nem;magyar;4;60;60;megjelent;28;7;16;9;0;0;60;-;-;-;-
2020;1;Borsod-Abaúj-Zemplén;12;szakgimnázium/szakközépiskola (2016.09.01-től kifutó rendszerben);férfi;nappali;magyar nyelv és irodalom;közép;rendes;Nem;magyar;2;34;34;megjelent;21;8;1;4;0;0;34;-;-;-;-
2020;1;Borsod-Abaúj-Zemplén;12;gimnázium;férfi;nappali;magyar nyelv és irodalom;közép;rendes;Nem;magyar;3;41;41;megjelent;21;7;5;8;0;0;41;-;-;-;-
2020;1;Borsod-Abaúj-Zemplén;12;szakgimnázium/szakközépiskola (2016.09.01-től kifutó rendszerben);férfi;nappali;magyar nyelv és irodalom;közép;rendes;Nem;magyar;4;60;60;megjelent;30;7;13;9;0;1;60;-;-;-;-
2020;1;Borsod-Abaúj-Zemplén;12;szakgimnázium/szakközépiskola (2016.09.01-től kifutó rendszerben);férfi;nappali;magyar nyelv és irodalom;közép;rendes;Nem;magyar;4;63;63;megjelent;34;6;14;8;0;1;63;-;-;-;-
2020;1;Borsod-Abaúj-Zemplén;12;szakgimnázium/szakközépiskola (2016.09.01-től kifutó rendszerben);férfi;nappali;magyar nyelv és irodalom;közép;rendes;Nem;magyar;4;66;66;megjelent;30;9;18;8;0;1;66;-;-;-;-
2020;1;Borsod-Abaúj-Zemplén;12;szakgimnázium/szakközépiskola (2016.09.01-től kifutó rendszerben);férfi;nappali;magyar nyelv és irodalom;közép;rendes;Nem;magyar;5;82;82;megjelent;35;10;21;14;0;2;82;-;-;-;-
2020;1;Borsod-Abaúj-Zemplén;12;szakgimnázium/szakközépiskola (2016.09.01-től kifutó rendszerben);férfi;nappali;magyar nyelv és irodalom;közép;rendes;Nem;magyar;4;65;65;megjelent;37;5;14;7;0;2;65;-;-;-;-
2020;1;Borsod-Abaúj-Zemplén;12;szakgimnázium/szakközépiskola (2016.09.01-től kifutó rendszerben);férfi;nappali;magyar nyelv és irodalom;közép;rendes;Nem;magyar;4;65;65;megjelent;34;8;13;8;1;1;65;-;-;-;-
2020;1;Borsod-Abaúj-Zemplén;12;szakgimnázium/szakközépiskola (2016.09.01-től kifutó rendszerben);férfi;nappali;magyar nyelv és irodalom;közép;rendes;Nem;magyar;5;81;81;megjelent;34;9;17;11;8;2;81;-;-;-;-
2020;1;Borsod-Abaúj-Zemplén;12;szakgimnázium/szakközépiskola (2016.09.01-től kifutó rendszerben);férfi;nappali;magyar nyelv és irodalom;közép;rendes;Nem;magyar;4;75;75;megjelent;35;8;18;10;2;2;75;-;-;-;-
2020;1;Borsod-Abaúj-Zemplén;12;szakgimnázium/szakközépiskola (2016.09.01-től kifutó rendszerben);férfi;nappali;magyar nyelv és irodalom;közép;rendes;Nem;magyar;5;89;89;megjelent;34;10;22;14;7;2;89;-;-;-;-
2020;1;Borsod-Abaúj-Zemplén;12;szakgimnázium/szakközépiskola (2016.09.01-től kifutó rendszerben);férfi;nappali;magyar nyelv és irodalom;közép;rendes;Igen;magyar;4;64;59;megjelent;30;7;13;8;0;1;59;-;-;-;-
2020;1;Borsod-Abaúj-Zemplén;12;szakgimnázium/szakközépiskola (2016.09.01-től kifutó rendszerben);férfi;nappali;magyar nyelv és irodalom;közép;rendes;Nem;magyar;5;85;85;megjelent;37;10;20;14;2;2;85;-;-;-;-
2020;1;Borsod-Abaúj-Zemplén;12;szakgimnázium/szakközépiskola (2016.09.01-től kifutó rendszerben);férfi;nappali;magyar nyelv és irodalom;közép;rendes;Nem;magyar;3;58;58;megjelent;32;5;12;7;0;2;58;-;-;-;-
2020;1;Borsod-Abaúj-Zemplén;12;szakgimnázium/szakközépiskola (2016.09.01-től kifutó rendszerben);férfi;nappali;magyar nyelv és irodalom;közép;rendes;Nem;magyar;4;78;78;megjelent;36;10;18;13;0;1;78;-;-;-;-
2020;1;Borsod-Abaúj-Zemplén;12;szakgimnázium/szakközépiskola (2016.09.01-től kifutó rendszerben);férfi;nappali;magyar nyelv és irodalom;közép;rendes;Nem;magyar;4;62;62;megjelent;35;5;13;7;1;1;62;-;-;-;-
2020;1;Borsod-Abaúj-Zemplén;12;szakgimnázium/szakközépiskola (2016.09.01-től kifutó rendszerben);férfi;nappali;magyar nyelv és irodalom;közép;rendes;Nem;magyar;3;41;41;megjelent;24;3;7;6;0;1;41;-;-;-;-
2020;1;Borsod-Abaúj-Zemplén;12;szakgimnázium/szakközépiskola (2016.09.01-től kifutó rendszerben);férfi;nappali;magyar nyelv és irodalom;közép;rendes;Nem;magyar;4;70;70;megjelent;31;5;18;10;5;1;70;-;-;-;-
2020;1;Borsod-Abaúj-Zemplén;12;szakgimnázium/szakközépiskola (2016.09.01-től kifutó rendszerben);férfi;nappali;magyar nyelv és irodalom;közép;rendes;Nem;magyar;2;38;38;megjelent;23;4;5;5;0;1;38;-;-;-;-
2020;1;Borsod-Abaúj-Zemplén;12;szakgimnázium/szakközépiskola (2016.09.01-től kifutó rendszerben);férfi;nappali;magyar nyelv és irodalom;közép;rendes;Nem;magyar;4;77;77;megjelent;26;10;20;14;6;1;77;-;-;-;-
2020;1;Borsod-Abaúj-Zemplén;12;szakgimnázium/szakközépiskola (2016.09.01-től kifutó rendszerben);férfi;nappali;magyar nyelv és irodalom;közép;rendes;Nem;magyar;2;34;34;megjelent;17;4;5;7;0;1;34;-;-;-;-
2020;1;Borsod-Abaúj-Zemplén;12;szakgimnázium/szakközépiskola (2016.09.01-től kifutó rendszerben);férfi;nappali;magyar nyelv és irodalom;közép;rendes;Nem;magyar;5;88;88;megjelent;37;10;20;15;5;1;88;-;-;-;-
2020;1;Borsod-Abaúj-Zemplén;12;szakgimnázium/szakközépiskola (2016.09.01-től kifutó rendszerben);férfi;nappali;magyar nyelv és irodalom;közép;rendes;Nem;magyar;4;74;74;megjelent;28;10;20;15;0;1;74;-;-;-;-
2020;1;Borsod-Abaúj-Zemplén;12;szakgimnázium/szakközépiskola (2016.09.01-től kifutó rendszerben);férfi;nappali;magyar nyelv és irodalom;közép;rendes;Nem;magyar;4;62;62;megjelent;32;10;4;8;6;2;62;-;-;-;-
2020;1;Borsod-Abaúj-Zemplén;12;szakgimnázium/szakközépiskola (2016.09.01-től kifutó rendszerben);férfi;nappali;magyar nyelv és irodalom;közép;rendes;Nem;magyar;3;41;41;megjelent;22;6;2;2;7;2;41;-;-;-;-
2020;1;Borsod-Abaúj-Zemplén;12;szakgimnázium/szakközépiskola (2016.09.01-től kifutó rendszerben);férfi;nappali;magyar nyelv és irodalom;közép;rendes;Igen;magyar;2;28;14;megjelent;-;-;-;-;-;-;-;8;3;3;14
2020;1;Borsod-Abaúj-Zemplén;12;szakgimnázium/szakközépiskola (2016.09.01-től kifutó rendszerben);nő;nappali;magyar nyelv és irodalom;közép;rendes;Nem;magyar;3;42;42;megjelent;20;3;10;7;0;2;42;-;-;-;-
2020;1;Borsod-Abaúj-Zemplén;12;szakgimnázium/szakközépiskola (2016.09.01-től kifutó rendszerben);nő;nappali;magyar nyelv és irodalom;közép;rendes;Nem;magyar;2;37;37;megjelent;21;3;8;3;0;2;37;-;-;-;-
2020;1;Borsod-Abaúj-Zemplén;12;szakgimnázium/szakközépiskola (2016.09.01-től kifutó rendszerben);nő;nappali;magyar nyelv és irodalom;közép;rendes;Nem;magyar;4;60;60;megjelent;20;7;18;13;0;2;60;-;-;-;-
2020;1;Borsod-Abaúj-Zemplén;12;szakgimnázium/szakközépiskola (2016.09.01-től kifutó rendszerben);nő;nappali;magyar nyelv és irodalom;közép;rendes;Nem;magyar;4;69;69;megjelent;29;8;17;10;3;2;69;-;-;-;-
2020;1;Borsod-Abaúj-Zemplén;12;szakgimnázium/szakközépiskola (2016.09.01-től kifutó rendszerben);férfi;nappali;magyar nyelv és irodalom;közép;rendes;Nem;magyar;4;65;65;megjelent;27;6;18;10;2;2;65;-;-;-;-
2020;1;Borsod-Abaúj-Zemplén;12;szakgimnázium/szakközépiskola (2016.09.01-től kifutó rendszerben);nő;nappali;magyar nyelv és irodalom;közép;rendes;Nem;magyar;4;65;65;megjelent;28;6;18;9;2;2;65;-;-;-;-
2020;1;Borsod-Abaúj-Zemplén;12;szakgimnázium/szakközépiskola (2016.09.01-től kifutó rendszerben);nő;nappali;magyar nyelv és irodalom;közép;rendes;Nem;magyar;4;78;78;megjelent;33;7;20;11;5;2;78;-;-;-;-
2020;1;Borsod-Abaúj-Zemplén;12;szakgimnázium/szakközépiskola (2016.09.01-től kifutó rendszerben);nő;nappali;magyar nyelv és irodalom;közép;rendes;Nem;magyar;4;68;68;megjelent;20;8;21;12;5;2;68;-;-;-;-
2020;1;Borsod-Abaúj-Zemplén;12;szakgimnázium/szakközépiskola (2016.09.01-től kifutó rendszerben);nő;nappali;magyar nyelv és irodalom;közép;rendes;Nem;magyar;5;86;86;megjelent;31;9;22;14;8;2;86;-;-;-;-
2020;1;Borsod-Abaúj-Zemplén;12;gimnázium;nő;nappali;magyar nyelv és irodalom;közép;rendes;Nem;magyar;5;86;86;megjelent;32;10;20;15;7;2;86;-;-;-;-
2020;1;Borsod-Abaúj-Zemplén;12;szakgimnázium/szakközépiskola (2016.09.01-től kifutó rendszerben);nő;nappali;magyar nyelv és irodalom;közép;rendes;Nem;magyar;5;80;80;megjelent;31;7;22;14;4;2;80;-;-;-;-
2020;1;Borsod-Abaúj-Zemplén;12;gimnázium;nő;nappali;magyar nyelv és irodalom;közép;rendes;Nem;magyar;5;86;86;megjelent;31;10;21;15;7;2;86;-;-;-;-
2020;1;Borsod-Abaúj-Zemplén;12;szakgimnázium/szakközépiskola (2016.09.01-től kifutó rendszerben);nő;nappali;magyar nyelv és irodalom;közép;rendes;Nem;magyar;4;68;68;megjelent;32;6;16;9;3;2;68;-;-;-;-
2020;1;Borsod-Abaúj-Zemplén;12;szakgimnázium/szakközépiskola (2016.09.01-től kifutó rendszerben);nő;nappali;magyar nyelv és irodalom;közép;rendes;Nem;magyar;3;49;49;megjelent;19;9;9;10;0;2;49;-;-;-;-
2020;1;Borsod-Abaúj-Zemplén;12;szakgimnázium/szakközépiskola (2016.09.01-től kifutó rendszerben);nő;nappali;magyar nyelv és irodalom;közép;rendes;Nem;magyar;4;65;65;megjelent;27;9;14;13;0;2;65;-;-;-;-
2020;1;Borsod-Abaúj-Zemplén;12;szakgimnázium/szakközépiskola (2016.09.01-től kifutó rendszerben);nő;nappali;magyar nyelv és irodalom;közép;rendes;Nem;magyar;2;27;27;megjelent;19;0;2;5;0;1;27;-;-;-;-
2020;1;Borsod-Abaúj-Zemplén;12;szakgimnázium/szakközépiskola (2016.09.01-től kifutó rendszerben);nő;nappali;magyar nyelv és irodalom;közép;rendes;Nem;magyar;4;76;76;megjelent;32;10;15;12;5;2;76;-;-;-;-
2020;1;Borsod-Abaúj-Zemplén;12;szakgimnázium/szakközépiskola (2016.09.01-től kifutó rendszerben);nő;nappali;magyar nyelv és irodalom;közép;rendes;Nem;magyar;4;63;63;megjelent;27;9;12;13;0;2;63;-;-;-;-
2020;1;Borsod-Abaúj-Zemplén;12;szakgimnázium/szakközépiskola (2016.09.01-től kifutó rendszerben);nő;nappali;magyar nyelv és irodalom;közép;rendes;Nem;magyar;4;68;68;megjelent;24;10;14;13;5;2;68;-;-;-;-
2020;1;Borsod-Abaúj-Zemplén;12;szakgimnázium/szakközépiskola (2016.09.01-től kifutó rendszerben);nő;nappali;magyar nyelv és irodalom;közép;rendes;Nem;magyar;4;70;70;megjelent;30;9;16;13;0;2;70;-;-;-;-
2020;1;Borsod-Abaúj-Zemplén;12;gimnázium;férfi;nappali;magyar nyelv és irodalom;közép;rendes;Nem;magyar;4;64;64;megjelent;28;9;14;7;5;1;64;-;-;-;-
2020;1;Borsod-Abaúj-Zemplén;12;gimnázium;férfi;nappali;magyar nyelv és irodalom;közép;rendes;Nem;magyar;3;50;50;megjelent;25;5;10;8;0;2;50;-;-;-;-
2020;1;Borsod-Abaúj-Zemplén;12;szakgimnázium/szakközépiskola (2016.09.01-től kifutó rendszerben);nő;nappali;magyar nyelv és irodalom;közép;rendes;Nem;magyar;4;63;63;megjelent;32;6;14;9;0;2;63;-;-;-;-
2020;1;Borsod-Abaúj-Zemplén;12;szakgimnázium/szakközépiskola (2016.09.01-től kifutó rendszerben);nő;nappali;magyar nyelv és irodalom;közép;rendes;Nem;magyar;3;55;55;megjelent;25;6;12;10;0;2;55;-;-;-;-
2020;1;Borsod-Abaúj-Zemplén;12;szakgimnázium/szakközépiskola (2016.09.01-től kifutó rendszerben);nő;nappali;magyar nyelv és irodalom;közép;rendes;Nem;magyar;2;32;32;megjelent;21;4;2;5;0;0;32;-;-;-;-
2020;1;Borsod-Abaúj-Zemplén;12;szakgimnázium/szakközépiskola (2016.09.01-től kifutó rendszerben);nő;nappali;magyar nyelv és irodalom;közép;rendes;Nem;magyar;3;40;40;megjelent;15;5;7;11;0;2;40;-;-;-;-
2020;1;Borsod-Abaúj-Zemplén;12;szakgimnázium/szakközépiskola (2016.09.01-től kifutó rendszerben);nő;nappali;magyar nyelv és irodalom;közép;rendes;Nem;magyar;3;56;56;megjelent;33;5;7;9;0;2;56;-;-;-;-
2020;1;Borsod-Abaúj-Zemplén;12;szakgimnázium/szakközépiskola (2016.09.01-től kifutó rendszerben);nő;nappali;magyar nyelv és irodalom;közép;rendes;Nem;magyar;4;73;73;megjelent;26;10;16;13;6;2;73;-;-;-;-
2020;1;Borsod-Abaúj-Zemplén;12;szakgimnázium/szakközépiskola (2016.09.01-től kifutó rendszerben);nő;nappali;magyar nyelv és irodalom;közép;rendes;Nem;magyar;2;35;35;megjelent;24;3;5;3;0;0;35;-;-;-;-
2020;1;Borsod-Abaúj-Zemplén;12;szakgimnázium/szakközépiskola (2016.09.01-től kifutó rendszerben);nő;nappali;magyar nyelv és irodalom;közép;rendes;Nem;magyar;4;75;75;megjelent;31;9;15;13;5;2;75;-;-;-;-
2020;1;Borsod-Abaúj-Zemplén;12;szakgimnázium/szakközépiskola (2016.09.01-től kifutó rendszerben);nő;nappali;magyar nyelv és irodalom;közép;rendes;Nem;magyar;4;63;63;megjelent;29;6;16;11;0;1;63;-;-;-;-
2020;1;Borsod-Abaúj-Zemplén;12;szakgimnázium/szakközépiskola (2016.09.01-től kifutó rendszerben);nő;nappali;magyar nyelv és irodalom;közép;rendes;Nem;magyar;3;47;47;megjelent;20;6;9;10;0;2;47;-;-;-;-
2020;1;Borsod-Abaúj-Zemplén;12;szakgimnázium/szakközépiskola (2016.09.01-től kifutó rendszerben);nő;nappali;magyar nyelv és irodalom;közép;rendes;Nem;magyar;3;51;51;megjelent;19;6;9;11;4;2;51;-;-;-;-
2020;1;Borsod-Abaúj-Zemplén;12;szakgimnázium/szakközépiskola (2016.09.01-től kifutó rendszerben);nő;nappali;magyar nyelv és irodalom;közép;rendes;Nem;magyar;4;70;70;megjelent;25;10;19;14;0;2;70;-;-;-;-
2020;1;Borsod-Abaúj-Zemplén;12;gimnázium;férfi;nappali;magyar nyelv és irodalom;közép;rendes;Nem;magyar;5;87;87;megjelent;37;10;19;14;5;2;87;-;-;-;-
2020;1;Borsod-Abaúj-Zemplén;12;gimnázium;nő;nappali;magyar nyelv és irodalom;közép;rendes;Nem;magyar;4;72;72;megjelent;30;9;15;10;6;2;72;-;-;-;-
2020;1;Borsod-Abaúj-Zemplén;12;gimnázium;férfi;nappali;magyar nyelv és irodalom;közép;rendes;Nem;magyar;4;61;61;megjelent;28;7;10;8;6;2;61;-;-;-;-
2020;1;Borsod-Abaúj-Zemplén;12;gimnázium;nő;nappali;magyar nyelv és irodalom;közép;rendes;Nem;magyar;5;84;84;megjelent;31;8;22;14;7;2;84;-;-;-;-
2020;1;Borsod-Abaúj-Zemplén;12;gimnázium;férfi;nappali;magyar nyelv és irodalom;közép;rendes;Nem;magyar;4;63;63;megjelent;28;9;13;11;0;2;63;-;-;-;-
2020;1;Borsod-Abaúj-Zemplén;12;gimnázium;nő;nappali;magyar nyelv és irodalom;közép;rendes;Nem;magyar;4;61;61;megjelent;22;8;15;9;5;2;61;-;-;-;-
2020;1;Borsod-Abaúj-Zemplén;12;gimnázium;férfi;nappali;magyar nyelv és irodalom;közép;rendes;Nem;magyar;5;86;86;megjelent;32;9;23;12;8;2;86;-;-;-;-
2020;1;Borsod-Abaúj-Zemplén;12;gimnázium;nő;nappali;magyar nyelv és irodalom;közép;rendes;Nem;magyar;4;65;65;megjelent;27;6;18;12;0;2;65;-;-;-;-
2020;1;Borsod-Abaúj-Zemplén;12;gimnázium;férfi;nappali;magyar nyelv és irodalom;közép;rendes;Nem;magyar;4;63;63;megjelent;31;5;9;8;8;2;63;-;-;-;-
2020;1;Borsod-Abaúj-Zemplén;12;gimnázium;nő;nappali;magyar nyelv és irodalom;közép;rendes;Nem;magyar;3;54;54;megjelent;25;4;10;9;4;2;54;-;-;-;-
2020;1;Borsod-Abaúj-Zemplén;12;gimnázium;nő;nappali;magyar nyelv és irodalom;közép;rendes;Nem;magyar;4;64;64;megjelent;20;8;15;11;8;2;64;-;-;-;-
2020;1;Borsod-Abaúj-Zemplén;12;gimnázium;férfi;nappali;magyar nyelv és irodalom;közép;rendes;Nem;magyar;3;44;44;megjelent;20;5;9;8;1;1;44;-;-;-;-
2020;1;Borsod-Abaúj-Zemplén;12;gimnázium;férfi;nappali;magyar nyelv és irodalom;közép;rendes;Nem;magyar;4;65;65;megjelent;30;9;9;7;8;2;65;-;-;-;-
2020;1;Borsod-Abaúj-Zemplén;12;gimnázium;nő;nappali;magyar nyelv és irodalom;közép;rendes;Nem;magyar;5;81;81;megjelent;30;9;19;13;8;2;81;-;-;-;-
2020;1;Borsod-Abaúj-Zemplén;12;gimnázium;férfi;nappali;magyar nyelv és irodalom;közép;rendes;Nem;magyar;4;67;67;megjelent;32;4;14;8;7;2;67;-;-;-;-
2020;1;Borsod-Abaúj-Zemplén;12;gimnázium;nő;nappali;magyar nyelv és irodalom;közép;rendes;Nem;magyar;4;70;70;megjelent;24;10;18;12;4;2;70;-;-;-;-
2020;1;Borsod-Abaúj-Zemplén;12;gimnázium;férfi;nappali;magyar nyelv és irodalom;közép;rendes;Nem;magyar;4;67;67;megjelent;28;8;17;11;1;2;67;-;-;-;-
2020;1;Borsod-Abaúj-Zemplén;12;gimnázium;férfi;nappali;magyar nyelv és irodalom;közép;rendes;Nem;magyar;3;46;46;megjelent;22;8;6;7;2;1;46;-;-;-;-
2020;1;Borsod-Abaúj-Zemplén;12;gimnázium;férfi;nappali;magyar nyelv és irodalom;közép;rendes;Nem;magyar;5;84;84;megjelent;30;10;23;13;6;2;84;-;-;-;-
2020;1;Borsod-Abaúj-Zemplén;12;gimnázium;férfi;nappali;magyar nyelv és irodalom;közép;rendes;Nem;magyar;4;66;66;megjelent;25;8;15;8;8;2;66;-;-;-;-
2020;1;Borsod-Abaúj-Zemplén;12;gimnázium;nő;nappali;magyar nyelv és irodalom;közép;rendes;Nem;magyar;5;92;92;megjelent;34;10;24;14;8;2;92;-;-;-;-
2020;1;Borsod-Abaúj-Zemplén;12;gimnázium;férfi;nappali;magyar nyelv és irodalom;közép;rendes;Nem;magyar;5;86;86;megjelent;33;10;22;13;7;1;86;-;-;-;-
2020;1;Borsod-Abaúj-Zemplén;12;gimnázium;nő;nappali;magyar nyelv és irodalom;közép;rendes;Nem;magyar;5;92;92;megjelent;35;10;25;14;6;2;92;-;-;-;-
2020;1;Borsod-Abaúj-Zemplén;12;gimnázium;férfi;nappali;magyar nyelv és irodalom;közép;rendes;Nem;magyar;4;73;73;megjelent;32;9;16;9;5;2;73;-;-;-;-
2020;1;Borsod-Abaúj-Zemplén;12;gimnázium;férfi;nappali;magyar nyelv és irodalom;közép;rendes;Nem;magyar;4;67;67;megjelent;33;6;13;7;7;1;67;-;-;-;-
2020;1;Borsod-Abaúj-Zemplén;12;gimnázium;férfi;nappali;magyar nyelv és irodalom;közép;rendes;Nem;magyar;3;53;53;megjelent;28;6;9;8;0;2;53;-;-;-;-
2020;1;Borsod-Abaúj-Zemplén;12;szakgimnázium/szakközépiskola (2016.09.01-től kifutó rendszerben);nő;nappali;magyar nyelv és irodalom;közép;rendes;Nem;magyar;5;82;82;megjelent;33;9;24;14;0;2;82;-;-;-;-
2020;1;Borsod-Abaúj-Zemplén;12;szakgimnázium/szakközépiskola (2016.09.01-től kifutó rendszerben);nő;nappali;magyar nyelv és irodalom;közép;rendes;Nem;magyar;3;49;49;megjelent;30;3;9;6;0;1;49;-;-;-;-
2020;1;Borsod-Abaúj-Zemplén;12;szakgimnázium/szakközépiskola (2016.09.01-től kifutó rendszerben);nő;nappali;magyar nyelv és irodalom;közép;rendes;Nem;magyar;3;42;42;megjelent;31;7;1;2;1;0;42;-;-;-;-
2020;1;Borsod-Abaúj-Zemplén;12;szakgimnázium/szakközépiskola (2016.09.01-től kifutó rendszerben);nő;nappali;magyar nyelv és irodalom;közép;rendes;Igen;magyar;3;56;51;megjelent;26;6;10;9;0;0;51;-;-;-;-
2020;1;Borsod-Abaúj-Zemplén;12;gimnázium;férfi;nappali;magyar nyelv és irodalom;közép;rendes;Nem;magyar;3;46;46;megjelent;24;5;8;8;0;1;46;-;-;-;-
2020;1;Borsod-Abaúj-Zemplén;12;gimnázium;nő;nappali;magyar nyelv és irodalom;közép;rendes;Nem;magyar;5;82;82;megjelent;33;7;23;14;3;2;82;-;-;-;-
2020;1;Borsod-Abaúj-Zemplén;12;gimnázium;férfi;nappali;magyar nyelv és irodalom;közép;rendes;Nem;magyar;4;61;61;megjelent;29;4;16;10;1;1;61;-;-;-;-
2020;1;Borsod-Abaúj-Zemplén;12;gimnázium;nő;nappali;magyar nyelv és irodalom;közép;rendes;Nem;magyar;5;82;82;megjelent;31;8;19;14;8;2;82;-;-;-;-
2020;1;Borsod-Abaúj-Zemplén;12;gimnázium;nő;nappali;magyar nyelv és irodalom;közép;rendes;Nem;magyar;4;71;71;megjelent;30;4;18;13;4;2;71;-;-;-;-
2020;1;Borsod-Abaúj-Zemplén;12;gimnázium;nő;nappali;magyar nyelv és irodalom;közép;rendes;Nem;magyar;5;81;81;megjelent;31;10;20;14;4;2;81;-;-;-;-
2020;1;Borsod-Abaúj-Zemplén;12;gimnázium;nő;nappali;magyar nyelv és irodalom;közép;rendes;Nem;magyar;5;85;85;megjelent;32;8;21;14;8;2;85;-;-;-;-
2020;1;Borsod-Abaúj-Zemplén;12;gimnázium;nő;nappali;magyar nyelv és irodalom;közép;rendes;Nem;magyar;4;70;70;megjelent;33;3;16;13;3;2;70;-;-;-;-
2020;1;Borsod-Abaúj-Zemplén;12;gimnázium;nő;nappali;magyar nyelv és irodalom;közép;rendes;Nem;magyar;5;80;80;megjelent;34;7;20;13;4;2;80;-;-;-;-
2020;1;Borsod-Abaúj-Zemplén;12;gimnázium;nő;nappali;magyar nyelv és irodalom;közép;rendes;Nem;magyar;5;85;85;megjelent;30;10;22;14;8;1;85;-;-;-;-
2020;1;Borsod-Abaúj-Zemplén;12;gimnázium;nő;nappali;magyar nyelv és irodalom;közép;rendes;Nem;magyar;5;82;82;megjelent;33;9;19;12;7;2;82;-;-;-;-
2020;1;Borsod-Abaúj-Zemplén;12;gimnázium;férfi;nappali;magyar nyelv és irodalom;közép;rendes;Nem;magyar;3;52;52;megjelent;27;6;5;7;5;2;52;-;-;-;-
2020;1;Borsod-Abaúj-Zemplén;12;szakgimnázium/szakközépiskola (2016.09.01-től kifutó rendszerben);nő;nappali;magyar nyelv és irodalom;közép;rendes;Nem;magyar;4;66;66;megjelent;27;6;19;11;1;2;66;-;-;-;-
2020;1;Borsod-Abaúj-Zemplén;12;szakgimnázium/szakközépiskola (2016.09.01-től kifutó rendszerben);nő;nappali;magyar nyelv és irodalom;közép;rendes;Nem;magyar;4;70;70;megjelent;21;8;20;12;7;2;70;-;-;-;-
2020;1;Borsod-Abaúj-Zemplén;12;szakgimnázium/szakközépiskola (2016.09.01-től kifutó rendszerben);nő;nappali;magyar nyelv és irodalom;közép;rendes;Nem;magyar;5;80;80;megjelent;32;10;22;14;0;2;80;-;-;-;-
2020;1;Borsod-Abaúj-Zemplén;12;gimnázium;nő;nappali;magyar nyelv és irodalom;közép;rendes;Nem;magyar;4;63;63;megjelent;28;7;18;10;0;0;63;-;-;-;-
2020;1;Borsod-Abaúj-Zemplén;12;szakgimnázium/szakközépiskola (2016.09.01-től kifutó rendszerben);nő;nappali;magyar nyelv és irodalom;közép;rendes;Nem;magyar;3;54;54;megjelent;19;6;19;10;0;0;54;-;-;-;-
2020;1;Borsod-Abaúj-Zemplén;12;szakgimnázium/szakközépiskola (2016.09.01-től kifutó rendszerben);nő;nappali;magyar nyelv és irodalom;közép;rendes;Nem;magyar;2;37;37;megjelent;20;3;9;5;0;0;37;-;-;-;-
2020;1;Borsod-Abaúj-Zemplén;12;szakgimnázium/szakközépiskola (2016.09.01-től kifutó rendszerben);nő;nappali;magyar nyelv és irodalom;közép;rendes;Nem;magyar;4;61;61;megjelent;24;9;15;11;0;2;61;-;-;-;-
2020;1;Borsod-Abaúj-Zemplén;12;szakgimnázium/szakközépiskola (2016.09.01-től kifutó rendszerben);férfi;nappali;magyar nyelv és irodalom;közép;rendes;Nem;magyar;2;30;45;megjelent;4;0;4;4;0;1;13;18;5;9;32
2020;1;Borsod-Abaúj-Zemplén;12;szakgimnázium/szakközépiskola (2016.09.01-től kifutó rendszerben);nő;nappali;magyar nyelv és irodalom;közép;rendes;Nem;magyar;2;29;29;megjelent;18;8;1;1;0;1;29;-;-;-;-
2020;1;Borsod-Abaúj-Zemplén;12;szakgimnázium/szakközépiskola (2016.09.01-től kifutó rendszerben);férfi;nappali;magyar nyelv és irodalom;közép;rendes;Nem;magyar;4;62;62;megjelent;25;8;14;11;2;2;62;-;-;-;-
2020;1;Borsod-Abaúj-Zemplén;12;szakgimnázium/szakközépiskola (2016.09.01-től kifutó rendszerben);férfi;nappali;magyar nyelv és irodalom;közép;rendes;Nem;magyar;3;42;42;megjelent;25;3;7;6;0;1;42;-;-;-;-
2020;1;Borsod-Abaúj-Zemplén;12;szakgimnázium/szakközépiskola (2016.09.01-től kifutó rendszerben);férfi;nappali;magyar nyelv és irodalom;közép;rendes;Nem;magyar;4;67;67;megjelent;30;6;15;9;6;1;67;-;-;-;-
2020;1;Borsod-Abaúj-Zemplén;12;szakgimnázium/szakközépiskola (2016.09.01-től kifutó rendszerben);férfi;nappali;magyar nyelv és irodalom;közép;rendes;Nem;magyar;4;65;65;megjelent;35;0;14;7;7;2;65;-;-;-;-
2020;1;Borsod-Abaúj-Zemplén;12;szakgimnázium/szakközépiskola (2016.09.01-től kifutó rendszerben);nő;nappali;magyar nyelv és irodalom;közép;rendes;Nem;magyar;3;54;54;megjelent;24;6;13;9;0;2;54;-;-;-;-
2020;1;Borsod-Abaúj-Zemplén;12;szakgimnázium/szakközépiskola (2016.09.01-től kifutó rendszerben);nő;nappali;magyar nyelv és irodalom;közép;rendes;Nem;magyar;3;40;61;megjelent;12;2;3;3;0;1;21;22;5;13;40
2020;1;Borsod-Abaúj-Zemplén;12;szakgimnázium/szakközépiskola (2016.09.01-től kifutó rendszerben);nő;nappali;magyar nyelv és irodalom;közép;rendes;Nem;magyar;3;54;54;megjelent;25;8;8;6;5;2;54;-;-;-;-
2020;1;Borsod-Abaúj-Zemplén;12;szakgimnázium/szakközépiskola (2016.09.01-től kifutó rendszerben);férfi;nappali;magyar nyelv és irodalom;közép;rendes;Nem;magyar;2;28;28;megjelent;18;2;4;4;0;0;28;-;-;-;-
2020;1;Borsod-Abaúj-Zemplén;12;szakgimnázium/szakközépiskola (2016.09.01-től kifutó rendszerben);férfi;nappali;magyar nyelv és irodalom;közép;rendes;Nem;magyar;2;36;55;megjelent;9;0;4;4;0;1;18;22;3;12;37
2020;1;Borsod-Abaúj-Zemplén;12;szakgimnázium/szakközépiskola (2016.09.01-től kifutó rendszerben);nő;nappali;magyar nyelv és irodalom;közép;rendes;Nem;magyar;2;27;27;megjelent;12;0;3;3;7;2;27;-;-;-;-
2020;1;Borsod-Abaúj-Zemplén;12;szakgimnázium/szakközépiskola (2016.09.01-től kifutó rendszerben);nő;nappali;magyar nyelv és irodalom;közép;rendes;Nem;magyar;3;50;50;megjelent;30;6;5;6;2;1;50;-;-;-;-
2020;1;Borsod-Abaúj-Zemplén;12;szakgimnázium/szakközépiskola (2016.09.01-től kifutó rendszerben);férfi;nappali;magyar nyelv és irodalom;közép;rendes;Nem;magyar;3;42;42;megjelent;19;5;4;5;7;2;42;-;-;-;-
2020;1;Borsod-Abaúj-Zemplén;12;szakgimnázium/szakközépiskola (2016.09.01-től kifutó rendszerben);férfi;nappali;magyar nyelv és irodalom;közép;rendes;Nem;magyar;2;36;36;megjelent;19;5;6;6;0;0;36;-;-;-;-
2020;1;Borsod-Abaúj-Zemplén;12;szakgimnázium/szakközépiskola (2016.09.01-től kifutó rendszerben);férfi;nappali;magyar nyelv és irodalom;közép;rendes;Nem;magyar;2;26;26;megjelent;18;1;3;3;0;1;26;-;-;-;-
2020;1;Borsod-Abaúj-Zemplén;12;szakgimnázium/szakközépiskola (2016.09.01-től kifutó rendszerben);férfi;nappali;magyar nyelv és irodalom;közép;rendes;Nem;magyar;3;41;62;megjelent;16;2;2;2;0;1;23;20;7;12;39
2020;1;Borsod-Abaúj-Zemplén;12;szakgimnázium/szakközépiskola (2016.09.01-től kifutó rendszerben);férfi;nappali;magyar nyelv és irodalom;közép;rendes;Nem;magyar;2;37;37;megjelent;17;6;6;6;1;1;37;-;-;-;-
2020;1;Borsod-Abaúj-Zemplén;12;szakgimnázium/szakközépiskola (2016.09.01-től kifutó rendszerben);férfi;nappali;magyar nyelv és irodalom;közép;rendes;Nem;magyar;4;65;65;megjelent;26;7;20;12;0;0;65;-;-;-;-
2020;1;Borsod-Abaúj-Zemplén;12;szakgimnázium/szakközépiskola (2016.09.01-től kifutó rendszerben);férfi;nappali;magyar nyelv és irodalom;közép;rendes;Nem;magyar;4;60;60;megjelent;26;6;19;9;0;0;60;-;-;-;-
2020;1;Borsod-Abaúj-Zemplén;12;gimnázium;nő;nappali;magyar nyelv és irodalom;közép;rendes;Nem;magyar;5;89;89;megjelent;35;8;24;15;5;2;89;-;-;-;-
2020;1;Borsod-Abaúj-Zemplén;12;szakgimnázium/szakközépiskola (2016.09.01-től kifutó rendszerben);férfi;nappali;magyar nyelv és irodalom;közép;rendes;Nem;magyar;3;42;42;megjelent;26;5;5;6;0;0;42;-;-;-;-
2020;1;Borsod-Abaúj-Zemplén;12;szakgimnázium/szakközépiskola (2016.09.01-től kifutó rendszerben);férfi;nappali;magyar nyelv és irodalom;közép;rendes;Nem;magyar;3;58;58;megjelent;25;9;14;9;0;1;58;-;-;-;-
2020;1;Borsod-Abaúj-Zemplén;12;szakgimnázium/szakközépiskola (2016.09.01-től kifutó rendszerben);férfi;nappali;magyar nyelv és irodalom;közép;rendes;Nem;magyar;4;61;61;megjelent;31;8;12;9;0;1;61;-;-;-;-
2020;1;Borsod-Abaúj-Zemplén;12;szakgimnázium/szakközépiskola (2016.09.01-től kifutó rendszerben);férfi;nappali;magyar nyelv és irodalom;közép;rendes;Nem;magyar;4;62;62;megjelent;26;9;16;11;0;0;62;-;-;-;-
2020;1;Borsod-Abaúj-Zemplén;12;szakgimnázium/szakközépiskola (2016.09.01-től kifutó rendszerben);férfi;nappali;magyar nyelv és irodalom;közép;rendes;Nem;magyar;3;50;50;megjelent;26;8;9;6;0;1;50;-;-;-;-
2020;1;Borsod-Abaúj-Zemplén;12;szakgimnázium/szakközépiskola (2016.09.01-től kifutó rendszerben);férfi;nappali;magyar nyelv és irodalom;közép;rendes;Nem;magyar;2;31;31;megjelent;16;5;6;4;0;0;31;-;-;-;-
2020;1;Borsod-Abaúj-Zemplén;12;gimnázium;férfi;nappali;magyar nyelv és irodalom;közép;rendes;Nem;magyar;3;46;46;megjelent;27;8;6;5;0;0;46;-;-;-;-
2020;1;Borsod-Abaúj-Zemplén;12;szakgimnázium/szakközépiskola (2016.09.01-től kifutó rendszerben);férfi;nappali;magyar nyelv és irodalom;közép;rendes;Nem;magyar;4;60;60;megjelent;31;8;13;8;0;0;60;-;-;-;-
2020;1;Borsod-Abaúj-Zemplén;12;szakgimnázium/szakközépiskola (2016.09.01-től kifutó rendszerben);férfi;nappali;magyar nyelv és irodalom;közép;rendes;Nem;magyar;4;62;62;megjelent;24;9;17;11;0;1;62;-;-;-;-
2020;1;Borsod-Abaúj-Zemplén;12;szakgimnázium/szakközépiskola (2016.09.01-től kifutó rendszerben);férfi;nappali;magyar nyelv és irodalom;közép;rendes;Nem;magyar;5;80;80;megjelent;34;9;21;14;0;2;80;-;-;-;-
2020;1;Borsod-Abaúj-Zemplén;12;szakgimnázium/szakközépiskola (2016.09.01-től kifutó rendszerben);férfi;nappali;magyar nyelv és irodalom;közép;rendes;Nem;magyar;4;63;63;megjelent;30;7;15;11;0;0;63;-;-;-;-
2020;1;Borsod-Abaúj-Zemplén;12;szakgimnázium/szakközépiskola (2016.09.01-től kifutó rendszerben);férfi;nappali;magyar nyelv és irodalom;közép;rendes;Nem;magyar;2;28;28;megjelent;15;4;4;5;0;0;28;-;-;-;-
2020;1;Borsod-Abaúj-Zemplén;12;gimnázium;nő;nappali;magyar nyelv és irodalom;közép;rendes;Nem;magyar;5;94;94;megjelent;36;10;24;15;7;2;94;-;-;-;-
2020;1;Borsod-Abaúj-Zemplén;12;szakgimnázium/szakközépiskola (2016.09.01-től kifutó rendszerben);férfi;nappali;magyar nyelv és irodalom;közép;rendes;Nem;magyar;4;74;74;megjelent;37;9;16;10;0;2;74;-;-;-;-
2020;1;Borsod-Abaúj-Zemplén;12;gimnázium;nő;nappali;magyar nyelv és irodalom;közép;rendes;Igen;magyar;3;47;44;megjelent;24;6;9;5;0;0;44;-;-;-;-
2020;1;Borsod-Abaúj-Zemplén;12;gimnázium;férfi;nappali;magyar nyelv és irodalom;közép;rendes;Nem;magyar;4;64;64;megjelent;24;9;16;11;4;0;64;-;-;-;-
2020;1;Borsod-Abaúj-Zemplén;12;gimnázium;férfi;nappali;magyar nyelv és irodalom;közép;rendes;Nem;magyar;4;63;63;megjelent;29;7;12;9;5;1;63;-;-;-;-
2020;1;Borsod-Abaúj-Zemplén;12;gimnázium;nő;nappali;magyar nyelv és irodalom;közép;rendes;Nem;magyar;4;77;77;megjelent;25;10;22;15;3;2;77;-;-;-;-
2020;1;Borsod-Abaúj-Zemplén;12;gimnázium;nő;nappali;magyar nyelv és irodalom;közép;rendes;Nem;magyar;3;49;49;megjelent;26;4;12;7;0;0;49;-;-;-;-
2020;1;Borsod-Abaúj-Zemplén;12;gimnázium;férfi;nappali;magyar nyelv és irodalom;közép;rendes;Nem;magyar;4;62;62;megjelent;21;9;14;9;7;2;62;-;-;-;-
2020;1;Borsod-Abaúj-Zemplén;12;gimnázium;férfi;nappali;magyar nyelv és irodalom;közép;rendes;Igen;magyar;4;79;73;megjelent;33;7;23;10;0;0;73;-;-;-;-
2020;1;Borsod-Abaúj-Zemplén;12;szakgimnázium/szakközépiskola (2016.09.01-től kifutó rendszerben);nő;nappali;magyar nyelv és irodalom;közép;rendes;Nem;magyar;4;72;72;megjelent;30;8;20;13;0;1;72;-;-;-;-
2020;1;Borsod-Abaúj-Zemplén;12;gimnázium;férfi;nappali;magyar nyelv és irodalom;közép;rendes;Nem;magyar;4;68;68;megjelent;31;7;18;12;0;0;68;-;-;-;-
2020;1;Borsod-Abaúj-Zemplén;12;gimnázium;nő;nappali;magyar nyelv és irodalom;közép;rendes;Nem;magyar;5;83;83;megjelent;31;9;21;14;6;2;83;-;-;-;-
2020;1;Borsod-Abaúj-Zemplén;12;gimnázium;férfi;nappali;magyar nyelv és irodalom;közép;rendes;Nem;magyar;4;68;68;megjelent;29;8;18;11;0;2;68;-;-;-;-
2020;1;Borsod-Abaúj-Zemplén;12;gimnázium;nő;nappali;magyar nyelv és irodalom;közép;rendes;Nem;magyar;5;90;90;megjelent;35;10;22;15;6;2;90;-;-;-;-
2020;1;Borsod-Abaúj-Zemplén;12;szakgimnázium/szakközépiskola (2016.09.01-től kifutó rendszerben);férfi;nappali;magyar nyelv és irodalom;közép;rendes;Nem;magyar;4;78;78;megjelent;32;9;18;13;6;0;78;-;-;-;-
2020;1;Borsod-Abaúj-Zemplén;12;szakgimnázium/szakközépiskola (2016.09.01-től kifutó rendszerben);férfi;nappali;magyar nyelv és irodalom;közép;rendes;Nem;magyar;4;62;62;megjelent;29;8;15;10;0;0;62;-;-;-;-
2020;1;Borsod-Abaúj-Zemplén;12;szakgimnázium/szakközépiskola (2016.09.01-től kifutó rendszerben);férfi;nappali;magyar nyelv és irodalom;közép;rendes;Nem;magyar;4;76;76;megjelent;32;9;20;14;0;1;76;-;-;-;-
2020;1;Borsod-Abaúj-Zemplén;12;szakgimnázium/szakközépiskola (2016.09.01-től kifutó rendszerben);nő;nappali;magyar nyelv és irodalom;közép;rendes;Nem;magyar;3;54;54;megjelent;23;0;13;11;6;1;54;-;-;-;-
2020;1;Borsod-Abaúj-Zemplén;12;szakgimnázium/szakközépiskola (2016.09.01-től kifutó rendszerben);nő;nappali;magyar nyelv és irodalom;közép;rendes;Nem;magyar;5;80;80;megjelent;36;9;20;13;0;2;80;-;-;-;-
2020;1;Borsod-Abaúj-Zemplén;12;gimnázium;nő;nappali;magyar nyelv és irodalom;közép;rendes;Nem;magyar;4;65;65;megjelent;32;8;12;8;3;2;65;-;-;-;-
2020;1;Borsod-Abaúj-Zemplén;13;szakközép;férfi;nappali;magyar nyelv és irodalom;közép;rendes;Nem;magyar;2;27;41;megjelent;11;0;6;3;0;0;20;9;6;6;21
2020;1;Borsod-Abaúj-Zemplén;13;szakközép;nő;nappali;magyar nyelv és irodalom;közép;rendes;Nem;magyar;2;25;38;megjelent;6;0;5;3;0;1;15;10;5;8;23
2020;1;Borsod-Abaúj-Zemplén;12;szakgimnázium/szakközépiskola (2016.09.01-től kifutó rendszerben);nő;nappali;magyar nyelv és irodalom;közép;rendes;Nem;magyar;5;80;80;megjelent;32;7;19;12;8;2;80;-;-;-;-
2020;1;Borsod-Abaúj-Zemplén;13;szakközép;nő;nappali;magyar nyelv és irodalom;közép;rendes;Nem;magyar;3;40;60;megjelent;8;3;5;4;0;1;21;19;8;12;39
2020;1;Borsod-Abaúj-Zemplén;13;szakközép;férfi;nappali;magyar nyelv és irodalom;közép;rendes;Nem;magyar;3;40;40;megjelent;18;5;11;6;0;0;40;-;-;-;-
2020;1;Borsod-Abaúj-Zemplén;12;szakgimnázium/szakközépiskola (2016.09.01-től kifutó rendszerben);nő;nappali;magyar nyelv és irodalom;közép;rendes;Nem;magyar;4;68;68;megjelent;32;9;6;12;7;2;68;-;-;-;-
2020;1;Borsod-Abaúj-Zemplén;13;szakközép;nő;nappali;magyar nyelv és irodalom;közép;rendes;Nem;magyar;3;46;46;megjelent;16;6;14;9;0;1;46;-;-;-;-
2020;1;Borsod-Abaúj-Zemplén;12;szakgimnázium/szakközépiskola (2016.09.01-től kifutó rendszerben);férfi;nappali;magyar nyelv és irodalom;közép;rendes;Nem;magyar;2;35;35;megjelent;16;7;4;5;1;2;35;-;-;-;-
2020;1;Borsod-Abaúj-Zemplén;13;szakközép;nő;nappali;magyar nyelv és irodalom;közép;rendes;Nem;magyar;2;37;37;megjelent;18;6;5;6;0;2;37;-;-;-;-
2020;1;Borsod-Abaúj-Zemplén;12;szakgimnázium/szakközépiskola (2016.09.01-től kifutó rendszerben);nő;nappali;magyar nyelv és irodalom;közép;rendes;Nem;magyar;4;72;72;megjelent;28;9;17;10;6;2;72;-;-;-;-
2020;1;Borsod-Abaúj-Zemplén;12;szakgimnázium/szakközépiskola (2016.09.01-től kifutó rendszerben);férfi;nappali;magyar nyelv és irodalom;közép;rendes;Nem;magyar;4;64;64;megjelent;32;8;10;5;7;2;64;-;-;-;-
2020;1;Borsod-Abaúj-Zemplén;12;gimnázium;férfi;nappali;magyar nyelv és irodalom;közép;rendes;Nem;magyar;3;47;47;megjelent;24;5;3;5;8;2;47;-;-;-;-
2020;1;Borsod-Abaúj-Zemplén;12;szakgimnázium/szakközépiskola (2016.09.01-től kifutó rendszerben);nő;nappali;magyar nyelv és irodalom;közép;rendes;Nem;magyar;4;70;70;megjelent;32;8;13;8;7;2;70;-;-;-;-
2020;1;Borsod-Abaúj-Zemplén;12;szakgimnázium/szakközépiskola (2016.09.01-től kifutó rendszerben);nő;nappali;magyar nyelv és irodalom;közép;rendes;Nem;magyar;2;33;33;megjelent;12;5;5;4;5;2;33;-;-;-;-
2020;1;Borsod-Abaúj-Zemplén;12;szakgimnázium/szakközépiskola (2016.09.01-től kifutó rendszerben);nő;nappali;magyar nyelv és irodalom;közép;rendes;Nem;magyar;4;65;65;megjelent;27;10;15;8;3;2;65;-;-;-;-
2020;1;Borsod-Abaúj-Zemplén;12;szakgimnázium/szakközépiskola (2016.09.01-től kifutó rendszerben);férfi;nappali;magyar nyelv és irodalom;közép;rendes;Nem;magyar;3;50;50;megjelent;29;5;5;5;4;2;50;-;-;-;-
2020;1;Borsod-Abaúj-Zemplén;12;gimnázium;nő;nappali;magyar nyelv és irodalom;közép;rendes;Nem;magyar;3;50;50;megjelent;23;5;12;8;0;2;50;-;-;-;-
2020;1;Borsod-Abaúj-Zemplén;12;szakgimnázium/szakközépiskola (2016.09.01-től kifutó rendszerben);nő;nappali;magyar nyelv és irodalom;közép;rendes;Nem;magyar;5;84;84;megjelent;32;10;19;13;8;2;84;-;-;-;-
2020;1;Borsod-Abaúj-Zemplén;12;szakgimnázium/szakközépiskola (2016.09.01-től kifutó rendszerben);nő;nappali;magyar nyelv és irodalom;közép;rendes;Nem;magyar;3;53;53;megjelent;29;0;9;7;6;2;53;-;-;-;-
2020;1;Borsod-Abaúj-Zemplén;12;szakgimnázium/szakközépiskola (2016.09.01-től kifutó rendszerben);férfi;nappali;magyar nyelv és irodalom;közép;rendes;Nem;magyar;4;73;73;megjelent;29;10;15;9;8;2;73;-;-;-;-
2020;1;Borsod-Abaúj-Zemplén;12;szakgimnázium/szakközépiskola (2016.09.01-től kifutó rendszerben);nő;nappali;magyar nyelv és irodalom;közép;rendes;Nem;magyar;3;54;54;megjelent;30;7;7;7;1;2;54;-;-;-;-
2020;1;Borsod-Abaúj-Zemplén;12;szakgimnázium/szakközépiskola (2016.09.01-től kifutó rendszerben);nő;nappali;magyar nyelv és irodalom;közép;rendes;Nem;magyar;4;75;75;megjelent;27;8;20;10;8;2;75;-;-;-;-
2020;1;Borsod-Abaúj-Zemplén;12;szakgimnázium/szakközépiskola (2016.09.01-től kifutó rendszerben);férfi;nappali;magyar nyelv és irodalom;közép;rendes;Nem;magyar;3;46;46;megjelent;31;3;4;7;0;1;46;-;-;-;-
2020;1;Borsod-Abaúj-Zemplén;12;szakgimnázium/szakközépiskola (2016.09.01-től kifutó rendszerben);férfi;nappali;magyar nyelv és irodalom;közép;rendes;Nem;magyar;2;34;34;megjelent;29;0;2;3;0;0;34;-;-;-;-
2020;1;Borsod-Abaúj-Zemplén;12;szakgimnázium/szakközépiskola (2016.09.01-től kifutó rendszerben);férfi;nappali;magyar nyelv és irodalom;közép;rendes;Nem;magyar;5;84;84;megjelent;32;10;24;14;3;1;84;-;-;-;-
2020;1;Borsod-Abaúj-Zemplén;12;szakgimnázium/szakközépiskola (2016.09.01-től kifutó rendszerben);férfi;nappali;magyar nyelv és irodalom;közép;rendes;Nem;magyar;3;40;40;megjelent;23;4;6;5;1;1;40;-;-;-;-
2020;1;Borsod-Abaúj-Zemplén;12;gimnázium;férfi;nappali;magyar nyelv és irodalom;közép;rendes;Nem;magyar;4;66;66;megjelent;31;10;14;10;0;1;66;-;-;-;-
2020;1;Borsod-Abaúj-Zemplén;12;gimnázium;férfi;nappali;magyar nyelv és irodalom;közép;rendes;Nem;magyar;5;93;93;megjelent;36;9;24;15;8;1;93;-;-;-;-
2020;1;Borsod-Abaúj-Zemplén;12;szakgimnázium/szakközépiskola (2016.09.01-től kifutó rendszerben);nő;nappali;magyar nyelv és irodalom;közép;rendes;Nem;magyar;4;72;72;megjelent;27;9;17;9;8;2;72;-;-;-;-
2020;1;Borsod-Abaúj-Zemplén;12;gimnázium;nő;nappali;magyar nyelv és irodalom;közép;rendes;Nem;magyar;5;85;85;megjelent;34;10;21;12;6;2;85;-;-;-;-
2020;1;Borsod-Abaúj-Zemplén;12;szakgimnázium/szakközépiskola (2016.09.01-től kifutó rendszerben);férfi;nappali;magyar nyelv és irodalom;közép;rendes;Nem;magyar;3;41;41;megjelent;29;4;3;5;0;0;41;-;-;-;-
2020;1;Borsod-Abaúj-Zemplén;12;gimnázium;férfi;nappali;magyar nyelv és irodalom;közép;rendes;Nem;magyar;4;71;71;megjelent;29;9;16;12;3;2;71;-;-;-;-
2020;1;Borsod-Abaúj-Zemplén;12;szakgimnázium/szakközépiskola (2016.09.01-től kifutó rendszerben);férfi;nappali;magyar nyelv és irodalom;közép;rendes;Nem;magyar;3;48;48;megjelent;24;7;5;7;4;1;48;-;-;-;-
2020;1;Borsod-Abaúj-Zemplén;12;szakgimnázium/szakközépiskola (2016.09.01-től kifutó rendszerben);férfi;nappali;magyar nyelv és irodalom;közép;rendes;Nem;magyar;2;38;38;megjelent;24;4;2;3;5;0;38;-;-;-;-
2020;1;Borsod-Abaúj-Zemplén;12;szakgimnázium/szakközépiskola (2016.09.01-től kifutó rendszerben);nő;nappali;magyar nyelv és irodalom;közép;rendes;Nem;magyar;5;81;81;megjelent;32;9;19;15;4;2;81;-;-;-;-
2020;1;Borsod-Abaúj-Zemplén;12;szakgimnázium/szakközépiskola (2016.09.01-től kifutó rendszerben);nő;nappali;magyar nyelv és irodalom;közép;rendes;Nem;magyar;5;91;91;megjelent;36;10;21;14;8;2;91;-;-;-;-
2020;1;Borsod-Abaúj-Zemplén;12;szakgimnázium/szakközépiskola (2016.09.01-től kifutó rendszerben);nő;nappali;magyar nyelv és irodalom;közép;rendes;Nem;magyar;5;82;82;megjelent;28;9;22;13;8;2;82;-;-;-;-
2020;1;Borsod-Abaúj-Zemplén;12;szakgimnázium/szakközépiskola (2016.09.01-től kifutó rendszerben);férfi;nappali;magyar nyelv és irodalom;közép;rendes;Nem;magyar;2;35;35;megjelent;17;6;3;7;0;2;35;-;-;-;-
2020;1;Borsod-Abaúj-Zemplén;12;szakgimnázium/szakközépiskola (2016.09.01-től kifutó rendszerben);nő;nappali;magyar nyelv és irodalom;közép;rendes;Nem;magyar;4;69;69;megjelent;34;8;13;12;0;2;69;-;-;-;-
2020;1;Borsod-Abaúj-Zemplén;12;szakgimnázium/szakközépiskola (2016.09.01-től kifutó rendszerben);nő;nappali;magyar nyelv és irodalom;közép;rendes;Nem;magyar;5;80;80;megjelent;30;10;18;12;8;2;80;-;-;-;-
2020;1;Borsod-Abaúj-Zemplén;12;szakgimnázium/szakközépiskola (2016.09.01-től kifutó rendszerben);férfi;nappali;magyar nyelv és irodalom;közép;rendes;Nem;magyar;2;25;38;megjelent;18;2;1;1;0;0;22;5;4;7;16
2020;1;Borsod-Abaúj-Zemplén;12;szakgimnázium/szakközépiskola (2016.09.01-től kifutó rendszerben);nő;nappali;magyar nyelv és irodalom;közép;rendes;Nem;magyar;4;65;65;megjelent;27;9;15;11;1;2;65;-;-;-;-
2020;1;Borsod-Abaúj-Zemplén;12;gimnázium;férfi;nappali;magyar nyelv és irodalom;közép;rendes;Nem;magyar;4;62;62;megjelent;27;8;16;8;3;0;62;-;-;-;-
2020;1;Borsod-Abaúj-Zemplén;12;szakgimnázium/szakközépiskola (2016.09.01-től kifutó rendszerben);férfi;nappali;magyar nyelv és irodalom;közép;rendes;Nem;magyar;2;39;39;megjelent;32;0;1;1;5;0;39;-;-;-;-
2020;1;Borsod-Abaúj-Zemplén;12;gimnázium;férfi;nappali;magyar nyelv és irodalom;közép;rendes;Nem;magyar;4;73;73;megjelent;31;10;17;12;2;1;73;-;-;-;-
2020;1;Borsod-Abaúj-Zemplén;12;szakgimnázium/szakközépiskola (2016.09.01-től kifutó rendszerben);férfi;nappali;magyar nyelv és irodalom;közép;rendes;Nem;magyar;2;28;28;megjelent;16;3;1;2;6;0;28;-;-;-;-
2020;1;Borsod-Abaúj-Zemplén;12;gimnázium;nő;nappali;magyar nyelv és irodalom;közép;rendes;Nem;magyar;5;80;80;megjelent;30;9;22;12;5;2;80;-;-;-;-
2020;1;Borsod-Abaúj-Zemplén;12;szakgimnázium/szakközépiskola (2016.09.01-től kifutó rendszerben);nő;nappali;magyar nyelv és irodalom;közép;rendes;Nem;magyar;4;70;70;megjelent;31;10;11;11;5;2;70;-;-;-;-
2020;1;Borsod-Abaúj-Zemplén;12;szakgimnázium/szakközépiskola (2016.09.01-től kifutó rendszerben);férfi;nappali;magyar nyelv és irodalom;közép;rendes;Nem;magyar;4;61;61;megjelent;24;7;15;12;1;2;61;-;-;-;-
2020;1;Borsod-Abaúj-Zemplén;12;szakgimnázium/szakközépiskola (2016.09.01-től kifutó rendszerben);férfi;nappali;magyar nyelv és irodalom;közép;rendes;Nem;magyar;4;69;69;megjelent;33;4;19;11;0;2;69;-;-;-;-
2020;1;Borsod-Abaúj-Zemplén;12;szakgimnázium/szakközépiskola (2016.09.01-től kifutó rendszerben);férfi;nappali;magyar nyelv és irodalom;közép;rendes;Nem;magyar;4;60;60;megjelent;27;7;12;8;5;1;60;-;-;-;-
2020;1;Borsod-Abaúj-Zemplén;12;gimnázium;férfi;nappali;magyar nyelv és irodalom;közép;rendes;Nem;magyar;4;61;61;megjelent;29;7;14;10;0;1;61;-;-;-;-
2020;1;Borsod-Abaúj-Zemplén;12;gimnázium;férfi;nappali;magyar nyelv és irodalom;közép;rendes;Nem;magyar;5;81;81;megjelent;34;9;21;13;2;2;81;-;-;-;-
2020;1;Borsod-Abaúj-Zemplén;12;szakközép;férfi;nappali;magyar nyelv és irodalom;közép;rendes;Nem;magyar;3;45;45;megjelent;28;2;3;4;7;1;45;-;-;-;-
2020;1;Borsod-Abaúj-Zemplén;12;szakgimnázium/szakközépiskola (2016.09.01-től kifutó rendszerben);férfi;nappali;magyar nyelv és irodalom;közép;rendes;Nem;magyar;2;25;25;megjelent;16;2;2;4;0;1;25;-;-;-;-
2020;1;Borsod-Abaúj-Zemplén;12;gimnázium;nő;nappali;magyar nyelv és irodalom;közép;rendes;Nem;magyar;5;85;85;megjelent;33;10;19;15;6;2;85;-;-;-;-
2020;1;Borsod-Abaúj-Zemplén;12;gimnázium;férfi;nappali;magyar nyelv és irodalom;közép;rendes;Nem;magyar;4;76;76;megjelent;31;9;17;14;3;2;76;-;-;-;-
2020;1;Borsod-Abaúj-Zemplén;12;szakgimnázium/szakközépiskola (2016.09.01-től kifutó rendszerben);férfi;nappali;magyar nyelv és irodalom;közép;rendes;Nem;magyar;2;38;38;megjelent;18;6;7;6;0;1;38;-;-;-;-
2020;1;Borsod-Abaúj-Zemplén;12;szakgimnázium/szakközépiskola (2016.09.01-től kifutó rendszerben);férfi;nappali;magyar nyelv és irodalom;közép;rendes;Igen;magyar;3;42;38;megjelent;15;7;10;6;0;0;38;-;-;-;-
2020;1;Borsod-Abaúj-Zemplén;12;gimnázium;férfi;nappali;magyar nyelv és irodalom;közép;rendes;Nem;magyar;4;65;65;megjelent;34;7;14;8;2;0;65;-;-;-;-
2020;1;Borsod-Abaúj-Zemplén;12;gimnázium;nő;nappali;magyar nyelv és irodalom;közép;rendes;Nem;magyar;5;82;82;megjelent;29;9;19;15;8;2;82;-;-;-;-
2020;1;Borsod-Abaúj-Zemplén;12;szakgimnázium/szakközépiskola (2016.09.01-től kifutó rendszerben);férfi;nappali;magyar nyelv és irodalom;közép;rendes;Nem;magyar;2;35;53;megjelent;17;0;1;2;0;1;21;16;6;10;32
2020;1;Borsod-Abaúj-Zemplén;12;szakgimnázium/szakközépiskola (2016.09.01-től kifutó rendszerben);férfi;nappali;magyar nyelv és irodalom;közép;rendes;Nem;magyar;3;55;55;megjelent;26;5;11;8;5;0;55;-;-;-;-
2020;1;Borsod-Abaúj-Zemplén;12;szakgimnázium/szakközépiskola (2016.09.01-től kifutó rendszerben);férfi;nappali;magyar nyelv és irodalom;közép;rendes;Nem;magyar;4;67;67;megjelent;34;9;12;7;3;2;67;-;-;-;-
2020;1;Borsod-Abaúj-Zemplén;12;gimnázium;férfi;nappali;magyar nyelv és irodalom;közép;rendes;Nem;magyar;5;88;88;megjelent;36;9;23;14;4;2;88;-;-;-;-
2020;1;Borsod-Abaúj-Zemplén;12;szakgimnázium/szakközépiskola (2016.09.01-től kifutó rendszerben);férfi;nappali;magyar nyelv és irodalom;közép;rendes;Nem;magyar;3;53;53;megjelent;26;7;12;7;0;1;53;-;-;-;-
2020;1;Borsod-Abaúj-Zemplén;12;gimnázium;nő;nappali;magyar nyelv és irodalom;közép;rendes;Nem;magyar;4;60;60;megjelent;23;9;15;9;2;2;60;-;-;-;-
2020;1;Borsod-Abaúj-Zemplén;12;szakgimnázium/szakközépiskola (2016.09.01-től kifutó rendszerben);nő;nappali;magyar nyelv és irodalom;közép;rendes;Nem;magyar;4;60;60;megjelent;27;8;13;9;1;2;60;-;-;-;-
2020;1;Borsod-Abaúj-Zemplén;12;szakgimnázium/szakközépiskola (2016.09.01-től kifutó rendszerben);férfi;nappali;magyar nyelv és irodalom;közép;rendes;Nem;magyar;3;49;49;megjelent;21;5;14;8;0;1;49;-;-;-;-
2020;1;Borsod-Abaúj-Zemplén;12;gimnázium;nő;nappali;magyar nyelv és irodalom;közép;rendes;Nem;magyar;4;77;77;megjelent;26;10;19;14;6;2;77;-;-;-;-
2020;1;Borsod-Abaúj-Zemplén;12;szakgimnázium/szakközépiskola (2016.09.01-től kifutó rendszerben);nő;nappali;magyar nyelv és irodalom;közép;rendes;Nem;magyar;3;44;44;megjelent;25;7;5;5;0;2;44;-;-;-;-
2020;1;Borsod-Abaúj-Zemplén;12;gimnázium;férfi;nappali;magyar nyelv és irodalom;közép;rendes;Nem;magyar;5;90;90;megjelent;38;10;25;15;0;2;90;-;-;-;-
2020;1;Borsod-Abaúj-Zemplén;12;szakgimnázium/szakközépiskola (2016.09.01-től kifutó rendszerben);férfi;nappali;magyar nyelv és irodalom;közép;rendes;Nem;magyar;5;81;81;megjelent;38;10;20;11;0;2;81;-;-;-;-
2020;1;Borsod-Abaúj-Zemplén;12;gimnázium;nő;nappali;magyar nyelv és irodalom;közép;rendes;Nem;magyar;5;83;83;megjelent;31;9;25;12;4;2;83;-;-;-;-
2020;1;Borsod-Abaúj-Zemplén;12;gimnázium;nő;nappali;magyar nyelv és irodalom;közép;rendes;Nem;magyar;5;87;87;megjelent;35;10;20;15;5;2;87;-;-;-;-
2020;1;Borsod-Abaúj-Zemplén;12;szakgimnázium/szakközépiskola (2016.09.01-től kifutó rendszerben);férfi;nappali;magyar nyelv és irodalom;közép;rendes;Nem;magyar;3;56;56;megjelent;30;5;12;7;1;1;56;-;-;-;-
2020;1;Borsod-Abaúj-Zemplén;12;gimnázium;férfi;nappali;magyar nyelv és irodalom;közép;rendes;Nem;magyar;4;71;71;megjelent;29;9;19;12;0;2;71;-;-;-;-
2020;1;Borsod-Abaúj-Zemplén;12;szakgimnázium/szakközépiskola (2016.09.01-től kifutó rendszerben);nő;nappali;magyar nyelv és irodalom;közép;rendes;Nem;magyar;4;66;66;megjelent;33;6;15;10;0;2;66;-;-;-;-
2020;1;Borsod-Abaúj-Zemplén;12;szakgimnázium/szakközépiskola (2016.09.01-től kifutó rendszerben);férfi;nappali;magyar nyelv és irodalom;közép;rendes;Nem;magyar;3;40;40;megjelent;22;5;5;7;0;1;40;-;-;-;-
2020;1;Borsod-Abaúj-Zemplén;12;szakgimnázium/szakközépiskola (2016.09.01-től kifutó rendszerben);férfi;nappali;magyar nyelv és irodalom;közép;rendes;Nem;magyar;3;43;43;megjelent;25;5;5;7;0;1;43;-;-;-;-
2020;1;Borsod-Abaúj-Zemplén;12;szakgimnázium/szakközépiskola (2016.09.01-től kifutó rendszerben);férfi;nappali;magyar nyelv és irodalom;közép;rendes;Nem;magyar;4;60;60;megjelent;29;7;11;11;0;2;60;-;-;-;-
2020;1;Borsod-Abaúj-Zemplén;12;szakgimnázium/szakközépiskola (2016.09.01-től kifutó rendszerben);férfi;nappali;magyar nyelv és irodalom;közép;rendes;Igen;magyar;4;64;32;megjelent;-;-;-;-;-;-;-;17;5;10;32
2020;1;Borsod-Abaúj-Zemplén;12;szakgimnázium/szakközépiskola (2016.09.01-től kifutó rendszerben);férfi;nappali;magyar nyelv és irodalom;közép;rendes;Nem;magyar;3;42;42;megjelent;17;9;6;8;0;2;42;-;-;-;-
2020;1;Borsod-Abaúj-Zemplén;12;szakgimnázium/szakközépiskola (2016.09.01-től kifutó rendszerben);férfi;nappali;magyar nyelv és irodalom;közép;rendes;Nem;magyar;2;32;32;megjelent;18;6;4;4;0;0;32;-;-;-;-
2020;1;Borsod-Abaúj-Zemplén;12;szakgimnázium/szakközépiskola (2016.09.01-től kifutó rendszerben);férfi;nappali;magyar nyelv és irodalom;közép;rendes;Nem;magyar;3;55;55;megjelent;26;6;10;10;2;1;55;-;-;-;-
2020;1;Borsod-Abaúj-Zemplén;12;szakgimnázium/szakközépiskola (2016.09.01-től kifutó rendszerben);nő;nappali;magyar nyelv és irodalom;közép;rendes;Nem;magyar;3;50;50;megjelent;29;5;4;6;4;2;50;-;-;-;-
2020;1;Borsod-Abaúj-Zemplén;12;szakgimnázium/szakközépiskola (2016.09.01-től kifutó rendszerben);nő;nappali;magyar nyelv és irodalom;közép;rendes;Nem;magyar;4;75;75;megjelent;30;9;17;13;4;2;75;-;-;-;-
2020;1;Borsod-Abaúj-Zemplén;12;szakgimnázium/szakközépiskola (2016.09.01-től kifutó rendszerben);férfi;nappali;magyar nyelv és irodalom;közép;rendes;Nem;magyar;3;41;41;megjelent;24;4;5;7;0;1;41;-;-;-;-
2020;1;Borsod-Abaúj-Zemplén;12;szakgimnázium/szakközépiskola (2016.09.01-től kifutó rendszerben);férfi;nappali;magyar nyelv és irodalom;közép;rendes;Nem;magyar;2;26;26;megjelent;16;3;2;5;0;0;26;-;-;-;-
2020;1;Borsod-Abaúj-Zemplén;12;szakgimnázium/szakközépiskola (2016.09.01-től kifutó rendszerben);férfi;nappali;magyar nyelv és irodalom;közép;rendes;Nem;magyar;3;41;41;megjelent;23;6;4;7;0;1;41;-;-;-;-
2020;1;Borsod-Abaúj-Zemplén;12;szakgimnázium/szakközépiskola (2016.09.01-től kifutó rendszerben);nő;nappali;magyar nyelv és irodalom;közép;rendes;Nem;magyar;2;35;35;megjelent;22;3;4;5;0;1;35;-;-;-;-
2020;1;Borsod-Abaúj-Zemplén;12;szakgimnázium/szakközépiskola (2016.09.01-től kifutó rendszerben);nő;nappali;magyar nyelv és irodalom;közép;rendes;Nem;magyar;3;57;57;megjelent;32;6;8;8;1;2;57;-;-;-;-
2020;1;Borsod-Abaúj-Zemplén;12;szakgimnázium/szakközépiskola (2016.09.01-től kifutó rendszerben);férfi;nappali;magyar nyelv és irodalom;közép;rendes;Nem;magyar;2;29;29;megjelent;22;0;2;4;0;1;29;-;-;-;-
2020;1;Borsod-Abaúj-Zemplén;12;szakgimnázium/szakközépiskola (2016.09.01-től kifutó rendszerben);nő;nappali;magyar nyelv és irodalom;közép;rendes;Nem;magyar;2;35;35;megjelent;20;4;3;7;0;1;35;-;-;-;-
2020;1;Borsod-Abaúj-Zemplén;12;gimnázium;férfi;nappali;magyar nyelv és irodalom;közép;rendes;Nem;magyar;4;75;75;megjelent;31;8;20;12;3;1;75;-;-;-;-
2020;1;Borsod-Abaúj-Zemplén;12;gimnázium;nő;nappali;magyar nyelv és irodalom;közép;rendes;Nem;magyar;5;80;80;megjelent;32;9;22;13;2;2;80;-;-;-;-
2020;1;Borsod-Abaúj-Zemplén;12;gimnázium;férfi;nappali;magyar nyelv és irodalom;közép;rendes;Nem;magyar;3;50;50;megjelent;23;7;9;8;1;2;50;-;-;-;-
2020;1;Borsod-Abaúj-Zemplén;12;gimnázium;nő;nappali;magyar nyelv és irodalom;közép;rendes;Nem;magyar;4;73;73;megjelent;31;9;15;12;4;2;73;-;-;-;-
2020;1;Borsod-Abaúj-Zemplén;12;gimnázium;nő;nappali;magyar nyelv és irodalom;közép;rendes;Nem;magyar;5;88;88;megjelent;35;10;19;14;8;2;88;-;-;-;-
2020;1;Borsod-Abaúj-Zemplén;12;gimnázium;nő;nappali;magyar nyelv és irodalom;közép;rendes;Nem;magyar;4;68;68;megjelent;33;9;10;12;2;2;68;-;-;-;-
2020;1;Borsod-Abaúj-Zemplén;12;gimnázium;férfi;nappali;magyar nyelv és irodalom;közép;rendes;Nem;magyar;4;77;77;megjelent;31;9;18;13;4;2;77;-;-;-;-
2020;1;Borsod-Abaúj-Zemplén;12;gimnázium;férfi;nappali;magyar nyelv és irodalom;közép;rendes;Nem;magyar;5;88;88;megjelent;36;10;23;14;4;1;88;-;-;-;-
2020;1;Borsod-Abaúj-Zemplén;12;gimnázium;nő;nappali;magyar nyelv és irodalom;közép;rendes;Nem;magyar;5;86;86;megjelent;35;9;21;14;5;2;86;-;-;-;-
2020;1;Borsod-Abaúj-Zemplén;12;gimnázium;nő;nappali;magyar nyelv és irodalom;közép;rendes;Nem;magyar;5;80;80;megjelent;28;9;20;13;8;2;80;-;-;-;-
2020;1;Borsod-Abaúj-Zemplén;12;gimnázium;nő;nappali;magyar nyelv és irodalom;közép;rendes;Nem;magyar;5;88;88;megjelent;40;9;23;14;0;2;88;-;-;-;-
2020;1;Borsod-Abaúj-Zemplén;12;gimnázium;nő;nappali;magyar nyelv és irodalom;közép;rendes;Nem;magyar;5;91;91;megjelent;36;10;22;14;7;2;91;-;-;-;-
2020;1;Borsod-Abaúj-Zemplén;12;gimnázium;nő;nappali;magyar nyelv és irodalom;közép;rendes;Nem;magyar;4;70;70;megjelent;36;6;11;10;5;2;70;-;-;-;-
2020;1;Borsod-Abaúj-Zemplén;12;gimnázium;nő;nappali;magyar nyelv és irodalom;közép;rendes;Nem;magyar;4;60;60;megjelent;30;8;13;9;0;0;60;-;-;-;-
2020;1;Borsod-Abaúj-Zemplén;12;gimnázium;nő;nappali;magyar nyelv és irodalom;közép;rendes;Nem;magyar;4;62;62;megjelent;32;6;14;9;0;1;62;-;-;-;-
2020;1;Borsod-Abaúj-Zemplén;12;gimnázium;nő;nappali;magyar nyelv és irodalom;közép;rendes;Nem;magyar;4;67;67;megjelent;33;9;12;11;0;2;67;-;-;-;-
2020;1;Borsod-Abaúj-Zemplén;12;gimnázium;nő;nappali;magyar nyelv és irodalom;közép;rendes;Nem;magyar;4;74;74;megjelent;29;6;18;14;5;2;74;-;-;-;-
2020;1;Borsod-Abaúj-Zemplén;12;gimnázium;férfi;nappali;magyar nyelv és irodalom;közép;rendes;Nem;magyar;3;50;50;megjelent;29;6;10;5;0;0;50;-;-;-;-
2020;1;Borsod-Abaúj-Zemplén;12;gimnázium;nő;nappali;magyar nyelv és irodalom;közép;rendes;Nem;magyar;4;67;67;megjelent;34;6;14;11;0;2;67;-;-;-;-
2020;1;Borsod-Abaúj-Zemplén;12;gimnázium;férfi;nappali;magyar nyelv és irodalom;közép;rendes;Nem;magyar;4;74;74;megjelent;33;10;17;13;0;1;74;-;-;-;-
2020;1;Borsod-Abaúj-Zemplén;12;gimnázium;nő;nappali;magyar nyelv és irodalom;közép;rendes;Nem;magyar;5;83;83;megjelent;37;10;19;15;0;2;83;-;-;-;-
2020;1;Borsod-Abaúj-Zemplén;12;gimnázium;férfi;nappali;magyar nyelv és irodalom;közép;rendes;Nem;magyar;5;81;81;megjelent;31;10;19;14;5;2;81;-;-;-;-
2020;1;Borsod-Abaúj-Zemplén;12;gimnázium;nő;nappali;magyar nyelv és irodalom;közép;rendes;Nem;magyar;4;62;62;megjelent;31;8;12;9;0;2;62;-;-;-;-
2020;1;Borsod-Abaúj-Zemplén;12;gimnázium;férfi;nappali;magyar nyelv és irodalom;közép;rendes;Nem;magyar;4;66;66;megjelent;33;8;14;10;0;1;66;-;-;-;-
2020;1;Borsod-Abaúj-Zemplén;12;gimnázium;nő;nappali;magyar nyelv és irodalom;közép;rendes;Nem;magyar;4;64;64;megjelent;28;8;14;11;1;2;64;-;-;-;-
2020;1;Borsod-Abaúj-Zemplén;12;gimnázium;férfi;nappali;magyar nyelv és irodalom;közép;rendes;Nem;magyar;4;61;61;megjelent;27;8;16;9;0;1;61;-;-;-;-
2020;1;Borsod-Abaúj-Zemplén;12;gimnázium;nő;nappali;magyar nyelv és irodalom;közép;rendes;Nem;magyar;3;44;44;megjelent;21;6;8;7;0;2;44;-;-;-;-
2020;1;Borsod-Abaúj-Zemplén;12;gimnázium;nő;nappali;magyar nyelv és irodalom;közép;rendes;Nem;magyar;4;73;73;megjelent;32;7;14;12;6;2;73;-;-;-;-
2020;1;Borsod-Abaúj-Zemplén;12;szakgimnázium/szakközépiskola (2016.09.01-től kifutó rendszerben);nő;nappali;magyar nyelv és irodalom;közép;rendes;Nem;magyar;2;38;38;megjelent;25;0;6;5;0;2;38;-;-;-;-
2020;1;Borsod-Abaúj-Zemplén;12;gimnázium;férfi;nappali;magyar nyelv és irodalom;közép;rendes;Nem;magyar;3;49;49;megjelent;23;8;9;9;0;0;49;-;-;-;-
2020;1;Borsod-Abaúj-Zemplén;12;gimnázium;nő;nappali;magyar nyelv és irodalom;közép;rendes;Nem;magyar;4;60;60;megjelent;27;9;11;11;0;2;60;-;-;-;-
2020;1;Borsod-Abaúj-Zemplén;12;szakgimnázium/szakközépiskola (2016.09.01-től kifutó rendszerben);nő;nappali;magyar nyelv és irodalom;közép;rendes;Nem;magyar;3;52;52;megjelent;23;7;11;8;2;1;52;-;-;-;-
2020;1;Borsod-Abaúj-Zemplén;12;gimnázium;férfi;nappali;magyar nyelv és irodalom;közép;rendes;Nem;magyar;3;58;58;megjelent;31;9;10;7;0;1;58;-;-;-;-
2020;1;Borsod-Abaúj-Zemplén;12;gimnázium;férfi;nappali;magyar nyelv és irodalom;közép;rendes;Nem;magyar;4;62;62;megjelent;25;7;18;10;0;2;62;-;-;-;-
2020;1;Borsod-Abaúj-Zemplén;12;szakgimnázium/szakközépiskola (2016.09.01-től kifutó rendszerben);férfi;nappali;magyar nyelv és irodalom;közép;rendes;Nem;magyar;2;28;28;megjelent;14;0;7;6;0;1;28;-;-;-;-
2020;1;Borsod-Abaúj-Zemplén;12;gimnázium;férfi;nappali;magyar nyelv és irodalom;közép;előrehozott;Nem;magyar;2;37;37;megjelent;26;6;2;3;0;0;37;-;-;-;-
2020;1;Borsod-Abaúj-Zemplén;12;gimnázium;férfi;nappali;magyar nyelv és irodalom;közép;rendes;Nem;magyar;4;66;66;megjelent;35;8;16;7;0;0;66;-;-;-;-
2020;1;Borsod-Abaúj-Zemplén;12;gimnázium;nő;nappali;magyar nyelv és irodalom;közép;rendes;Nem;magyar;3;45;45;megjelent;29;5;5;5;0;1;45;-;-;-;-
2020;1;Borsod-Abaúj-Zemplén;12;szakgimnázium/szakközépiskola (2016.09.01-től kifutó rendszerben);férfi;nappali;magyar nyelv és irodalom;közép;rendes;Nem;magyar;3;48;48;megjelent;18;0;12;9;8;1;48;-;-;-;-
2020;1;Borsod-Abaúj-Zemplén;12;gimnázium;nő;nappali;magyar nyelv és irodalom;közép;rendes;Nem;magyar;4;68;68;megjelent;33;9;12;12;0;2;68;-;-;-;-
2020;1;Borsod-Abaúj-Zemplén;12;szakgimnázium/szakközépiskola (2016.09.01-től kifutó rendszerben);nő;nappali;magyar nyelv és irodalom;közép;rendes;Nem;magyar;3;41;41;megjelent;18;0;12;9;0;2;41;-;-;-;-
2020;1;Borsod-Abaúj-Zemplén;12;szakgimnázium/szakközépiskola (2016.09.01-től kifutó rendszerben);férfi;nappali;magyar nyelv és irodalom;közép;rendes;Nem;magyar;4;77;77;megjelent;32;10;15;12;6;2;77;-;-;-;-
2020;1;Borsod-Abaúj-Zemplén;12;szakgimnázium/szakközépiskola (2016.09.01-től kifutó rendszerben);férfi;nappali;magyar nyelv és irodalom;közép;rendes;Nem;magyar;4;61;61;megjelent;23;8;19;11;0;0;61;-;-;-;-
2020;1;Borsod-Abaúj-Zemplén;12;szakgimnázium/szakközépiskola (2016.09.01-től kifutó rendszerben);férfi;nappali;magyar nyelv és irodalom;közép;rendes;Nem;magyar;4;62;62;megjelent;23;10;17;10;0;2;62;-;-;-;-
2020;1;Borsod-Abaúj-Zemplén;12;szakgimnázium/szakközépiskola (2016.09.01-től kifutó rendszerben);férfi;nappali;magyar nyelv és irodalom;közép;rendes;Nem;magyar;4;68;68;megjelent;30;10;12;11;4;1;68;-;-;-;-
2020;1;Borsod-Abaúj-Zemplén;12;szakgimnázium/szakközépiskola (2016.09.01-től kifutó rendszerben);férfi;nappali;magyar nyelv és irodalom;közép;rendes;Nem;magyar;2;38;38;megjelent;23;6;4;3;1;1;38;-;-;-;-
2020;1;Borsod-Abaúj-Zemplén;12;szakgimnázium/szakközépiskola (2016.09.01-től kifutó rendszerben);nő;nappali;magyar nyelv és irodalom;közép;rendes;Nem;magyar;3;48;48;megjelent;12;10;12;10;2;2;48;-;-;-;-
2020;1;Borsod-Abaúj-Zemplén;12;szakgimnázium/szakközépiskola (2016.09.01-től kifutó rendszerben);férfi;nappali;magyar nyelv és irodalom;közép;rendes;Igen;magyar;3;53;49;megjelent;20;0;17;11;0;1;49;-;-;-;-
2020;1;Borsod-Abaúj-Zemplén;12;szakgimnázium/szakközépiskola (2016.09.01-től kifutó rendszerben);férfi;nappali;magyar nyelv és irodalom;közép;rendes;Nem;magyar;3;45;45;megjelent;24;10;3;4;2;2;45;-;-;-;-
2020;1;Borsod-Abaúj-Zemplén;12;szakgimnázium/szakközépiskola (2016.09.01-től kifutó rendszerben);férfi;nappali;magyar nyelv és irodalom;közép;rendes;Nem;magyar;4;62;62;megjelent;24;10;15;12;0;1;62;-;-;-;-
2020;1;Borsod-Abaúj-Zemplén;12;szakgimnázium/szakközépiskola (2016.09.01-től kifutó rendszerben);férfi;nappali;magyar nyelv és irodalom;közép;rendes;Nem;magyar;3;43;43;megjelent;26;8;5;3;0;1;43;-;-;-;-
2020;1;Borsod-Abaúj-Zemplén;12;szakgimnázium/szakközépiskola (2016.09.01-től kifutó rendszerben);férfi;nappali;magyar nyelv és irodalom;közép;rendes;Nem;magyar;4;73;73;megjelent;27;9;17;11;7;2;73;-;-;-;-
2020;1;Borsod-Abaúj-Zemplén;12;szakgimnázium/szakközépiskola (2016.09.01-től kifutó rendszerben);nő;nappali;magyar nyelv és irodalom;közép;rendes;Nem;magyar;2;36;36;megjelent;12;10;4;3;5;2;36;-;-;-;-
2020;1;Borsod-Abaúj-Zemplén;12;gimnázium;férfi;nappali;magyar nyelv és irodalom;közép;rendes;Nem;magyar;4;60;60;megjelent;28;3;16;11;0;2;60;-;-;-;-
2020;1;Borsod-Abaúj-Zemplén;12;gimnázium;nő;nappali;magyar nyelv és irodalom;közép;rendes;Nem;magyar;4;78;78;megjelent;31;9;18;12;6;2;78;-;-;-;-
2020;1;Borsod-Abaúj-Zemplén;12;gimnázium;nő;nappali;magyar nyelv és irodalom;közép;rendes;Nem;magyar;4;71;71;megjelent;34;9;14;11;1;2;71;-;-;-;-
2020;1;Borsod-Abaúj-Zemplén;12;gimnázium;férfi;nappali;magyar nyelv és irodalom;közép;rendes;Nem;magyar;3;50;50;megjelent;17;8;13;10;0;2;50;-;-;-;-
2020;1;Borsod-Abaúj-Zemplén;12;szakközép;férfi;nappali;magyar nyelv és irodalom;közép;rendes;Nem;magyar;5;81;81;megjelent;33;9;20;14;3;2;81;-;-;-;-
2020;1;Borsod-Abaúj-Zemplén;12;gimnázium;férfi;nappali;magyar nyelv és irodalom;közép;rendes;Nem;magyar;4;62;62;megjelent;29;5;14;12;0;2;62;-;-;-;-
2020;1;Borsod-Abaúj-Zemplén;12;gimnázium;nő;nappali;magyar nyelv és irodalom;közép;rendes;Nem;magyar;4;65;65;megjelent;28;9;16;10;0;2;65;-;-;-;-
2020;1;Borsod-Abaúj-Zemplén;12;gimnázium;nő;nappali;magyar nyelv és irodalom;közép;rendes;Nem;magyar;5;81;81;megjelent;29;10;22;14;4;2;81;-;-;-;-
2020;1;Borsod-Abaúj-Zemplén;12;gimnázium;férfi;nappali;magyar nyelv és irodalom;közép;rendes;Igen;magyar;3;54;50;megjelent;23;5;12;8;0;2;50;-;-;-;-
2020;1;Borsod-Abaúj-Zemplén;12;szakgimnázium/szakközépiskola (2016.09.01-től kifutó rendszerben);férfi;nappali;magyar nyelv és irodalom;közép;rendes;Nem;magyar;3;43;43;megjelent;20;8;8;7;0;0;43;-;-;-;-
2020;1;Borsod-Abaúj-Zemplén;12;szakgimnázium/szakközépiskola (2016.09.01-től kifutó rendszerben);férfi;nappali;magyar nyelv és irodalom;közép;rendes;Nem;magyar;3;45;45;megjelent;22;8;9;6;0;0;45;-;-;-;-
2020;1;Borsod-Abaúj-Zemplén;12;szakgimnázium/szakközépiskola (2016.09.01-től kifutó rendszerben);férfi;nappali;magyar nyelv és irodalom;közép;rendes;Nem;magyar;4;61;61;megjelent;31;9;13;8;0;0;61;-;-;-;-
2020;1;Borsod-Abaúj-Zemplén;12;szakgimnázium/szakközépiskola (2016.09.01-től kifutó rendszerben);nő;nappali;magyar nyelv és irodalom;közép;rendes;Nem;magyar;4;61;61;megjelent;18;9;21;11;0;2;61;-;-;-;-
2020;1;Borsod-Abaúj-Zemplén;12;szakgimnázium/szakközépiskola (2016.09.01-től kifutó rendszerben);férfi;nappali;magyar nyelv és irodalom;közép;rendes;Nem;magyar;3;41;41;megjelent;23;4;8;6;0;0;41;-;-;-;-
2020;1;Borsod-Abaúj-Zemplén;12;szakgimnázium/szakközépiskola (2016.09.01-től kifutó rendszerben);férfi;nappali;magyar nyelv és irodalom;közép;rendes;Nem;magyar;2;30;45;megjelent;9;3;4;3;0;0;19;12;5;9;26
2020;1;Borsod-Abaúj-Zemplén;12;szakgimnázium/szakközépiskola (2016.09.01-től kifutó rendszerben);férfi;nappali;magyar nyelv és irodalom;közép;rendes;Nem;magyar;4;60;60;megjelent;24;9;14;8;3;2;60;-;-;-;-
2020;1;Borsod-Abaúj-Zemplén;12;szakgimnázium/szakközépiskola (2016.09.01-től kifutó rendszerben);nő;nappali;magyar nyelv és irodalom;közép;rendes;Nem;magyar;2;35;35;megjelent;19;0;8;8;0;0;35;-;-;-;-
2020;1;Borsod-Abaúj-Zemplén;12;szakgimnázium/szakközépiskola (2016.09.01-től kifutó rendszerben);nő;nappali;magyar nyelv és irodalom;közép;rendes;Nem;magyar;2;27;41;megjelent;6;0;5;5;0;0;16;10;5;10;25
2020;1;Borsod-Abaúj-Zemplén;12;szakgimnázium/szakközépiskola (2016.09.01-től kifutó rendszerben);nő;nappali;magyar nyelv és irodalom;közép;rendes;Nem;magyar;3;49;49;megjelent;20;8;9;7;3;2;49;-;-;-;-
2020;1;Borsod-Abaúj-Zemplén;12;szakgimnázium/szakközépiskola (2016.09.01-től kifutó rendszerben);nő;nappali;magyar nyelv és irodalom;közép;rendes;Nem;magyar;5;85;85;megjelent;34;10;23;13;3;2;85;-;-;-;-
2020;1;Borsod-Abaúj-Zemplén;12;szakgimnázium/szakközépiskola (2016.09.01-től kifutó rendszerben);nő;nappali;magyar nyelv és irodalom;közép;rendes;Nem;magyar;3;47;47;megjelent;21;0;10;8;6;2;47;-;-;-;-
2020;1;Borsod-Abaúj-Zemplén;12;szakgimnázium/szakközépiskola (2016.09.01-től kifutó rendszerben);nő;nappali;magyar nyelv és irodalom;közép;rendes;Nem;magyar;4;62;62;megjelent;20;10;15;9;6;2;62;-;-;-;-
2020;1;Borsod-Abaúj-Zemplén;12;szakgimnázium/szakközépiskola (2016.09.01-től kifutó rendszerben);nő;nappali;magyar nyelv és irodalom;közép;rendes;Nem;magyar;3;51;51;megjelent;22;4;8;7;8;2;51;-;-;-;-
2020;1;Borsod-Abaúj-Zemplén;12;szakgimnázium/szakközépiskola (2016.09.01-től kifutó rendszerben);nő;nappali;magyar nyelv és irodalom;közép;rendes;Nem;magyar;3;47;47;megjelent;18;8;9;8;2;2;47;-;-;-;-
2020;1;Borsod-Abaúj-Zemplén;12;szakgimnázium/szakközépiskola (2016.09.01-től kifutó rendszerben);nő;nappali;magyar nyelv és irodalom;közép;rendes;Nem;magyar;2;32;32;megjelent;16;5;5;6;0;0;32;-;-;-;-
2020;1;Borsod-Abaúj-Zemplén;12;gimnázium;férfi;nappali;magyar nyelv és irodalom;közép;rendes;Nem;magyar;3;57;57;megjelent;28;0;12;9;7;1;57;-;-;-;-
2020;1;Borsod-Abaúj-Zemplén;12;szakgimnázium/szakközépiskola (2016.09.01-től kifutó rendszerben);nő;nappali;magyar nyelv és irodalom;közép;rendes;Nem;magyar;2;28;28;megjelent;12;5;6;5;0;0;28;-;-;-;-
2020;1;Borsod-Abaúj-Zemplén;12;gimnázium;férfi;nappali;magyar nyelv és irodalom;közép;rendes;Nem;magyar;3;48;48;megjelent;23;5;12;8;0;0;48;-;-;-;-
2020;1;Borsod-Abaúj-Zemplén;12;gimnázium;férfi;nappali;magyar nyelv és irodalom;közép;rendes;Nem;magyar;4;68;68;megjelent;32;6;14;9;6;1;68;-;-;-;-
2020;1;Borsod-Abaúj-Zemplén;12;gimnázium;férfi;nappali;magyar nyelv és irodalom;közép;rendes;Nem;magyar;3;42;42;megjelent;24;5;7;6;0;0;42;-;-;-;-
2020;1;Borsod-Abaúj-Zemplén;12;szakgimnázium/szakközépiskola (2016.09.01-től kifutó rendszerben);nő;nappali;magyar nyelv és irodalom;közép;rendes;Nem;magyar;4;63;63;megjelent;28;6;17;10;0;2;63;-;-;-;-
2020;1;Borsod-Abaúj-Zemplén;12;szakgimnázium/szakközépiskola (2016.09.01-től kifutó rendszerben);nő;nappali;magyar nyelv és irodalom;közép;rendes;Nem;magyar;3;41;41;megjelent;21;6;6;6;0;2;41;-;-;-;-
2020;1;Borsod-Abaúj-Zemplén;12;gimnázium;nő;nappali;magyar nyelv és irodalom;közép;rendes;Nem;magyar;4;66;66;megjelent;26;7;19;9;4;1;66;-;-;-;-
2020;1;Borsod-Abaúj-Zemplén;12;szakgimnázium/szakközépiskola (2016.09.01-től kifutó rendszerben);férfi;nappali;magyar nyelv és irodalom;közép;rendes;Nem;magyar;3;41;41;megjelent;25;5;5;5;0;1;41;-;-;-;-
2020;1;Borsod-Abaúj-Zemplén;12;szakgimnázium/szakközépiskola (2016.09.01-től kifutó rendszerben);férfi;nappali;magyar nyelv és irodalom;közép;rendes;Nem;magyar;4;61;61;megjelent;21;7;16;11;4;2;61;-;-;-;-
2020;1;Borsod-Abaúj-Zemplén;12;gimnázium;férfi;nappali;magyar nyelv és irodalom;közép;rendes;Nem;magyar;4;73;73;megjelent;28;6;19;11;8;1;73;-;-;-;-
2020;1;Borsod-Abaúj-Zemplén;12;szakgimnázium/szakközépiskola (2016.09.01-től kifutó rendszerben);férfi;nappali;magyar nyelv és irodalom;közép;rendes;Nem;magyar;2;28;28;megjelent;19;6;0;0;2;1;28;-;-;-;-
2020;1;Borsod-Abaúj-Zemplén;12;szakgimnázium/szakközépiskola (2016.09.01-től kifutó rendszerben);nő;nappali;magyar nyelv és irodalom;közép;rendes;Nem;magyar;3;42;42;megjelent;19;9;5;7;0;2;42;-;-;-;-
2020;1;Borsod-Abaúj-Zemplén;12;gimnázium;nő;nappali;magyar nyelv és irodalom;közép;rendes;Nem;magyar;4;65;65;megjelent;31;5;15;10;3;1;65;-;-;-;-
2020;1;Borsod-Abaúj-Zemplén;12;szakgimnázium/szakközépiskola (2016.09.01-től kifutó rendszerben);nő;nappali;magyar nyelv és irodalom;közép;rendes;Nem;magyar;3;56;56;megjelent;25;10;8;10;1;2;56;-;-;-;-
2020;1;Borsod-Abaúj-Zemplén;12;gimnázium;férfi;nappali;magyar nyelv és irodalom;közép;rendes;Nem;magyar;3;52;52;megjelent;27;6;10;8;0;1;52;-;-;-;-
2020;1;Borsod-Abaúj-Zemplén;12;szakgimnázium/szakközépiskola (2016.09.01-től kifutó rendszerben);nő;nappali;magyar nyelv és irodalom;közép;rendes;Nem;magyar;4;61;61;megjelent;14;9;20;13;3;2;61;-;-;-;-
2020;1;Borsod-Abaúj-Zemplén;12;gimnázium;férfi;nappali;magyar nyelv és irodalom;közép;rendes;Nem;magyar;5;82;82;megjelent;36;8;24;10;4;0;82;-;-;-;-
2020;1;Borsod-Abaúj-Zemplén;12;szakgimnázium/szakközépiskola (2016.09.01-től kifutó rendszerben);nő;nappali;magyar nyelv és irodalom;közép;rendes;Nem;magyar;3;44;44;megjelent;23;6;8;7;0;0;44;-;-;-;-
2020;1;Borsod-Abaúj-Zemplén;12;szakgimnázium/szakközépiskola (2016.09.01-től kifutó rendszerben);nő;nappali;magyar nyelv és irodalom;közép;rendes;Nem;magyar;4;61;61;megjelent;29;6;14;9;2;1;61;-;-;-;-
2020;1;Borsod-Abaúj-Zemplén;12;gimnázium;nő;nappali;magyar nyelv és irodalom;közép;rendes;Nem;magyar;5;85;85;megjelent;36;9;20;11;8;1;85;-;-;-;-
2020;1;Borsod-Abaúj-Zemplén;12;szakgimnázium/szakközépiskola (2016.09.01-től kifutó rendszerben);nő;nappali;magyar nyelv és irodalom;közép;rendes;Nem;magyar;3;40;40;megjelent;28;0;6;6;0;0;40;-;-;-;-
2020;1;Borsod-Abaúj-Zemplén;12;szakgimnázium/szakközépiskola (2016.09.01-től kifutó rendszerben);férfi;nappali;magyar nyelv és irodalom;közép;rendes;Nem;magyar;3;56;56;megjelent;31;2;10;5;8;0;56;-;-;-;-
2020;1;Borsod-Abaúj-Zemplén;12;szakgimnázium/szakközépiskola (2016.09.01-től kifutó rendszerben);nő;nappali;magyar nyelv és irodalom;közép;rendes;Nem;magyar;2;38;38;megjelent;27;0;5;4;2;0;38;-;-;-;-
2020;1;Borsod-Abaúj-Zemplén;12;szakgimnázium/szakközépiskola (2016.09.01-től kifutó rendszerben);nő;nappali;magyar nyelv és irodalom;közép;rendes;Nem;magyar;4;69;69;megjelent;33;7;13;9;6;1;69;-;-;-;-
2020;1;Borsod-Abaúj-Zemplén;12;szakgimnázium/szakközépiskola (2016.09.01-től kifutó rendszerben);nő;nappali;magyar nyelv és irodalom;közép;rendes;Nem;magyar;4;61;61;megjelent;28;7;8;8;8;2;61;-;-;-;-
2020;1;Borsod-Abaúj-Zemplén;12;szakgimnázium/szakközépiskola (2016.09.01-től kifutó rendszerben);nő;nappali;magyar nyelv és irodalom;közép;rendes;Nem;magyar;4;61;61;megjelent;31;7;12;9;2;0;61;-;-;-;-
2020;1;Borsod-Abaúj-Zemplén;12;szakgimnázium/szakközépiskola (2016.09.01-től kifutó rendszerben);nő;nappali;magyar nyelv és irodalom;közép;rendes;Nem;magyar;2;36;36;megjelent;20;0;6;6;3;1;36;-;-;-;-
2020;1;Borsod-Abaúj-Zemplén;12;szakgimnázium/szakközépiskola (2016.09.01-től kifutó rendszerben);férfi;nappali;magyar nyelv és irodalom;közép;rendes;Nem;magyar;3;45;45;megjelent;26;7;6;6;0;0;45;-;-;-;-
2020;1;Borsod-Abaúj-Zemplén;12;szakgimnázium/szakközépiskola (2016.09.01-től kifutó rendszerben);nő;nappali;magyar nyelv és irodalom;közép;rendes;Nem;magyar;3;53;53;megjelent;24;8;6;6;7;2;53;-;-;-;-
2020;1;Borsod-Abaúj-Zemplén;12;szakgimnázium/szakközépiskola (2016.09.01-től kifutó rendszerben);nő;nappali;magyar nyelv és irodalom;közép;rendes;Nem;magyar;3;40;40;megjelent;11;8;10;11;0;0;40;-;-;-;-
2020;1;Borsod-Abaúj-Zemplén;12;szakgimnázium/szakközépiskola (2016.09.01-től kifutó rendszerben);nő;nappali;magyar nyelv és irodalom;közép;rendes;Nem;magyar;4;62;62;megjelent;31;6;13;12;0;0;62;-;-;-;-
2020;1;Borsod-Abaúj-Zemplén;12;szakgimnázium/szakközépiskola (2016.09.01-től kifutó rendszerben);nő;nappali;magyar nyelv és irodalom;közép;rendes;Nem;magyar;3;50;50;megjelent;25;4;13;8;0;0;50;-;-;-;-
2020;1;Borsod-Abaúj-Zemplén;12;szakgimnázium/szakközépiskola (2016.09.01-től kifutó rendszerben);nő;nappali;magyar nyelv és irodalom;közép;rendes;Nem;magyar;4;65;65;megjelent;31;7;12;10;4;1;65;-;-;-;-
2020;1;Borsod-Abaúj-Zemplén;12;szakgimnázium/szakközépiskola (2016.09.01-től kifutó rendszerben);nő;nappali;magyar nyelv és irodalom;közép;rendes;Nem;magyar;3;52;52;megjelent;18;7;12;9;4;2;52;-;-;-;-
2020;1;Borsod-Abaúj-Zemplén;12;szakgimnázium/szakközépiskola (2016.09.01-től kifutó rendszerben);nő;nappali;magyar nyelv és irodalom;közép;rendes;Nem;magyar;3;42;42;megjelent;20;5;5;6;4;2;42;-;-;-;-
2020;1;Borsod-Abaúj-Zemplén;12;szakgimnázium/szakközépiskola (2016.09.01-től kifutó rendszerben);nő;nappali;magyar nyelv és irodalom;közép;rendes;Nem;magyar;2;27;27;megjelent;15;5;2;5;0;0;27;-;-;-;-
2020;1;Borsod-Abaúj-Zemplén;12;szakgimnázium/szakközépiskola (2016.09.01-től kifutó rendszerben);nő;nappali;magyar nyelv és irodalom;közép;rendes;Nem;magyar;3;48;48;megjelent;24;9;5;7;1;2;48;-;-;-;-
2020;1;Borsod-Abaúj-Zemplén;12;szakgimnázium/szakközépiskola (2016.09.01-től kifutó rendszerben);férfi;nappali;magyar nyelv és irodalom;közép;rendes;Nem;magyar;4;68;68;megjelent;26;9;15;11;5;2;68;-;-;-;-
2020;1;Borsod-Abaúj-Zemplén;12;szakgimnázium/szakközépiskola (2016.09.01-től kifutó rendszerben);nő;nappali;magyar nyelv és irodalom;közép;rendes;Nem;magyar;3;49;49;megjelent;24;7;7;7;3;1;49;-;-;-;-
2020;1;Borsod-Abaúj-Zemplén;12;szakgimnázium/szakközépiskola (2016.09.01-től kifutó rendszerben);férfi;nappali;magyar nyelv és irodalom;közép;rendes;Igen;magyar;3;59;55;megjelent;29;0;15;10;0;1;55;-;-;-;-
2020;1;Borsod-Abaúj-Zemplén;12;gimnázium;nő;nappali;magyar nyelv és irodalom;közép;rendes;Nem;magyar;4;74;74;megjelent;31;8;18;11;5;1;74;-;-;-;-
2020;1;Borsod-Abaúj-Zemplén;12;szakgimnázium/szakközépiskola (2016.09.01-től kifutó rendszerben);nő;nappali;magyar nyelv és irodalom;közép;rendes;Nem;magyar;5;88;88;megjelent;31;9;25;15;6;2;88;-;-;-;-
2020;1;Borsod-Abaúj-Zemplén;12;szakgimnázium/szakközépiskola (2016.09.01-től kifutó rendszerben);nő;nappali;magyar nyelv és irodalom;közép;rendes;Nem;magyar;5;83;83;megjelent;32;9;23;13;4;2;83;-;-;-;-
2020;1;Borsod-Abaúj-Zemplén;12;szakgimnázium/szakközépiskola (2016.09.01-től kifutó rendszerben);nő;nappali;magyar nyelv és irodalom;közép;rendes;Nem;magyar;4;64;64;megjelent;31;9;15;9;0;0;64;-;-;-;-
2020;1;Borsod-Abaúj-Zemplén;12;szakgimnázium/szakközépiskola (2016.09.01-től kifutó rendszerben);férfi;nappali;magyar nyelv és irodalom;közép;rendes;Nem;magyar;3;44;44;megjelent;25;8;2;2;5;2;44;-;-;-;-
2020;1;Borsod-Abaúj-Zemplén;12;szakgimnázium/szakközépiskola (2016.09.01-től kifutó rendszerben);férfi;nappali;magyar nyelv és irodalom;közép;rendes;Nem;magyar;5;81;81;megjelent;34;9;18;12;6;2;81;-;-;-;-
2020;1;Borsod-Abaúj-Zemplén;12;szakgimnázium/szakközépiskola (2016.09.01-től kifutó rendszerben);nő;nappali;magyar nyelv és irodalom;közép;rendes;Nem;magyar;4;62;62;megjelent;28;8;14;11;0;1;62;-;-;-;-
2020;1;Borsod-Abaúj-Zemplén;12;szakgimnázium/szakközépiskola (2016.09.01-től kifutó rendszerben);férfi;nappali;magyar nyelv és irodalom;közép;rendes;Nem;magyar;3;42;42;megjelent;22;6;4;5;3;2;42;-;-;-;-
2020;1;Borsod-Abaúj-Zemplén;12;szakgimnázium/szakközépiskola (2016.09.01-től kifutó rendszerben);nő;nappali;magyar nyelv és irodalom;közép;rendes;Nem;magyar;3;48;48;megjelent;18;8;6;7;8;1;48;-;-;-;-
2020;1;Borsod-Abaúj-Zemplén;12;szakgimnázium/szakközépiskola (2016.09.01-től kifutó rendszerben);férfi;nappali;magyar nyelv és irodalom;közép;rendes;Nem;magyar;3;41;41;megjelent;28;0;6;7;0;0;41;-;-;-;-
2020;1;Borsod-Abaúj-Zemplén;12;szakgimnázium/szakközépiskola (2016.09.01-től kifutó rendszerben);nő;nappali;magyar nyelv és irodalom;közép;rendes;Nem;magyar;4;73;73;megjelent;29;10;13;12;8;1;73;-;-;-;-
2020;1;Borsod-Abaúj-Zemplén;12;szakgimnázium/szakközépiskola (2016.09.01-től kifutó rendszerben);nő;nappali;magyar nyelv és irodalom;közép;rendes;Nem;magyar;3;55;55;megjelent;28;9;5;7;4;2;55;-;-;-;-
2020;1;Borsod-Abaúj-Zemplén;12;szakgimnázium/szakközépiskola (2016.09.01-től kifutó rendszerben);nő;nappali;magyar nyelv és irodalom;közép;rendes;Nem;magyar;4;61;61;megjelent;26;7;14;11;2;1;61;-;-;-;-
2020;1;Borsod-Abaúj-Zemplén;12;szakgimnázium/szakközépiskola (2016.09.01-től kifutó rendszerben);nő;nappali;magyar nyelv és irodalom;közép;rendes;Nem;magyar;4;72;72;megjelent;31;9;14;12;5;1;72;-;-;-;-
2020;1;Borsod-Abaúj-Zemplén;12;szakgimnázium/szakközépiskola (2016.09.01-től kifutó rendszerben);nő;nappali;magyar nyelv és irodalom;közép;rendes;Nem;magyar;3;45;45;megjelent;22;5;6;6;5;1;45;-;-;-;-
2020;1;Borsod-Abaúj-Zemplén;12;gimnázium;férfi;nappali;magyar nyelv és irodalom;közép;rendes;Nem;magyar;3;44;44;megjelent;21;5;10;7;0;1;44;-;-;-;-
2020;1;Borsod-Abaúj-Zemplén;12;gimnázium;nő;nappali;magyar nyelv és irodalom;közép;rendes;Nem;magyar;4;76;76;megjelent;34;8;18;11;3;2;76;-;-;-;-
2020;1;Borsod-Abaúj-Zemplén;12;szakgimnázium/szakközépiskola (2016.09.01-től kifutó rendszerben);férfi;nappali;magyar nyelv és irodalom;közép;rendes;Nem;magyar;5;88;88;megjelent;33;10;23;15;5;2;88;-;-;-;-
2020;1;Borsod-Abaúj-Zemplén;12;gimnázium;nő;nappali;magyar nyelv és irodalom;közép;rendes;Nem;magyar;5;98;98;megjelent;38;10;25;15;8;2;98;-;-;-;-
2020;1;Borsod-Abaúj-Zemplén;12;szakgimnázium/szakközépiskola (2016.09.01-től kifutó rendszerben);nő;nappali;magyar nyelv és irodalom;közép;rendes;Nem;magyar;3;47;47;megjelent;26;5;5;4;6;1;47;-;-;-;-
2020;1;Borsod-Abaúj-Zemplén;12;szakgimnázium/szakközépiskola (2016.09.01-től kifutó rendszerben);nő;nappali;magyar nyelv és irodalom;közép;rendes;Nem;magyar;4;67;67;megjelent;30;9;15;11;2;0;67;-;-;-;-
2020;1;Borsod-Abaúj-Zemplén;12;szakgimnázium/szakközépiskola (2016.09.01-től kifutó rendszerben);nő;nappali;magyar nyelv és irodalom;közép;rendes;Nem;magyar;3;54;54;megjelent;28;7;10;8;1;0;54;-;-;-;-
2020;1;Borsod-Abaúj-Zemplén;12;szakgimnázium/szakközépiskola (2016.09.01-től kifutó rendszerben);nő;nappali;magyar nyelv és irodalom;közép;rendes;Nem;magyar;4;73;73;megjelent;30;10;14;10;7;2;73;-;-;-;-
2020;1;Borsod-Abaúj-Zemplén;12;szakgimnázium/szakközépiskola (2016.09.01-től kifutó rendszerben);nő;nappali;magyar nyelv és irodalom;közép;rendes;Nem;magyar;5;85;85;megjelent;38;7;18;12;8;2;85;-;-;-;-
2020;1;Borsod-Abaúj-Zemplén;12;szakgimnázium/szakközépiskola (2016.09.01-től kifutó rendszerben);nő;nappali;magyar nyelv és irodalom;közép;rendes;Nem;magyar;3;55;55;megjelent;30;7;8;6;3;1;55;-;-;-;-
2020;1;Borsod-Abaúj-Zemplén;12;szakgimnázium/szakközépiskola (2016.09.01-től kifutó rendszerben);nő;nappali;magyar nyelv és irodalom;közép;rendes;Nem;magyar;3;44;44;megjelent;23;3;10;8;0;0;44;-;-;-;-
2020;1;Borsod-Abaúj-Zemplén;12;szakgimnázium/szakközépiskola (2016.09.01-től kifutó rendszerben);nő;nappali;magyar nyelv és irodalom;közép;rendes;Nem;magyar;5;88;88;megjelent;32;10;25;14;5;2;88;-;-;-;-
2020;1;Borsod-Abaúj-Zemplén;12;szakgimnázium/szakközépiskola (2016.09.01-től kifutó rendszerben);nő;nappali;magyar nyelv és irodalom;közép;rendes;Nem;magyar;4;74;74;megjelent;30;10;18;12;4;0;74;-;-;-;-
2020;1;Borsod-Abaúj-Zemplén;12;szakgimnázium/szakközépiskola (2016.09.01-től kifutó rendszerben);nő;nappali;magyar nyelv és irodalom;közép;rendes;Nem;magyar;3;40;40;megjelent;16;7;9;6;0;2;40;-;-;-;-
2020;1;Borsod-Abaúj-Zemplén;12;szakgimnázium/szakközépiskola (2016.09.01-től kifutó rendszerben);nő;nappali;magyar nyelv és irodalom;közép;rendes;Nem;magyar;4;64;64;megjelent;27;8;15;8;4;2;64;-;-;-;-
2020;1;Borsod-Abaúj-Zemplén;12;szakgimnázium/szakközépiskola (2016.09.01-től kifutó rendszerben);nő;nappali;magyar nyelv és irodalom;közép;rendes;Nem;magyar;3;51;51;megjelent;23;7;10;9;2;0;51;-;-;-;-
2020;1;Borsod-Abaúj-Zemplén;12;szakgimnázium/szakközépiskola (2016.09.01-től kifutó rendszerben);nő;nappali;magyar nyelv és irodalom;közép;rendes;Nem;magyar;4;72;72;megjelent;30;9;18;12;2;1;72;-;-;-;-
2020;1;Borsod-Abaúj-Zemplén;12;szakgimnázium/szakközépiskola (2016.09.01-től kifutó rendszerben);férfi;nappali;magyar nyelv és irodalom;közép;rendes;Nem;magyar;2;36;36;megjelent;24;2;3;1;4;2;36;-;-;-;-
2020;1;Borsod-Abaúj-Zemplén;12;szakgimnázium/szakközépiskola (2016.09.01-től kifutó rendszerben);nő;nappali;magyar nyelv és irodalom;közép;rendes;Nem;magyar;4;65;65;megjelent;30;9;15;10;0;1;65;-;-;-;-
2020;1;Borsod-Abaúj-Zemplén;12;szakgimnázium/szakközépiskola (2016.09.01-től kifutó rendszerben);nő;nappali;magyar nyelv és irodalom;közép;rendes;Nem;magyar;4;74;74;megjelent;32;9;19;13;1;0;74;-;-;-;-
2020;1;Borsod-Abaúj-Zemplén;12;szakgimnázium/szakközépiskola (2016.09.01-től kifutó rendszerben);nő;nappali;magyar nyelv és irodalom;közép;rendes;Nem;magyar;4;60;60;megjelent;29;6;10;9;4;2;60;-;-;-;-
2020;1;Borsod-Abaúj-Zemplén;12;gimnázium;nő;nappali;magyar nyelv és irodalom;közép;rendes;Nem;magyar;5;96;96;megjelent;36;10;25;15;8;2;96;-;-;-;-
2020;1;Borsod-Abaúj-Zemplén;12;szakgimnázium/szakközépiskola (2016.09.01-től kifutó rendszerben);nő;nappali;magyar nyelv és irodalom;közép;rendes;Nem;magyar;4;66;66;megjelent;30;9;10;9;7;1;66;-;-;-;-
2020;1;Borsod-Abaúj-Zemplén;12;szakgimnázium/szakközépiskola (2016.09.01-től kifutó rendszerben);férfi;nappali;magyar nyelv és irodalom;közép;rendes;Nem;magyar;3;45;45;megjelent;25;5;5;5;4;1;45;-;-;-;-
2020;1;Borsod-Abaúj-Zemplén;12;gimnázium;nő;nappali;magyar nyelv és irodalom;közép;rendes;Nem;magyar;4;62;62;megjelent;20;7;21;12;0;2;62;-;-;-;-
2020;1;Borsod-Abaúj-Zemplén;12;gimnázium;férfi;nappali;magyar nyelv és irodalom;közép;rendes;Nem;magyar;4;68;68;megjelent;34;6;17;11;0;0;68;-;-;-;-
2020;1;Borsod-Abaúj-Zemplén;12;szakgimnázium/szakközépiskola (2016.09.01-től kifutó rendszerben);férfi;nappali;magyar nyelv és irodalom;közép;rendes;Nem;magyar;4;75;75;megjelent;30;5;21;12;6;1;75;-;-;-;-
2020;1;Borsod-Abaúj-Zemplén;12;gimnázium;férfi;nappali;magyar nyelv és irodalom;közép;rendes;Nem;magyar;5;82;82;megjelent;36;9;18;13;6;0;82;-;-;-;-
2020;1;Borsod-Abaúj-Zemplén;12;szakgimnázium/szakközépiskola (2016.09.01-től kifutó rendszerben);nő;nappali;magyar nyelv és irodalom;közép;rendes;Nem;magyar;5;80;80;megjelent;31;9;17;13;8;2;80;-;-;-;-
2020;1;Borsod-Abaúj-Zemplén;12;gimnázium;férfi;nappali;magyar nyelv és irodalom;közép;rendes;Nem;magyar;4;77;77;megjelent;27;9;22;14;4;1;77;-;-;-;-
2020;1;Borsod-Abaúj-Zemplén;12;gimnázium;nő;nappali;magyar nyelv és irodalom;közép;rendes;Nem;magyar;4;74;74;megjelent;31;8;12;13;8;2;74;-;-;-;-
2020;1;Borsod-Abaúj-Zemplén;12;gimnázium;nő;nappali;magyar nyelv és irodalom;közép;rendes;Nem;magyar;2;33;33;megjelent;18;3;5;5;0;2;33;-;-;-;-
2020;1;Borsod-Abaúj-Zemplén;12;gimnázium;nő;nappali;magyar nyelv és irodalom;közép;rendes;Nem;magyar;4;61;61;megjelent;30;7;15;8;0;1;61;-;-;-;-
2020;1;Borsod-Abaúj-Zemplén;12;szakgimnázium/szakközépiskola (2016.09.01-től kifutó rendszerben);férfi;nappali;magyar nyelv és irodalom;közép;rendes;Nem;magyar;3;52;52;megjelent;23;5;12;10;0;2;52;-;-;-;-
2020;1;Borsod-Abaúj-Zemplén;12;gimnázium;férfi;nappali;magyar nyelv és irodalom;közép;rendes;Nem;magyar;4;62;62;megjelent;28;6;16;11;0;1;62;-;-;-;-
2020;1;Borsod-Abaúj-Zemplén;12;szakgimnázium/szakközépiskola (2016.09.01-től kifutó rendszerben);férfi;nappali;magyar nyelv és irodalom;közép;rendes;Igen;magyar;4;66;66;megjelent;27;7;18;12;0;2;66;-;-;-;-
2020;1;Borsod-Abaúj-Zemplén;12;gimnázium;nő;nappali;magyar nyelv és irodalom;közép;rendes;Nem;magyar;4;64;64;megjelent;26;7;18;12;0;1;64;-;-;-;-
2020;1;Borsod-Abaúj-Zemplén;12;gimnázium;férfi;nappali;magyar nyelv és irodalom;közép;rendes;Nem;magyar;2;37;37;megjelent;24;3;5;5;0;0;37;-;-;-;-
2020;1;Borsod-Abaúj-Zemplén;12;gimnázium;férfi;nappali;magyar nyelv és irodalom;közép;rendes;Nem;magyar;5;84;84;megjelent;34;10;24;15;0;1;84;-;-;-;-
2020;1;Borsod-Abaúj-Zemplén;12;gimnázium;nő;nappali;magyar nyelv és irodalom;közép;rendes;Nem;magyar;4;63;63;megjelent;28;5;14;10;5;1;63;-;-;-;-
2020;1;Borsod-Abaúj-Zemplén;12;gimnázium;nő;nappali;magyar nyelv és irodalom;közép;rendes;Nem;magyar;4;70;70;megjelent;29;8;15;11;5;2;70;-;-;-;-
2020;1;Borsod-Abaúj-Zemplén;12;szakgimnázium/szakközépiskola (2016.09.01-től kifutó rendszerben);férfi;nappali;magyar nyelv és irodalom;közép;rendes;Nem;magyar;3;54;54;megjelent;24;7;8;8;5;2;54;-;-;-;-
2020;1;Borsod-Abaúj-Zemplén;12;szakgimnázium/szakközépiskola (2016.09.01-től kifutó rendszerben);férfi;nappali;magyar nyelv és irodalom;közép;rendes;Nem;magyar;3;51;51;megjelent;25;4;8;8;4;2;51;-;-;-;-
2020;1;Borsod-Abaúj-Zemplén;12;gimnázium;férfi;nappali;magyar nyelv és irodalom;közép;rendes;Nem;magyar;4;62;62;megjelent;30;4;15;10;1;2;62;-;-;-;-
2020;1;Borsod-Abaúj-Zemplén;12;gimnázium;nő;nappali;magyar nyelv és irodalom;közép;rendes;Nem;magyar;4;64;64;megjelent;31;9;14;9;0;1;64;-;-;-;-
2020;1;Borsod-Abaúj-Zemplén;12;szakgimnázium/szakközépiskola (2016.09.01-től kifutó rendszerben);nő;nappali;magyar nyelv és irodalom;közép;rendes;Igen;magyar;3;41;38;megjelent;21;5;8;4;0;0;38;-;-;-;-
2020;1;Borsod-Abaúj-Zemplén;12;gimnázium;nő;nappali;magyar nyelv és irodalom;közép;rendes;Nem;magyar;4;73;73;megjelent;33;8;14;11;5;2;73;-;-;-;-
2020;1;Borsod-Abaúj-Zemplén;12;szakgimnázium/szakközépiskola (2016.09.01-től kifutó rendszerben);férfi;nappali;magyar nyelv és irodalom;közép;rendes;Nem;magyar;2;38;38;megjelent;24;5;4;5;0;0;38;-;-;-;-
2020;1;Borsod-Abaúj-Zemplén;12;szakgimnázium/szakközépiskola (2016.09.01-től kifutó rendszerben);nő;nappali;magyar nyelv és irodalom;közép;rendes;Nem;magyar;4;61;61;megjelent;30;9;5;7;8;2;61;-;-;-;-
2020;1;Borsod-Abaúj-Zemplén;12;gimnázium;férfi;nappali;magyar nyelv és irodalom;közép;rendes;Nem;magyar;4;65;65;megjelent;30;8;16;11;0;0;65;-;-;-;-
2020;1;Borsod-Abaúj-Zemplén;12;szakgimnázium/szakközépiskola (2016.09.01-től kifutó rendszerben);nő;nappali;magyar nyelv és irodalom;közép;rendes;Nem;magyar;4;65;65;megjelent;24;6;17;8;8;2;65;-;-;-;-
2020;1;Borsod-Abaúj-Zemplén;12;szakgimnázium/szakközépiskola (2016.09.01-től kifutó rendszerben);nő;nappali;magyar nyelv és irodalom;közép;rendes;Nem;magyar;4;73;73;megjelent;34;9;14;11;5;0;73;-;-;-;-
2020;1;Borsod-Abaúj-Zemplén;12;gimnázium;nő;nappali;magyar nyelv és irodalom;közép;rendes;Nem;magyar;5;84;84;megjelent;38;7;19;13;5;2;84;-;-;-;-
2020;1;Borsod-Abaúj-Zemplén;12;szakgimnázium/szakközépiskola (2016.09.01-től kifutó rendszerben);nő;nappali;magyar nyelv és irodalom;közép;rendes;Nem;magyar;4;68;68;megjelent;32;6;17;9;2;2;68;-;-;-;-
2020;1;Borsod-Abaúj-Zemplén;12;gimnázium;nő;nappali;magyar nyelv és irodalom;közép;rendes;Nem;magyar;4;69;69;megjelent;28;5;16;11;7;2;69;-;-;-;-
2020;1;Borsod-Abaúj-Zemplén;12;gimnázium;nő;nappali;magyar nyelv és irodalom;közép;rendes;Nem;magyar;5;82;82;megjelent;33;10;19;13;5;2;82;-;-;-;-
2020;1;Borsod-Abaúj-Zemplén;12;gimnázium;nő;nappali;magyar nyelv és irodalom;közép;rendes;Nem;magyar;5;85;85;megjelent;36;8;22;12;5;2;85;-;-;-;-
2020;1;Borsod-Abaúj-Zemplén;12;gimnázium;nő;nappali;magyar nyelv és irodalom;közép;rendes;Nem;magyar;5;83;83;megjelent;35;7;22;13;4;2;83;-;-;-;-
2020;1;Borsod-Abaúj-Zemplén;12;szakgimnázium/szakközépiskola (2016.09.01-től kifutó rendszerben);férfi;nappali;magyar nyelv és irodalom;közép;rendes;Nem;magyar;2;26;39;megjelent;14;7;0;0;0;0;21;18;8;10;18
2020;1;Borsod-Abaúj-Zemplén;12;gimnázium;nő;nappali;magyar nyelv és irodalom;közép;rendes;Nem;magyar;5;85;85;megjelent;34;9;22;11;8;1;85;-;-;-;-
2020;1;Borsod-Abaúj-Zemplén;12;gimnázium;férfi;nappali;magyar nyelv és irodalom;közép;rendes;Nem;magyar;4;64;64;megjelent;29;4;16;10;4;1;64;-;-;-;-
2020;1;Borsod-Abaúj-Zemplén;12;szakgimnázium/szakközépiskola (2016.09.01-től kifutó rendszerben);nő;nappali;magyar nyelv és irodalom;közép;rendes;Nem;magyar;4;65;65;megjelent;26;7;15;13;2;2;65;-;-;-;-
2020;1;Borsod-Abaúj-Zemplén;12;szakgimnázium/szakközépiskola (2016.09.01-től kifutó rendszerben);nő;nappali;magyar nyelv és irodalom;közép;rendes;Nem;magyar;2;38;38;megjelent;25;0;5;5;1;2;38;-;-;-;-
2020;1;Borsod-Abaúj-Zemplén;12;szakgimnázium/szakközépiskola (2016.09.01-től kifutó rendszerben);nő;nappali;magyar nyelv és irodalom;közép;rendes;Nem;magyar;2;31;31;megjelent;20;0;5;4;0;2;31;-;-;-;-
2020;1;Borsod-Abaúj-Zemplén;12;szakgimnázium/szakközépiskola (2016.09.01-től kifutó rendszerben);nő;nappali;magyar nyelv és irodalom;közép;rendes;Nem;magyar;2;30;30;megjelent;11;0;6;8;4;1;30;-;-;-;-
2020;1;Borsod-Abaúj-Zemplén;12;szakgimnázium/szakközépiskola (2016.09.01-től kifutó rendszerben);nő;nappali;magyar nyelv és irodalom;közép;rendes;Nem;magyar;3;53;53;megjelent;22;6;10;13;0;2;53;-;-;-;-
2020;1;Borsod-Abaúj-Zemplén;12;szakgimnázium/szakközépiskola (2016.09.01-től kifutó rendszerben);nő;nappali;magyar nyelv és irodalom;közép;rendes;Nem;magyar;3;48;48;megjelent;18;10;10;8;0;2;48;-;-;-;-
2020;1;Borsod-Abaúj-Zemplén;12;gimnázium;nő;nappali;magyar nyelv és irodalom;közép;rendes;Nem;magyar;5;85;85;megjelent;36;9;19;13;6;2;85;-;-;-;-
2020;1;Borsod-Abaúj-Zemplén;12;szakgimnázium/szakközépiskola (2016.09.01-től kifutó rendszerben);nő;nappali;magyar nyelv és irodalom;közép;rendes;Nem;magyar;3;54;54;megjelent;21;0;15;13;3;2;54;-;-;-;-
2020;1;Borsod-Abaúj-Zemplén;12;szakgimnázium/szakközépiskola (2016.09.01-től kifutó rendszerben);nő;nappali;magyar nyelv és irodalom;közép;rendes;Nem;magyar;2;36;36;megjelent;19;5;5;5;0;2;36;-;-;-;-
2020;1;Borsod-Abaúj-Zemplén;12;szakgimnázium/szakközépiskola (2016.09.01-től kifutó rendszerben);nő;nappali;magyar nyelv és irodalom;közép;rendes;Igen;magyar;2;39;36;megjelent;20;9;3;3;0;1;36;-;-;-;-
2020;1;Borsod-Abaúj-Zemplén;12;szakgimnázium/szakközépiskola (2016.09.01-től kifutó rendszerben);nő;nappali;magyar nyelv és irodalom;közép;rendes;Nem;magyar;2;31;31;megjelent;14;3;4;4;4;2;31;-;-;-;-
2020;1;Borsod-Abaúj-Zemplén;12;szakgimnázium/szakközépiskola (2016.09.01-től kifutó rendszerben);nő;nappali;magyar nyelv és irodalom;közép;rendes;Nem;magyar;3;47;47;megjelent;22;0;10;13;0;2;47;-;-;-;-
2020;1;Borsod-Abaúj-Zemplén;12;szakgimnázium/szakközépiskola (2016.09.01-től kifutó rendszerben);férfi;nappali;magyar nyelv és irodalom;közép;rendes;Nem;magyar;2;28;28;megjelent;13;0;6;7;0;2;28;-;-;-;-
2020;1;Borsod-Abaúj-Zemplén;12;gimnázium;férfi;nappali;magyar nyelv és irodalom;közép;rendes;Nem;magyar;4;74;74;megjelent;35;8;17;10;4;0;74;-;-;-;-
2020;1;Borsod-Abaúj-Zemplén;12;szakgimnázium/szakközépiskola (2016.09.01-től kifutó rendszerben);nő;nappali;magyar nyelv és irodalom;közép;rendes;Nem;magyar;4;71;71;megjelent;20;10;19;14;6;2;71;-;-;-;-
2020;1;Borsod-Abaúj-Zemplén;12;gimnázium;férfi;nappali;magyar nyelv és irodalom;közép;rendes;Nem;magyar;3;53;53;megjelent;25;4;13;10;0;1;53;-;-;-;-
2020;1;Borsod-Abaúj-Zemplén;12;gimnázium;férfi;nappali;magyar nyelv és irodalom;közép;rendes;Nem;magyar;4;73;73;megjelent;33;9;19;12;0;0;73;-;-;-;-
2020;1;Borsod-Abaúj-Zemplén;12;szakgimnázium/szakközépiskola (2016.09.01-től kifutó rendszerben);férfi;nappali;magyar nyelv és irodalom;közép;rendes;Nem;magyar;3;54;54;megjelent;26;3;14;10;0;1;54;-;-;-;-
2020;1;Borsod-Abaúj-Zemplén;12;szakgimnázium/szakközépiskola (2016.09.01-től kifutó rendszerben);nő;nappali;magyar nyelv és irodalom;közép;rendes;Nem;magyar;4;62;62;megjelent;28;9;9;12;2;2;62;-;-;-;-
2020;1;Borsod-Abaúj-Zemplén;12;gimnázium;férfi;nappali;magyar nyelv és irodalom;közép;rendes;Nem;magyar;4;76;76;megjelent;33;9;16;12;4;2;76;-;-;-;-
2020;1;Borsod-Abaúj-Zemplén;12;gimnázium;férfi;nappali;magyar nyelv és irodalom;közép;rendes;Nem;magyar;3;48;48;megjelent;18;5;12;10;3;0;48;-;-;-;-
2020;1;Borsod-Abaúj-Zemplén;12;gimnázium;férfi;nappali;magyar nyelv és irodalom;közép;rendes;Nem;magyar;4;70;70;megjelent;34;8;17;10;0;1;70;-;-;-;-
2020;1;Borsod-Abaúj-Zemplén;12;szakgimnázium/szakközépiskola (2016.09.01-től kifutó rendszerben);férfi;nappali;magyar nyelv és irodalom;közép;rendes;Nem;magyar;4;64;64;megjelent;28;7;15;12;0;2;64;-;-;-;-
2020;1;Borsod-Abaúj-Zemplén;12;gimnázium;férfi;nappali;magyar nyelv és irodalom;közép;rendes;Nem;magyar;5;81;81;megjelent;35;7;24;13;0;2;81;-;-;-;-
2020;1;Borsod-Abaúj-Zemplén;12;szakgimnázium/szakközépiskola (2016.09.01-től kifutó rendszerben);nő;nappali;magyar nyelv és irodalom;közép;rendes;Nem;magyar;4;67;67;megjelent;30;9;12;8;6;2;67;-;-;-;-
2020;1;Borsod-Abaúj-Zemplén;12;szakgimnázium/szakközépiskola (2016.09.01-től kifutó rendszerben);nő;nappali;magyar nyelv és irodalom;közép;rendes;Igen;magyar;3;45;41;megjelent;17;4;12;8;0;0;41;-;-;-;-
2020;1;Borsod-Abaúj-Zemplén;12;gimnázium;férfi;nappali;magyar nyelv és irodalom;közép;rendes;Nem;magyar;3;46;46;megjelent;28;6;5;5;0;2;46;-;-;-;-
2020;1;Borsod-Abaúj-Zemplén;12;szakgimnázium/szakközépiskola (2016.09.01-től kifutó rendszerben);nő;nappali;magyar nyelv és irodalom;közép;rendes;Nem;magyar;4;72;72;megjelent;31;7;19;10;3;2;72;-;-;-;-
2020;1;Borsod-Abaúj-Zemplén;12;szakgimnázium/szakközépiskola (2016.09.01-től kifutó rendszerben);nő;nappali;magyar nyelv és irodalom;közép;rendes;Nem;magyar;5;86;86;megjelent;37;9;23;14;1;2;86;-;-;-;-
2020;1;Borsod-Abaúj-Zemplén;12;gimnázium;férfi;nappali;magyar nyelv és irodalom;közép;rendes;Nem;magyar;3;59;59;megjelent;30;6;9;7;7;0;59;-;-;-;-
2020;1;Borsod-Abaúj-Zemplén;12;szakgimnázium/szakközépiskola (2016.09.01-től kifutó rendszerben);nő;nappali;magyar nyelv és irodalom;közép;rendes;Nem;magyar;3;44;44;megjelent;21;5;10;7;0;1;44;-;-;-;-
2020;1;Borsod-Abaúj-Zemplén;12;gimnázium;férfi;nappali;magyar nyelv és irodalom;közép;rendes;Nem;magyar;3;46;46;megjelent;22;7;8;7;0;2;46;-;-;-;-
2020;1;Borsod-Abaúj-Zemplén;12;szakgimnázium/szakközépiskola (2016.09.01-től kifutó rendszerben);nő;nappali;magyar nyelv és irodalom;közép;rendes;Nem;magyar;4;61;61;megjelent;28;7;12;8;5;1;61;-;-;-;-
2020;1;Borsod-Abaúj-Zemplén;12;szakgimnázium/szakközépiskola (2016.09.01-től kifutó rendszerben);nő;nappali;magyar nyelv és irodalom;közép;rendes;Nem;magyar;3;54;54;megjelent;29;0;14;9;0;2;54;-;-;-;-
2020;1;Borsod-Abaúj-Zemplén;12;szakgimnázium/szakközépiskola (2016.09.01-től kifutó rendszerben);nő;nappali;magyar nyelv és irodalom;közép;rendes;Nem;magyar;5;80;80;megjelent;29;7;22;13;7;2;80;-;-;-;-
2020;1;Borsod-Abaúj-Zemplén;12;gimnázium;férfi;nappali;magyar nyelv és irodalom;közép;rendes;Nem;magyar;2;38;38;megjelent;23;0;6;9;0;0;38;-;-;-;-
2020;1;Borsod-Abaúj-Zemplén;12;gimnázium;férfi;nappali;magyar nyelv és irodalom;közép;rendes;Nem;magyar;4;60;60;megjelent;23;6;13;12;4;2;60;-;-;-;-
2020;1;Borsod-Abaúj-Zemplén;12;szakgimnázium/szakközépiskola (2016.09.01-től kifutó rendszerben);férfi;nappali;magyar nyelv és irodalom;közép;rendes;Nem;magyar;4;70;70;megjelent;32;8;15;13;0;2;70;-;-;-;-
2020;1;Borsod-Abaúj-Zemplén;12;gimnázium;nő;nappali;magyar nyelv és irodalom;közép;rendes;Nem;magyar;4;75;75;megjelent;35;9;17;11;2;1;75;-;-;-;-
2020;1;Borsod-Abaúj-Zemplén;12;gimnázium;nő;nappali;magyar nyelv és irodalom;közép;rendes;Nem;magyar;3;55;55;megjelent;30;5;11;7;0;2;55;-;-;-;-
2020;1;Borsod-Abaúj-Zemplén;12;szakgimnázium/szakközépiskola (2016.09.01-től kifutó rendszerben);férfi;nappali;magyar nyelv és irodalom;közép;rendes;Nem;magyar;5;80;80;megjelent;32;10;17;11;8;2;80;-;-;-;-
2020;1;Borsod-Abaúj-Zemplén;12;gimnázium;férfi;nappali;magyar nyelv és irodalom;közép;rendes;Nem;magyar;2;36;36;megjelent;19;7;5;5;0;0;36;-;-;-;-
2020;1;Borsod-Abaúj-Zemplén;12;gimnázium;nő;nappali;magyar nyelv és irodalom;közép;rendes;Nem;magyar;2;38;38;megjelent;17;5;8;6;1;1;38;-;-;-;-
2020;1;Borsod-Abaúj-Zemplén;12;szakgimnázium/szakközépiskola (2016.09.01-től kifutó rendszerben);nő;nappali;magyar nyelv és irodalom;közép;rendes;Nem;magyar;4;65;65;megjelent;27;4;18;10;4;2;65;-;-;-;-
2020;1;Borsod-Abaúj-Zemplén;12;szakgimnázium/szakközépiskola (2016.09.01-től kifutó rendszerben);nő;nappali;magyar nyelv és irodalom;közép;rendes;Nem;magyar;4;64;64;megjelent;35;8;10;9;0;2;64;-;-;-;-
2020;1;Borsod-Abaúj-Zemplén;12;szakgimnázium/szakközépiskola (2016.09.01-től kifutó rendszerben);férfi;nappali;magyar nyelv és irodalom;közép;rendes;Nem;magyar;4;61;61;megjelent;31;7;7;6;8;2;61;-;-;-;-
2020;1;Borsod-Abaúj-Zemplén;12;gimnázium;nő;nappali;magyar nyelv és irodalom;közép;rendes;Nem;magyar;3;45;45;megjelent;22;5;9;8;0;1;45;-;-;-;-
2020;1;Borsod-Abaúj-Zemplén;12;szakgimnázium/szakközépiskola (2016.09.01-től kifutó rendszerben);nő;nappali;magyar nyelv és irodalom;közép;rendes;Nem;magyar;4;74;74;megjelent;36;0;17;13;6;2;74;-;-;-;-
2020;1;Borsod-Abaúj-Zemplén;12;gimnázium;nő;nappali;magyar nyelv és irodalom;közép;rendes;Nem;magyar;2;37;37;megjelent;23;3;5;5;0;1;37;-;-;-;-
2020;1;Borsod-Abaúj-Zemplén;12;szakgimnázium/szakközépiskola (2016.09.01-től kifutó rendszerben);férfi;nappali;magyar nyelv és irodalom;közép;rendes;Nem;magyar;2;25;25;megjelent;23;0;0;0;0;2;25;-;-;-;-
2020;1;Borsod-Abaúj-Zemplén;12;gimnázium;nő;nappali;magyar nyelv és irodalom;közép;rendes;Nem;magyar;3;42;42;megjelent;17;3;10;7;5;0;42;-;-;-;-
2020;1;Borsod-Abaúj-Zemplén;12;szakgimnázium/szakközépiskola (2016.09.01-től kifutó rendszerben);férfi;nappali;magyar nyelv és irodalom;közép;rendes;Nem;magyar;4;60;60;megjelent;23;10;15;11;0;1;60;-;-;-;-
2020;1;Borsod-Abaúj-Zemplén;12;szakgimnázium/szakközépiskola (2016.09.01-től kifutó rendszerben);nő;nappali;magyar nyelv és irodalom;közép;rendes;Nem;magyar;3;52;52;megjelent;23;8;10;9;0;2;52;-;-;-;-
2020;1;Borsod-Abaúj-Zemplén;12;gimnázium;nő;nappali;magyar nyelv és irodalom;közép;rendes;Nem;magyar;3;42;42;megjelent;24;0;8;8;0;2;42;-;-;-;-
2020;1;Borsod-Abaúj-Zemplén;12;szakgimnázium/szakközépiskola (2016.09.01-től kifutó rendszerben);nő;nappali;magyar nyelv és irodalom;közép;rendes;Nem;magyar;3;42;42;megjelent;13;5;13;9;0;2;42;-;-;-;-
2020;1;Borsod-Abaúj-Zemplén;12;szakgimnázium/szakközépiskola (2016.09.01-től kifutó rendszerben);férfi;nappali;magyar nyelv és irodalom;közép;rendes;Nem;magyar;2;34;34;megjelent;22;3;0;0;8;1;34;-;-;-;-
2020;1;Borsod-Abaúj-Zemplén;12;gimnázium;férfi;nappali;magyar nyelv és irodalom;közép;rendes;Nem;magyar;3;48;48;megjelent;32;6;5;4;0;1;48;-;-;-;-
2020;1;Borsod-Abaúj-Zemplén;12;szakgimnázium/szakközépiskola (2016.09.01-től kifutó rendszerben);nő;nappali;magyar nyelv és irodalom;közép;rendes;Nem;magyar;3;40;40;megjelent;14;6;11;7;0;2;40;-;-;-;-
2020;1;Borsod-Abaúj-Zemplén;12;szakgimnázium/szakközépiskola (2016.09.01-től kifutó rendszerben);férfi;nappali;magyar nyelv és irodalom;közép;rendes;Nem;magyar;3;47;47;megjelent;27;3;5;4;7;1;47;-;-;-;-
2020;1;Borsod-Abaúj-Zemplén;12;szakgimnázium/szakközépiskola (2016.09.01-től kifutó rendszerben);férfi;nappali;magyar nyelv és irodalom;közép;rendes;Nem;magyar;4;61;61;megjelent;27;5;12;10;6;1;61;-;-;-;-
2020;1;Borsod-Abaúj-Zemplén;12;szakgimnázium/szakközépiskola (2016.09.01-től kifutó rendszerben);férfi;nappali;magyar nyelv és irodalom;közép;rendes;Nem;magyar;3;51;51;megjelent;35;3;6;6;0;1;51;-;-;-;-
2020;1;Borsod-Abaúj-Zemplén;12;szakgimnázium/szakközépiskola (2016.09.01-től kifutó rendszerben);férfi;nappali;magyar nyelv és irodalom;közép;rendes;Nem;magyar;4;62;62;megjelent;27;9;15;10;0;1;62;-;-;-;-
2020;1;Borsod-Abaúj-Zemplén;12;gimnázium;nő;nappali;magyar nyelv és irodalom;közép;rendes;Nem;magyar;5;80;80;megjelent;30;9;25;14;0;2;80;-;-;-;-
2020;1;Borsod-Abaúj-Zemplén;12;gimnázium;férfi;nappali;magyar nyelv és irodalom;közép;rendes;Nem;magyar;3;56;56;megjelent;26;4;15;10;0;1;56;-;-;-;-
2020;1;Borsod-Abaúj-Zemplén;12;gimnázium;nő;nappali;magyar nyelv és irodalom;közép;rendes;Nem;magyar;4;62;62;megjelent;28;8;16;8;1;1;62;-;-;-;-
2020;1;Borsod-Abaúj-Zemplén;12;gimnázium;nő;nappali;magyar nyelv és irodalom;közép;rendes;Nem;magyar;4;72;72;megjelent;29;10;14;11;6;2;72;-;-;-;-
2020;1;Borsod-Abaúj-Zemplén;12;szakgimnázium/szakközépiskola (2016.09.01-től kifutó rendszerben);nő;nappali;magyar nyelv és irodalom;közép;rendes;Nem;magyar;3;51;51;megjelent;21;6;13;8;1;2;51;-;-;-;-
2020;1;Borsod-Abaúj-Zemplén;12;szakgimnázium/szakközépiskola (2016.09.01-től kifutó rendszerben);nő;nappali;magyar nyelv és irodalom;közép;rendes;Nem;magyar;2;26;26;megjelent;14;0;4;4;3;1;26;-;-;-;-
2020;1;Borsod-Abaúj-Zemplén;12;gimnázium;férfi;nappali;magyar nyelv és irodalom;közép;rendes;Nem;magyar;3;54;54;megjelent;29;8;9;8;0;0;54;-;-;-;-
2020;1;Borsod-Abaúj-Zemplén;12;gimnázium;férfi;nappali;magyar nyelv és irodalom;közép;rendes;Nem;magyar;4;71;71;megjelent;32;6;15;11;5;2;71;-;-;-;-
2020;1;Borsod-Abaúj-Zemplén;12;gimnázium;férfi;nappali;magyar nyelv és irodalom;közép;rendes;Nem;magyar;4;64;64;megjelent;29;8;16;10;1;0;64;-;-;-;-
2020;1;Borsod-Abaúj-Zemplén;12;gimnázium;nő;nappali;magyar nyelv és irodalom;közép;rendes;Nem;magyar;3;53;53;megjelent;28;5;6;6;7;1;53;-;-;-;-
2020;1;Borsod-Abaúj-Zemplén;12;gimnázium;nő;nappali;magyar nyelv és irodalom;közép;rendes;Nem;magyar;5;85;85;megjelent;32;9;22;12;8;2;85;-;-;-;-
2020;1;Borsod-Abaúj-Zemplén;12;gimnázium;férfi;nappali;magyar nyelv és irodalom;közép;rendes;Nem;magyar;4;62;62;megjelent;26;7;17;11;0;1;62;-;-;-;-
2020;1;Borsod-Abaúj-Zemplén;12;gimnázium;nő;nappali;magyar nyelv és irodalom;közép;rendes;Nem;magyar;5;88;88;megjelent;34;9;21;14;8;2;88;-;-;-;-
2020;1;Borsod-Abaúj-Zemplén;12;gimnázium;férfi;nappali;magyar nyelv és irodalom;közép;rendes;Nem;magyar;5;87;87;megjelent;37;8;19;14;7;2;87;-;-;-;-
2020;1;Borsod-Abaúj-Zemplén;12;gimnázium;nő;nappali;magyar nyelv és irodalom;közép;rendes;Nem;magyar;3;54;54;megjelent;27;5;10;8;3;1;54;-;-;-;-
2020;1;Borsod-Abaúj-Zemplén;12;szakgimnázium/szakközépiskola (2016.09.01-től kifutó rendszerben);nő;nappali;magyar nyelv és irodalom;közép;rendes;Nem;magyar;3;52;52;megjelent;19;8;12;9;2;2;52;-;-;-;-
2020;1;Borsod-Abaúj-Zemplén;12;gimnázium;nő;nappali;magyar nyelv és irodalom;közép;rendes;Nem;magyar;2;29;29;megjelent;15;3;4;5;0;2;29;-;-;-;-
2020;1;Borsod-Abaúj-Zemplén;12;szakgimnázium/szakközépiskola (2016.09.01-től kifutó rendszerben);nő;nappali;magyar nyelv és irodalom;közép;rendes;Nem;magyar;4;66;66;megjelent;29;8;12;10;5;2;66;-;-;-;-
2020;1;Borsod-Abaúj-Zemplén;12;gimnázium;nő;nappali;magyar nyelv és irodalom;közép;rendes;Nem;magyar;4;74;74;megjelent;33;8;16;12;3;2;74;-;-;-;-
2020;1;Borsod-Abaúj-Zemplén;12;szakgimnázium/szakközépiskola (2016.09.01-től kifutó rendszerben);férfi;nappali;magyar nyelv és irodalom;közép;rendes;Nem;magyar;3;40;40;megjelent;24;7;3;5;0;1;40;-;-;-;-
2020;1;Borsod-Abaúj-Zemplén;12;gimnázium;nő;nappali;magyar nyelv és irodalom;közép;rendes;Nem;magyar;2;39;39;megjelent;26;7;0;0;5;1;39;-;-;-;-
2020;1;Borsod-Abaúj-Zemplén;12;szakgimnázium/szakközépiskola (2016.09.01-től kifutó rendszerben);férfi;nappali;magyar nyelv és irodalom;közép;rendes;Nem;magyar;4;66;66;megjelent;36;6;9;7;6;2;66;-;-;-;-
2020;1;Borsod-Abaúj-Zemplén;12;gimnázium;férfi;nappali;magyar nyelv és irodalom;közép;rendes;Nem;magyar;4;67;67;megjelent;33;9;16;9;0;0;67;-;-;-;-
2020;1;Borsod-Abaúj-Zemplén;12;szakgimnázium/szakközépiskola (2016.09.01-től kifutó rendszerben);férfi;nappali;magyar nyelv és irodalom;közép;rendes;Nem;magyar;4;61;61;megjelent;30;8;9;10;2;2;61;-;-;-;-
2020;1;Borsod-Abaúj-Zemplén;12;gimnázium;nő;nappali;magyar nyelv és irodalom;közép;rendes;Nem;magyar;3;48;48;megjelent;21;6;10;9;2;0;48;-;-;-;-
2020;1;Borsod-Abaúj-Zemplén;12;gimnázium;férfi;nappali;magyar nyelv és irodalom;közép;rendes;Nem;magyar;3;40;40;megjelent;22;3;6;8;0;1;40;-;-;-;-
2020;1;Borsod-Abaúj-Zemplén;12;gimnázium;férfi;nappali;magyar nyelv és irodalom;közép;rendes;Nem;magyar;4;65;65;megjelent;32;7;14;11;1;0;65;-;-;-;-
2020;1;Borsod-Abaúj-Zemplén;12;gimnázium;nő;nappali;magyar nyelv és irodalom;közép;rendes;Nem;magyar;4;69;69;megjelent;28;6;15;11;7;2;69;-;-;-;-
2020;1;Borsod-Abaúj-Zemplén;12;gimnázium;nő;nappali;magyar nyelv és irodalom;közép;rendes;Nem;magyar;3;57;57;megjelent;27;5;12;10;1;2;57;-;-;-;-
2020;1;Borsod-Abaúj-Zemplén;12;gimnázium;férfi;nappali;magyar nyelv és irodalom;közép;rendes;Nem;magyar;3;49;49;megjelent;23;5;10;9;2;0;49;-;-;-;-
2020;1;Borsod-Abaúj-Zemplén;12;gimnázium;nő;nappali;magyar nyelv és irodalom;közép;rendes;Nem;magyar;4;77;77;megjelent;27;10;19;14;6;1;77;-;-;-;-
2020;1;Borsod-Abaúj-Zemplén;12;gimnázium;férfi;nappali;magyar nyelv és irodalom;közép;rendes;Nem;magyar;4;68;68;megjelent;31;10;10;10;5;2;68;-;-;-;-
2020;1;Borsod-Abaúj-Zemplén;12;gimnázium;férfi;nappali;magyar nyelv és irodalom;közép;rendes;Igen;magyar;4;60;54;megjelent;26;8;12;8;0;0;54;-;-;-;-
2020;1;Borsod-Abaúj-Zemplén;12;gimnázium;nő;nappali;magyar nyelv és irodalom;közép;rendes;Nem;magyar;4;74;74;megjelent;34;8;19;11;0;2;74;-;-;-;-
2020;1;Borsod-Abaúj-Zemplén;12;gimnázium;nő;nappali;magyar nyelv és irodalom;közép;rendes;Nem;magyar;3;52;52;megjelent;18;8;16;9;1;0;52;-;-;-;-
2020;1;Borsod-Abaúj-Zemplén;12;gimnázium;férfi;nappali;magyar nyelv és irodalom;közép;rendes;Nem;magyar;3;44;44;megjelent;23;5;8;7;0;1;44;-;-;-;-
2020;1;Borsod-Abaúj-Zemplén;12;szakgimnázium/szakközépiskola (2016.09.01-től kifutó rendszerben);nő;nappali;magyar nyelv és irodalom;közép;rendes;Nem;magyar;4;70;70;megjelent;32;6;15;9;6;2;70;-;-;-;-
2020;1;Borsod-Abaúj-Zemplén;12;gimnázium;férfi;nappali;magyar nyelv és irodalom;közép;rendes;Nem;magyar;3;53;53;megjelent;24;6;12;8;3;0;53;-;-;-;-
2020;1;Borsod-Abaúj-Zemplén;12;gimnázium;férfi;nappali;magyar nyelv és irodalom;közép;rendes;Nem;magyar;4;64;64;megjelent;34;10;7;9;3;1;64;-;-;-;-
2020;1;Borsod-Abaúj-Zemplén;12;gimnázium;nő;nappali;magyar nyelv és irodalom;közép;rendes;Nem;magyar;4;60;60;megjelent;31;8;12;7;0;2;60;-;-;-;-
2020;1;Borsod-Abaúj-Zemplén;12;gimnázium;férfi;nappali;magyar nyelv és irodalom;közép;rendes;Nem;magyar;3;56;56;megjelent;27;7;13;9;0;0;56;-;-;-;-
2020;1;Borsod-Abaúj-Zemplén;12;gimnázium;nő;nappali;magyar nyelv és irodalom;közép;rendes;Nem;magyar;4;62;62;megjelent;23;5;16;11;6;1;62;-;-;-;-
2020;1;Borsod-Abaúj-Zemplén;12;gimnázium;férfi;nappali;magyar nyelv és irodalom;közép;rendes;Nem;magyar;3;43;43;megjelent;28;0;5;8;1;1;43;-;-;-;-
2020;1;Borsod-Abaúj-Zemplén;12;szakgimnázium/szakközépiskola (2016.09.01-től kifutó rendszerben);férfi;nappali;magyar nyelv és irodalom;közép;rendes;Igen;magyar;3;42;38;megjelent;29;4;3;2;0;0;38;-;-;-;-
2020;1;Borsod-Abaúj-Zemplén;12;szakgimnázium/szakközépiskola (2016.09.01-től kifutó rendszerben);férfi;nappali;magyar nyelv és irodalom;közép;rendes;Nem;magyar;3;51;51;megjelent;28;4;11;6;1;1;51;-;-;-;-
2020;1;Borsod-Abaúj-Zemplén;12;gimnázium;férfi;nappali;magyar nyelv és irodalom;közép;rendes;Nem;magyar;4;64;64;megjelent;31;7;12;9;5;0;64;-;-;-;-
2020;1;Borsod-Abaúj-Zemplén;12;szakgimnázium/szakközépiskola (2016.09.01-től kifutó rendszerben);férfi;nappali;magyar nyelv és irodalom;közép;rendes;Nem;magyar;3;53;53;megjelent;27;6;13;6;0;1;53;-;-;-;-
2020;1;Borsod-Abaúj-Zemplén;12;szakgimnázium/szakközépiskola (2016.09.01-től kifutó rendszerben);nő;nappali;magyar nyelv és irodalom;közép;rendes;Nem;magyar;5;81;81;megjelent;34;8;23;14;0;2;81;-;-;-;-
2020;1;Borsod-Abaúj-Zemplén;12;szakgimnázium/szakközépiskola (2016.09.01-től kifutó rendszerben);férfi;nappali;magyar nyelv és irodalom;közép;rendes;Nem;magyar;4;60;60;megjelent;28;7;15;9;0;1;60;-;-;-;-
2020;1;Borsod-Abaúj-Zemplén;12;szakgimnázium/szakközépiskola (2016.09.01-től kifutó rendszerben);férfi;nappali;magyar nyelv és irodalom;közép;rendes;Nem;magyar;5;80;80;megjelent;33;10;23;12;0;2;80;-;-;-;-
2020;1;Borsod-Abaúj-Zemplén;12;gimnázium;nő;nappali;magyar nyelv és irodalom;közép;rendes;Nem;magyar;4;69;69;megjelent;33;8;14;11;1;2;69;-;-;-;-
2020;1;Borsod-Abaúj-Zemplén;12;szakgimnázium/szakközépiskola (2016.09.01-től kifutó rendszerben);férfi;nappali;magyar nyelv és irodalom;közép;rendes;Nem;magyar;4;71;71;megjelent;35;9;16;9;0;2;71;-;-;-;-
2020;1;Borsod-Abaúj-Zemplén;12;gimnázium;nő;nappali;magyar nyelv és irodalom;közép;rendes;Nem;magyar;4;70;70;megjelent;30;5;16;10;7;2;70;-;-;-;-
2020;1;Borsod-Abaúj-Zemplén;12;szakgimnázium/szakközépiskola (2016.09.01-től kifutó rendszerben);nő;nappali;magyar nyelv és irodalom;közép;rendes;Nem;magyar;5;82;82;megjelent;34;10;17;13;6;2;82;-;-;-;-
2020;1;Borsod-Abaúj-Zemplén;12;gimnázium;nő;nappali;magyar nyelv és irodalom;közép;rendes;Nem;magyar;5;83;83;megjelent;34;9;19;13;6;2;83;-;-;-;-
2020;1;Borsod-Abaúj-Zemplén;12;szakgimnázium/szakközépiskola (2016.09.01-től kifutó rendszerben);férfi;nappali;magyar nyelv és irodalom;közép;rendes;Nem;magyar;4;68;68;megjelent;32;8;15;11;0;2;68;-;-;-;-
2020;1;Borsod-Abaúj-Zemplén;12;gimnázium;férfi;nappali;magyar nyelv és irodalom;közép;rendes;Nem;magyar;4;65;65;megjelent;30;8;18;8;0;1;65;-;-;-;-
2020;1;Borsod-Abaúj-Zemplén;12;gimnázium;férfi;nappali;magyar nyelv és irodalom;közép;rendes;Nem;magyar;5;82;82;megjelent;33;9;18;12;8;2;82;-;-;-;-
2020;1;Borsod-Abaúj-Zemplén;12;gimnázium;nő;nappali;magyar nyelv és irodalom;közép;rendes;Nem;magyar;3;52;52;megjelent;25;7;9;9;0;2;52;-;-;-;-
2020;1;Borsod-Abaúj-Zemplén;12;gimnázium;férfi;nappali;magyar nyelv és irodalom;közép;rendes;Nem;magyar;5;87;87;megjelent;35;10;19;13;8;2;87;-;-;-;-
2020;1;Borsod-Abaúj-Zemplén;12;gimnázium;férfi;nappali;magyar nyelv és irodalom;közép;rendes;Nem;magyar;5;80;80;megjelent;33;8;24;13;0;2;80;-;-;-;-
2020;1;Borsod-Abaúj-Zemplén;12;gimnázium;nő;nappali;magyar nyelv és irodalom;közép;rendes;Nem;magyar;4;75;75;megjelent;36;9;14;11;4;1;75;-;-;-;-
2020;1;Borsod-Abaúj-Zemplén;12;gimnázium;férfi;nappali;magyar nyelv és irodalom;közép;rendes;Nem;magyar;4;62;62;megjelent;30;8;14;9;0;1;62;-;-;-;-
2020;1;Borsod-Abaúj-Zemplén;12;gimnázium;férfi;nappali;magyar nyelv és irodalom;közép;rendes;Nem;magyar;4;68;68;megjelent;34;8;15;7;4;0;68;-;-;-;-
2020;1;Borsod-Abaúj-Zemplén;12;szakgimnázium/szakközépiskola (2016.09.01-től kifutó rendszerben);nő;nappali;magyar nyelv és irodalom;közép;rendes;Nem;magyar;5;87;87;megjelent;35;10;19;14;7;2;87;-;-;-;-
2020;1;Borsod-Abaúj-Zemplén;12;gimnázium;férfi;nappali;magyar nyelv és irodalom;közép;rendes;Nem;magyar;5;85;85;megjelent;35;9;19;13;7;2;85;-;-;-;-
2020;1;Borsod-Abaúj-Zemplén;12;gimnázium;nő;nappali;magyar nyelv és irodalom;közép;rendes;Nem;magyar;5;81;81;megjelent;29;10;19;14;7;2;81;-;-;-;-
2020;1;Borsod-Abaúj-Zemplén;12;gimnázium;nő;nappali;magyar nyelv és irodalom;közép;rendes;Nem;magyar;5;82;82;megjelent;36;7;21;12;4;2;82;-;-;-;-
2020;1;Borsod-Abaúj-Zemplén;12;gimnázium;nő;nappali;magyar nyelv és irodalom;közép;rendes;Nem;magyar;3;47;47;megjelent;23;8;8;7;0;1;47;-;-;-;-
2020;1;Borsod-Abaúj-Zemplén;12;gimnázium;férfi;nappali;magyar nyelv és irodalom;közép;rendes;Nem;magyar;5;80;80;megjelent;34;10;19;13;3;1;80;-;-;-;-
2020;1;Borsod-Abaúj-Zemplén;12;gimnázium;férfi;nappali;magyar nyelv és irodalom;közép;rendes;Nem;magyar;3;54;54;megjelent;23;8;14;8;0;1;54;-;-;-;-
2020;1;Borsod-Abaúj-Zemplén;12;szakgimnázium/szakközépiskola (2016.09.01-től kifutó rendszerben);férfi;nappali;magyar nyelv és irodalom;közép;rendes;Nem;magyar;4;61;61;megjelent;26;8;16;11;0;0;61;-;-;-;-
2020;1;Borsod-Abaúj-Zemplén;12;gimnázium;nő;nappali;magyar nyelv és irodalom;közép;rendes;Nem;magyar;4;66;66;megjelent;26;10;14;9;5;2;66;-;-;-;-
2020;1;Borsod-Abaúj-Zemplén;12;gimnázium;nő;nappali;magyar nyelv és irodalom;közép;rendes;Nem;magyar;5;85;85;megjelent;33;10;19;15;6;2;85;-;-;-;-
2020;1;Borsod-Abaúj-Zemplén;12;gimnázium;férfi;nappali;magyar nyelv és irodalom;közép;rendes;Nem;magyar;4;60;60;megjelent;29;7;16;8;0;0;60;-;-;-;-
2020;1;Borsod-Abaúj-Zemplén;12;gimnázium;férfi;nappali;magyar nyelv és irodalom;közép;rendes;Nem;magyar;4;73;73;megjelent;30;10;18;14;0;1;73;-;-;-;-
2020;1;Borsod-Abaúj-Zemplén;12;gimnázium;nő;nappali;magyar nyelv és irodalom;közép;rendes;Nem;magyar;5;80;80;megjelent;37;9;19;13;0;2;80;-;-;-;-
2020;1;Borsod-Abaúj-Zemplén;12;gimnázium;nő;nappali;magyar nyelv és irodalom;közép;rendes;Nem;magyar;5;91;91;megjelent;34;10;22;15;8;2;91;-;-;-;-
2020;1;Borsod-Abaúj-Zemplén;12;gimnázium;férfi;nappali;magyar nyelv és irodalom;közép;rendes;Nem;magyar;5;80;80;megjelent;31;10;22;15;0;2;80;-;-;-;-
2020;1;Borsod-Abaúj-Zemplén;12;gimnázium;férfi;nappali;magyar nyelv és irodalom;közép;rendes;Nem;magyar;4;62;62;megjelent;27;9;14;12;0;0;62;-;-;-;-
2020;1;Borsod-Abaúj-Zemplén;12;gimnázium;nő;nappali;magyar nyelv és irodalom;közép;rendes;Nem;magyar;5;80;80;megjelent;33;9;22;14;0;2;80;-;-;-;-
2020;1;Borsod-Abaúj-Zemplén;12;szakgimnázium/szakközépiskola (2016.09.01-től kifutó rendszerben);férfi;nappali;magyar nyelv és irodalom;közép;rendes;Nem;magyar;2;38;38;megjelent;25;4;3;5;0;1;38;-;-;-;-
2020;1;Borsod-Abaúj-Zemplén;12;szakgimnázium/szakközépiskola (2016.09.01-től kifutó rendszerben);férfi;nappali;magyar nyelv és irodalom;közép;rendes;Nem;magyar;3;47;47;megjelent;27;6;5;8;0;1;47;-;-;-;-
2020;1;Borsod-Abaúj-Zemplén;12;szakgimnázium/szakközépiskola (2016.09.01-től kifutó rendszerben);férfi;nappali;magyar nyelv és irodalom;közép;rendes;Nem;magyar;2;36;36;megjelent;22;4;3;6;0;1;36;-;-;-;-
2020;1;Borsod-Abaúj-Zemplén;12;szakgimnázium/szakközépiskola (2016.09.01-től kifutó rendszerben);férfi;nappali;magyar nyelv és irodalom;közép;rendes;Nem;magyar;2;35;35;megjelent;25;4;3;3;0;0;35;-;-;-;-
2020;1;Borsod-Abaúj-Zemplén;12;gimnázium;férfi;nappali;magyar nyelv és irodalom;közép;rendes;Nem;magyar;3;55;55;megjelent;22;6;14;9;3;1;55;-;-;-;-
2020;1;Borsod-Abaúj-Zemplén;12;gimnázium;férfi;nappali;magyar nyelv és irodalom;közép;rendes;Igen;magyar;4;65;59;megjelent;29;6;14;10;0;0;59;-;-;-;-
2020;1;Borsod-Abaúj-Zemplén;12;gimnázium;férfi;nappali;magyar nyelv és irodalom;közép;rendes;Nem;magyar;5;80;80;megjelent;33;8;25;13;0;1;80;-;-;-;-
2020;1;Borsod-Abaúj-Zemplén;12;gimnázium;nő;nappali;magyar nyelv és irodalom;közép;rendes;Nem;magyar;4;60;60;megjelent;27;6;17;10;0;0;60;-;-;-;-
2020;1;Borsod-Abaúj-Zemplén;12;gimnázium;férfi;nappali;magyar nyelv és irodalom;közép;rendes;Nem;magyar;4;74;74;megjelent;33;7;20;13;0;1;74;-;-;-;-
2020;1;Borsod-Abaúj-Zemplén;12;gimnázium;nő;nappali;magyar nyelv és irodalom;közép;rendes;Nem;magyar;5;83;83;megjelent;36;9;23;13;0;2;83;-;-;-;-
2020;1;Borsod-Abaúj-Zemplén;12;gimnázium;nő;nappali;magyar nyelv és irodalom;közép;rendes;Nem;magyar;5;82;82;megjelent;33;8;22;13;5;1;82;-;-;-;-
2020;1;Borsod-Abaúj-Zemplén;12;gimnázium;férfi;nappali;magyar nyelv és irodalom;közép;rendes;Nem;magyar;3;40;40;megjelent;29;3;5;3;0;0;40;-;-;-;-
2020;1;Borsod-Abaúj-Zemplén;12;gimnázium;férfi;nappali;magyar nyelv és irodalom;közép;rendes;Nem;magyar;3;51;51;megjelent;30;2;12;6;1;0;51;-;-;-;-
2020;1;Borsod-Abaúj-Zemplén;12;szakgimnázium/szakközépiskola (2016.09.01-től kifutó rendszerben);férfi;nappali;magyar nyelv és irodalom;közép;rendes;Nem;magyar;3;56;56;megjelent;25;8;10;9;2;2;56;-;-;-;-
2020;1;Borsod-Abaúj-Zemplén;12;gimnázium;férfi;nappali;magyar nyelv és irodalom;közép;rendes;Nem;magyar;4;75;75;megjelent;34;7;23;10;0;1;75;-;-;-;-
2020;1;Borsod-Abaúj-Zemplén;12;gimnázium;férfi;nappali;magyar nyelv és irodalom;közép;rendes;Nem;magyar;4;62;62;megjelent;27;7;17;9;2;0;62;-;-;-;-
2020;1;Borsod-Abaúj-Zemplén;12;gimnázium;férfi;nappali;magyar nyelv és irodalom;közép;rendes;Nem;magyar;4;69;69;megjelent;35;8;15;9;1;1;69;-;-;-;-
2020;1;Borsod-Abaúj-Zemplén;12;gimnázium;nő;nappali;magyar nyelv és irodalom;közép;rendes;Nem;magyar;4;75;75;megjelent;35;8;18;12;0;2;75;-;-;-;-
2020;1;Borsod-Abaúj-Zemplén;12;gimnázium;férfi;nappali;magyar nyelv és irodalom;közép;rendes;Nem;magyar;4;61;61;megjelent;35;6;11;7;0;2;61;-;-;-;-
2020;1;Borsod-Abaúj-Zemplén;12;gimnázium;férfi;nappali;magyar nyelv és irodalom;közép;rendes;Nem;magyar;4;71;71;megjelent;33;7;18;12;0;1;71;-;-;-;-
2020;1;Borsod-Abaúj-Zemplén;12;szakgimnázium/szakközépiskola (2016.09.01-től kifutó rendszerben);férfi;nappali;magyar nyelv és irodalom;közép;rendes;Nem;magyar;2;38;38;megjelent;25;4;5;4;0;0;38;-;-;-;-
2020;1;Borsod-Abaúj-Zemplén;12;gimnázium;férfi;nappali;magyar nyelv és irodalom;közép;rendes;Nem;magyar;5;94;94;megjelent;37;10;23;15;7;2;94;-;-;-;-
2020;1;Borsod-Abaúj-Zemplén;12;gimnázium;férfi;nappali;magyar nyelv és irodalom;közép;rendes;Nem;magyar;5;84;84;megjelent;33;9;22;13;6;1;84;-;-;-;-
2020;1;Borsod-Abaúj-Zemplén;12;gimnázium;nő;nappali;magyar nyelv és irodalom;közép;rendes;Nem;magyar;5;87;87;megjelent;38;8;19;15;5;2;87;-;-;-;-
2020;1;Borsod-Abaúj-Zemplén;12;gimnázium;nő;nappali;magyar nyelv és irodalom;közép;rendes;Nem;magyar;5;87;87;megjelent;35;9;20;14;7;2;87;-;-;-;-
2020;1;Borsod-Abaúj-Zemplén;12;gimnázium;nő;nappali;magyar nyelv és irodalom;közép;rendes;Nem;magyar;5;90;90;megjelent;36;10;22;15;5;2;90;-;-;-;-
2020;1;Borsod-Abaúj-Zemplén;12;gimnázium;nő;nappali;magyar nyelv és irodalom;közép;rendes;Nem;magyar;5;95;95;megjelent;37;10;23;15;8;2;95;-;-;-;-
2020;1;Borsod-Abaúj-Zemplén;12;gimnázium;nő;nappali;magyar nyelv és irodalom;közép;rendes;Nem;magyar;5;91;91;megjelent;37;10;22;12;8;2;91;-;-;-;-
2020;1;Borsod-Abaúj-Zemplén;12;gimnázium;férfi;nappali;magyar nyelv és irodalom;közép;rendes;Nem;magyar;5;84;84;megjelent;36;10;22;13;1;2;84;-;-;-;-
2020;1;Borsod-Abaúj-Zemplén;12;gimnázium;férfi;nappali;magyar nyelv és irodalom;közép;rendes;Nem;magyar;4;69;69;megjelent;35;8;15;11;0;0;69;-;-;-;-
2020;1;Borsod-Abaúj-Zemplén;12;gimnázium;nő;nappali;magyar nyelv és irodalom;közép;rendes;Nem;magyar;5;94;94;megjelent;36;10;25;15;7;1;94;-;-;-;-
2020;1;Borsod-Abaúj-Zemplén;12;gimnázium;férfi;nappali;magyar nyelv és irodalom;közép;rendes;Nem;magyar;4;63;63;megjelent;31;5;10;9;6;2;63;-;-;-;-
2020;1;Borsod-Abaúj-Zemplén;12;gimnázium;nő;nappali;magyar nyelv és irodalom;közép;rendes;Nem;magyar;5;96;96;megjelent;37;10;24;15;8;2;96;-;-;-;-
2020;1;Borsod-Abaúj-Zemplén;12;gimnázium;nő;nappali;magyar nyelv és irodalom;közép;rendes;Nem;magyar;5;86;86;megjelent;32;10;21;15;6;2;86;-;-;-;-
2020;1;Borsod-Abaúj-Zemplén;12;gimnázium;nő;nappali;magyar nyelv és irodalom;közép;rendes;Nem;magyar;5;99;99;megjelent;39;10;25;15;8;2;99;-;-;-;-
2020;1;Borsod-Abaúj-Zemplén;12;gimnázium;nő;nappali;magyar nyelv és irodalom;közép;rendes;Nem;magyar;4;64;64;megjelent;32;8;14;9;0;1;64;-;-;-;-
2020;1;Borsod-Abaúj-Zemplén;12;gimnázium;nő;nappali;magyar nyelv és irodalom;közép;rendes;Nem;magyar;5;93;93;megjelent;33;10;25;15;8;2;93;-;-;-;-
2020;1;Borsod-Abaúj-Zemplén;12;gimnázium;nő;nappali;magyar nyelv és irodalom;közép;rendes;Nem;magyar;5;83;83;megjelent;34;9;17;14;7;2;83;-;-;-;-
2020;1;Borsod-Abaúj-Zemplén;12;gimnázium;férfi;nappali;magyar nyelv és irodalom;közép;rendes;Nem;magyar;5;81;81;megjelent;33;10;22;12;3;1;81;-;-;-;-
2020;1;Borsod-Abaúj-Zemplén;12;gimnázium;nő;nappali;magyar nyelv és irodalom;közép;rendes;Nem;magyar;5;84;84;megjelent;30;7;25;14;6;2;84;-;-;-;-
2020;1;Borsod-Abaúj-Zemplén;12;gimnázium;nő;nappali;magyar nyelv és irodalom;közép;rendes;Nem;magyar;5;88;88;megjelent;35;9;20;14;8;2;88;-;-;-;-
2020;1;Borsod-Abaúj-Zemplén;12;gimnázium;nő;nappali;magyar nyelv és irodalom;közép;rendes;Nem;magyar;5;95;95;megjelent;36;10;25;15;7;2;95;-;-;-;-
2020;1;Borsod-Abaúj-Zemplén;12;gimnázium;nő;nappali;magyar nyelv és irodalom;közép;rendes;Nem;magyar;5;92;92;megjelent;35;10;22;15;8;2;92;-;-;-;-
2020;1;Borsod-Abaúj-Zemplén;12;gimnázium;nő;nappali;magyar nyelv és irodalom;közép;rendes;Nem;magyar;5;82;82;megjelent;36;6;19;14;5;2;82;-;-;-;-
2020;1;Borsod-Abaúj-Zemplén;12;gimnázium;nő;nappali;magyar nyelv és irodalom;közép;rendes;Nem;magyar;5;88;88;megjelent;36;9;23;14;4;2;88;-;-;-;-
2020;1;Borsod-Abaúj-Zemplén;12;gimnázium;férfi;nappali;magyar nyelv és irodalom;közép;rendes;Nem;magyar;4;72;72;megjelent;36;8;18;6;3;1;72;-;-;-;-
2020;1;Borsod-Abaúj-Zemplén;12;gimnázium;nő;nappali;magyar nyelv és irodalom;közép;rendes;Nem;magyar;5;89;89;megjelent;33;9;23;15;7;2;89;-;-;-;-
2020;1;Borsod-Abaúj-Zemplén;12;gimnázium;nő;nappali;magyar nyelv és irodalom;közép;rendes;Nem;magyar;5;89;89;megjelent;37;10;25;15;0;2;89;-;-;-;-
2020;1;Borsod-Abaúj-Zemplén;12;gimnázium;nő;nappali;magyar nyelv és irodalom;közép;rendes;Nem;magyar;5;82;82;megjelent;32;8;19;15;6;2;82;-;-;-;-
2020;1;Borsod-Abaúj-Zemplén;12;gimnázium;nő;nappali;magyar nyelv és irodalom;közép;rendes;Nem;magyar;5;86;86;megjelent;32;10;19;15;8;2;86;-;-;-;-
2020;1;Borsod-Abaúj-Zemplén;12;gimnázium;nő;nappali;magyar nyelv és irodalom;közép;rendes;Nem;magyar;5;84;84;megjelent;36;8;19;13;6;2;84;-;-;-;-
2020;1;Borsod-Abaúj-Zemplén;12;gimnázium;nő;nappali;magyar nyelv és irodalom;közép;rendes;Nem;magyar;5;82;82;megjelent;33;10;16;15;6;2;82;-;-;-;-
2020;1;Borsod-Abaúj-Zemplén;12;gimnázium;férfi;nappali;magyar nyelv és irodalom;közép;rendes;Nem;magyar;4;62;62;megjelent;28;8;14;10;0;2;62;-;-;-;-
2020;1;Borsod-Abaúj-Zemplén;12;gimnázium;férfi;nappali;magyar nyelv és irodalom;közép;rendes;Nem;magyar;3;51;51;megjelent;26;7;14;3;0;1;51;-;-;-;-
2020;1;Borsod-Abaúj-Zemplén;12;gimnázium;nő;nappali;magyar nyelv és irodalom;közép;rendes;Nem;magyar;5;80;80;megjelent;34;9;21;14;0;2;80;-;-;-;-
2020;1;Borsod-Abaúj-Zemplén;12;gimnázium;nő;nappali;magyar nyelv és irodalom;közép;rendes;Nem;magyar;3;40;40;megjelent;17;6;7;8;0;2;40;-;-;-;-
2020;1;Borsod-Abaúj-Zemplén;12;gimnázium;nő;nappali;magyar nyelv és irodalom;közép;rendes;Nem;magyar;4;75;75;megjelent;34;8;15;12;4;2;75;-;-;-;-
2020;1;Borsod-Abaúj-Zemplén;12;gimnázium;nő;nappali;magyar nyelv és irodalom;közép;rendes;Nem;magyar;4;62;62;megjelent;25;9;15;11;0;2;62;-;-;-;-
2020;1;Borsod-Abaúj-Zemplén;12;gimnázium;férfi;nappali;magyar nyelv és irodalom;közép;rendes;Nem;magyar;5;93;93;megjelent;35;10;25;15;6;2;93;-;-;-;-
2020;1;Borsod-Abaúj-Zemplén;12;gimnázium;férfi;nappali;magyar nyelv és irodalom;közép;rendes;Nem;magyar;4;61;61;megjelent;29;6;14;11;0;1;61;-;-;-;-
2020;1;Borsod-Abaúj-Zemplén;12;gimnázium;férfi;nappali;magyar nyelv és irodalom;közép;rendes;Nem;magyar;4;67;67;megjelent;25;10;18;12;0;2;67;-;-;-;-
2020;1;Borsod-Abaúj-Zemplén;12;gimnázium;férfi;nappali;magyar nyelv és irodalom;közép;rendes;Nem;magyar;3;52;52;megjelent;22;8;10;10;0;2;52;-;-;-;-
2020;1;Borsod-Abaúj-Zemplén;12;gimnázium;férfi;nappali;magyar nyelv és irodalom;közép;rendes;Nem;magyar;4;73;73;megjelent;29;9;18;14;1;2;73;-;-;-;-
2020;1;Borsod-Abaúj-Zemplén;12;gimnázium;férfi;nappali;magyar nyelv és irodalom;közép;rendes;Nem;magyar;4;74;74;megjelent;28;9;17;14;4;2;74;-;-;-;-
2020;1;Borsod-Abaúj-Zemplén;12;gimnázium;nő;nappali;magyar nyelv és irodalom;közép;rendes;Nem;magyar;5;89;89;megjelent;35;10;22;14;7;1;89;-;-;-;-
2020;1;Borsod-Abaúj-Zemplén;12;gimnázium;férfi;nappali;magyar nyelv és irodalom;közép;rendes;Nem;magyar;5;85;85;megjelent;33;10;19;14;7;2;85;-;-;-;-
2020;1;Borsod-Abaúj-Zemplén;12;gimnázium;nő;nappali;magyar nyelv és irodalom;közép;rendes;Nem;magyar;5;100;100;megjelent;40;10;25;15;8;2;100;-;-;-;-
2020;1;Borsod-Abaúj-Zemplén;12;gimnázium;nő;nappali;magyar nyelv és irodalom;közép;rendes;Nem;magyar;5;92;92;megjelent;34;10;23;15;8;2;92;-;-;-;-
2020;1;Borsod-Abaúj-Zemplén;12;gimnázium;férfi;nappali;magyar nyelv és irodalom;közép;rendes;Nem;magyar;5;89;89;megjelent;33;10;22;15;7;2;89;-;-;-;-
2020;1;Borsod-Abaúj-Zemplén;12;szakgimnázium/szakközépiskola (2016.09.01-től kifutó rendszerben);nő;nappali;magyar nyelv és irodalom;közép;rendes;Nem;magyar;3;55;55;megjelent;24;8;14;7;0;2;55;-;-;-;-
2020;1;Borsod-Abaúj-Zemplén;12;gimnázium;nő;nappali;magyar nyelv és irodalom;közép;rendes;Nem;magyar;5;81;81;megjelent;29;10;18;14;8;2;81;-;-;-;-
2020;1;Borsod-Abaúj-Zemplén;12;szakgimnázium/szakközépiskola (2016.09.01-től kifutó rendszerben);nő;nappali;magyar nyelv és irodalom;közép;rendes;Nem;magyar;3;57;57;megjelent;24;5;14;8;4;2;57;-;-;-;-
2020;1;Borsod-Abaúj-Zemplén;12;szakgimnázium/szakközépiskola (2016.09.01-től kifutó rendszerben);nő;nappali;magyar nyelv és irodalom;közép;rendes;Nem;magyar;3;51;51;megjelent;27;5;9;8;0;2;51;-;-;-;-
2020;1;Borsod-Abaúj-Zemplén;12;szakgimnázium/szakközépiskola (2016.09.01-től kifutó rendszerben);nő;nappali;magyar nyelv és irodalom;közép;rendes;Nem;magyar;5;82;82;megjelent;34;9;19;14;4;2;82;-;-;-;-
2020;1;Borsod-Abaúj-Zemplén;12;szakgimnázium/szakközépiskola (2016.09.01-től kifutó rendszerben);nő;nappali;magyar nyelv és irodalom;közép;rendes;Nem;magyar;4;69;69;megjelent;29;4;19;12;3;2;69;-;-;-;-
2020;1;Borsod-Abaúj-Zemplén;12;gimnázium;nő;nappali;magyar nyelv és irodalom;közép;rendes;Nem;magyar;5;91;91;megjelent;34;10;24;15;6;2;91;-;-;-;-
2020;1;Borsod-Abaúj-Zemplén;12;szakgimnázium/szakközépiskola (2016.09.01-től kifutó rendszerben);férfi;nappali;magyar nyelv és irodalom;közép;rendes;Nem;magyar;3;53;53;megjelent;27;6;10;9;0;1;53;-;-;-;-
2020;1;Borsod-Abaúj-Zemplén;12;gimnázium;nő;nappali;magyar nyelv és irodalom;közép;rendes;Nem;magyar;5;81;81;megjelent;34;10;20;15;0;2;81;-;-;-;-
2020;1;Borsod-Abaúj-Zemplén;12;gimnázium;férfi;nappali;magyar nyelv és irodalom;közép;rendes;Nem;magyar;3;44;44;megjelent;25;6;9;3;0;1;44;-;-;-;-
2020;1;Borsod-Abaúj-Zemplén;12;szakgimnázium/szakközépiskola (2016.09.01-től kifutó rendszerben);férfi;nappali;magyar nyelv és irodalom;közép;rendes;Nem;magyar;3;49;49;megjelent;29;6;7;5;1;1;49;-;-;-;-
2020;1;Borsod-Abaúj-Zemplén;12;gimnázium;nő;nappali;magyar nyelv és irodalom;közép;rendes;Nem;magyar;5;87;87;megjelent;32;10;22;14;7;2;87;-;-;-;-
2020;1;Borsod-Abaúj-Zemplén;12;szakgimnázium/szakközépiskola (2016.09.01-től kifutó rendszerben);nő;nappali;magyar nyelv és irodalom;közép;rendes;Nem;magyar;4;63;63;megjelent;19;5;17;12;8;2;63;-;-;-;-
2020;1;Borsod-Abaúj-Zemplén;12;gimnázium;nő;nappali;magyar nyelv és irodalom;közép;rendes;Nem;magyar;5;87;87;megjelent;35;10;22;14;4;2;87;-;-;-;-
2020;1;Borsod-Abaúj-Zemplén;12;szakgimnázium/szakközépiskola (2016.09.01-től kifutó rendszerben);nő;nappali;magyar nyelv és irodalom;közép;rendes;Nem;magyar;4;61;61;megjelent;25;5;16;13;0;2;61;-;-;-;-
2020;1;Borsod-Abaúj-Zemplén;12;szakgimnázium/szakközépiskola (2016.09.01-től kifutó rendszerben);nő;nappali;magyar nyelv és irodalom;közép;rendes;Nem;magyar;5;84;84;megjelent;35;8;22;14;4;1;84;-;-;-;-
2020;1;Borsod-Abaúj-Zemplén;12;szakgimnázium/szakközépiskola (2016.09.01-től kifutó rendszerben);nő;nappali;magyar nyelv és irodalom;közép;rendes;Nem;magyar;4;61;61;megjelent;25;5;17;12;0;2;61;-;-;-;-
2020;1;Borsod-Abaúj-Zemplén;12;szakgimnázium/szakközépiskola (2016.09.01-től kifutó rendszerben);nő;nappali;magyar nyelv és irodalom;közép;rendes;Nem;magyar;4;62;62;megjelent;30;6;15;10;0;1;62;-;-;-;-
2020;1;Borsod-Abaúj-Zemplén;12;szakgimnázium/szakközépiskola (2016.09.01-től kifutó rendszerben);nő;nappali;magyar nyelv és irodalom;közép;rendes;Igen;magyar;5;90;45;megjelent;-;-;-;-;-;-;-;22;8;15;45
2020;1;Borsod-Abaúj-Zemplén;12;szakgimnázium/szakközépiskola (2016.09.01-től kifutó rendszerben);nő;nappali;magyar nyelv és irodalom;közép;rendes;Nem;magyar;4;75;75;megjelent;26;8;19;14;7;1;75;-;-;-;-
2020;1;Borsod-Abaúj-Zemplén;12;szakgimnázium/szakközépiskola (2016.09.01-től kifutó rendszerben);nő;nappali;magyar nyelv és irodalom;közép;rendes;Nem;magyar;5;85;85;megjelent;35;10;19;14;5;2;85;-;-;-;-
2020;1;Borsod-Abaúj-Zemplén;12;szakgimnázium/szakközépiskola (2016.09.01-től kifutó rendszerben);nő;nappali;magyar nyelv és irodalom;közép;rendes;Igen;magyar;4;68;62;megjelent;30;7;16;9;0;0;62;-;-;-;-
2020;1;Borsod-Abaúj-Zemplén;12;gimnázium;férfi;nappali;magyar nyelv és irodalom;közép;rendes;Nem;magyar;5;80;80;megjelent;32;10;21;15;0;2;80;-;-;-;-
2020;1;Borsod-Abaúj-Zemplén;12;gimnázium;férfi;nappali;magyar nyelv és irodalom;közép;rendes;Nem;magyar;5;80;80;megjelent;30;10;21;14;3;2;80;-;-;-;-
2020;1;Borsod-Abaúj-Zemplén;12;szakgimnázium/szakközépiskola (2016.09.01-től kifutó rendszerben);nő;nappali;magyar nyelv és irodalom;közép;rendes;Nem;magyar;5;89;89;megjelent;36;10;24;14;3;2;89;-;-;-;-
2020;1;Borsod-Abaúj-Zemplén;12;gimnázium;nő;nappali;magyar nyelv és irodalom;közép;rendes;Nem;magyar;4;67;67;megjelent;27;9;12;11;6;2;67;-;-;-;-
2020;1;Borsod-Abaúj-Zemplén;12;gimnázium;nő;nappali;magyar nyelv és irodalom;közép;rendes;Nem;magyar;4;67;67;megjelent;33;3;11;12;6;2;67;-;-;-;-
2020;1;Borsod-Abaúj-Zemplén;12;gimnázium;nő;nappali;magyar nyelv és irodalom;közép;rendes;Nem;magyar;3;48;48;megjelent;20;6;7;8;5;2;48;-;-;-;-
2020;1;Borsod-Abaúj-Zemplén;12;gimnázium;férfi;nappali;magyar nyelv és irodalom;közép;rendes;Nem;magyar;4;62;62;megjelent;28;6;10;11;5;2;62;-;-;-;-
2020;1;Borsod-Abaúj-Zemplén;12;gimnázium;nő;nappali;magyar nyelv és irodalom;közép;rendes;Nem;magyar;4;64;64;megjelent;28;7;11;12;4;2;64;-;-;-;-
2020;1;Borsod-Abaúj-Zemplén;12;gimnázium;férfi;nappali;magyar nyelv és irodalom;közép;rendes;Nem;magyar;4;65;65;megjelent;29;8;10;11;5;2;65;-;-;-;-
2020;1;Borsod-Abaúj-Zemplén;12;gimnázium;férfi;nappali;magyar nyelv és irodalom;közép;rendes;Nem;magyar;4;61;61;megjelent;32;8;11;9;0;1;61;-;-;-;-
2020;1;Borsod-Abaúj-Zemplén;13;szakközép;férfi;nappali;magyar nyelv és irodalom;közép;rendes;Nem;magyar;3;52;52;megjelent;27;7;10;8;0;0;52;-;-;-;-
2020;1;Borsod-Abaúj-Zemplén;12;szakgimnázium/szakközépiskola (2016.09.01-től kifutó rendszerben);férfi;nappali;magyar nyelv és irodalom;közép;rendes;Igen;magyar;1;10;10;megjelent;10;0;0;0;0;0;10;-;-;-;-
2020;1;Borsod-Abaúj-Zemplén;12;szakgimnázium/szakközépiskola (2016.09.01-től kifutó rendszerben);nő;nappali;magyar nyelv és irodalom;közép;rendes;Nem;magyar;2;32;32;megjelent;13;4;10;4;0;1;32;-;-;-;-
2020;1;Borsod-Abaúj-Zemplén;12;szakgimnázium/szakközépiskola (2016.09.01-től kifutó rendszerben);férfi;nappali;magyar nyelv és irodalom;közép;rendes;Nem;magyar;3;45;45;megjelent;18;6;13;7;0;1;45;-;-;-;-
2020;1;Borsod-Abaúj-Zemplén;12;szakgimnázium/szakközépiskola (2016.09.01-től kifutó rendszerben);nő;nappali;magyar nyelv és irodalom;közép;rendes;Nem;magyar;4;75;75;megjelent;34;7;20;12;0;2;75;-;-;-;-
2020;1;Borsod-Abaúj-Zemplén;12;szakgimnázium/szakközépiskola (2016.09.01-től kifutó rendszerben);férfi;nappali;magyar nyelv és irodalom;közép;rendes;Nem;magyar;3;44;44;megjelent;28;3;5;7;0;1;44;-;-;-;-
2020;1;Borsod-Abaúj-Zemplén;12;gimnázium;nő;nappali;magyar nyelv és irodalom;közép;rendes;Nem;magyar;4;65;65;megjelent;28;9;15;11;0;2;65;-;-;-;-
2020;1;Borsod-Abaúj-Zemplén;12;szakgimnázium/szakközépiskola (2016.09.01-től kifutó rendszerben);nő;nappali;magyar nyelv és irodalom;közép;rendes;Nem;magyar;5;80;80;megjelent;30;9;25;14;0;2;80;-;-;-;-
2020;1;Borsod-Abaúj-Zemplén;12;szakgimnázium/szakközépiskola (2016.09.01-től kifutó rendszerben);nő;nappali;magyar nyelv és irodalom;közép;rendes;Nem;magyar;4;76;76;megjelent;29;9;23;13;0;2;76;-;-;-;-
2020;1;Borsod-Abaúj-Zemplén;12;szakgimnázium/szakközépiskola (2016.09.01-től kifutó rendszerben);férfi;nappali;magyar nyelv és irodalom;közép;rendes;Nem;magyar;2;35;35;megjelent;18;5;6;5;0;1;35;-;-;-;-
2020;1;Borsod-Abaúj-Zemplén;12;szakgimnázium/szakközépiskola (2016.09.01-től kifutó rendszerben);férfi;nappali;magyar nyelv és irodalom;közép;rendes;Nem;magyar;4;73;73;megjelent;33;8;22;8;0;2;73;-;-;-;-
2020;1;Borsod-Abaúj-Zemplén;12;szakgimnázium/szakközépiskola (2016.09.01-től kifutó rendszerben);férfi;nappali;magyar nyelv és irodalom;közép;rendes;Nem;magyar;5;82;82;megjelent;32;10;21;14;4;1;82;-;-;-;-
2020;1;Borsod-Abaúj-Zemplén;12;szakgimnázium/szakközépiskola (2016.09.01-től kifutó rendszerben);férfi;nappali;magyar nyelv és irodalom;közép;rendes;Nem;magyar;4;67;67;megjelent;27;7;21;11;0;1;67;-;-;-;-
2020;1;Borsod-Abaúj-Zemplén;12;szakgimnázium/szakközépiskola (2016.09.01-től kifutó rendszerben);nő;nappali;magyar nyelv és irodalom;közép;rendes;Nem;magyar;5;82;82;megjelent;35;8;25;12;0;2;82;-;-;-;-
2020;1;Borsod-Abaúj-Zemplén;12;szakgimnázium/szakközépiskola (2016.09.01-től kifutó rendszerben);nő;nappali;magyar nyelv és irodalom;közép;rendes;Nem;magyar;3;58;58;megjelent;31;4;14;7;0;2;58;-;-;-;-
2020;1;Borsod-Abaúj-Zemplén;12;szakgimnázium/szakközépiskola (2016.09.01-től kifutó rendszerben);férfi;nappali;magyar nyelv és irodalom;közép;rendes;Nem;magyar;3;40;40;megjelent;29;5;3;3;0;0;40;-;-;-;-
2020;1;Borsod-Abaúj-Zemplén;12;gimnázium;nő;nappali;magyar nyelv és irodalom;közép;rendes;Nem;magyar;5;80;80;megjelent;34;9;14;14;7;2;80;-;-;-;-
2020;1;Borsod-Abaúj-Zemplén;12;szakgimnázium/szakközépiskola (2016.09.01-től kifutó rendszerben);férfi;nappali;magyar nyelv és irodalom;közép;rendes;Nem;magyar;4;75;75;megjelent;35;9;14;11;4;2;75;-;-;-;-
2020;1;Borsod-Abaúj-Zemplén;12;gimnázium;férfi;nappali;magyar nyelv és irodalom;közép;rendes;Nem;magyar;4;67;67;megjelent;29;9;14;13;0;2;67;-;-;-;-
2020;1;Borsod-Abaúj-Zemplén;12;szakgimnázium/szakközépiskola (2016.09.01-től kifutó rendszerben);nő;nappali;magyar nyelv és irodalom;közép;rendes;Nem;magyar;4;77;77;megjelent;34;8;18;12;3;2;77;-;-;-;-
2020;1;Borsod-Abaúj-Zemplén;12;gimnázium;nő;nappali;magyar nyelv és irodalom;közép;rendes;Nem;magyar;4;71;71;megjelent;28;10;15;12;4;2;71;-;-;-;-
2020;1;Borsod-Abaúj-Zemplén;12;szakgimnázium/szakközépiskola (2016.09.01-től kifutó rendszerben);férfi;nappali;magyar nyelv és irodalom;közép;rendes;Nem;magyar;3;42;42;megjelent;24;5;6;6;0;1;42;-;-;-;-
2020;1;Borsod-Abaúj-Zemplén;12;gimnázium;nő;nappali;magyar nyelv és irodalom;közép;rendes;Nem;magyar;4;70;70;megjelent;28;9;13;13;5;2;70;-;-;-;-
2020;1;Borsod-Abaúj-Zemplén;12;gimnázium;nő;nappali;magyar nyelv és irodalom;közép;rendes;Nem;magyar;4;70;70;megjelent;28;8;16;13;3;2;70;-;-;-;-
2020;1;Borsod-Abaúj-Zemplén;12;gimnázium;férfi;nappali;magyar nyelv és irodalom;közép;rendes;Nem;magyar;4;69;69;megjelent;30;9;12;8;8;2;69;-;-;-;-
2020;1;Borsod-Abaúj-Zemplén;12;gimnázium;férfi;nappali;magyar nyelv és irodalom;közép;rendes;Nem;magyar;4;67;67;megjelent;32;5;18;10;1;1;67;-;-;-;-
2020;1;Borsod-Abaúj-Zemplén;12;gimnázium;nő;nappali;magyar nyelv és irodalom;közép;rendes;Nem;magyar;4;68;68;megjelent;28;4;15;13;6;2;68;-;-;-;-
2020;1;Borsod-Abaúj-Zemplén;12;gimnázium;nő;nappali;magyar nyelv és irodalom;közép;rendes;Nem;magyar;4;75;75;megjelent;34;8;12;12;7;2;75;-;-;-;-
2020;1;Borsod-Abaúj-Zemplén;12;szakgimnázium/szakközépiskola (2016.09.01-től kifutó rendszerben);nő;nappali;magyar nyelv és irodalom;közép;rendes;Nem;magyar;4;60;60;megjelent;20;7;17;10;4;2;60;-;-;-;-
2020;1;Borsod-Abaúj-Zemplén;12;szakgimnázium/szakközépiskola (2016.09.01-től kifutó rendszerben);férfi;nappali;magyar nyelv és irodalom;közép;rendes;Nem;magyar;5;91;91;megjelent;34;10;23;15;8;1;91;-;-;-;-
2020;1;Borsod-Abaúj-Zemplén;12;szakgimnázium/szakközépiskola (2016.09.01-től kifutó rendszerben);nő;nappali;magyar nyelv és irodalom;közép;rendes;Nem;magyar;3;43;43;megjelent;17;4;9;8;4;1;43;-;-;-;-
2020;1;Borsod-Abaúj-Zemplén;12;szakgimnázium/szakközépiskola (2016.09.01-től kifutó rendszerben);férfi;nappali;magyar nyelv és irodalom;közép;rendes;Nem;magyar;4;71;71;megjelent;27;7;20;9;6;2;71;-;-;-;-
2020;1;Borsod-Abaúj-Zemplén;12;szakgimnázium/szakközépiskola (2016.09.01-től kifutó rendszerben);nő;nappali;magyar nyelv és irodalom;közép;rendes;Nem;magyar;5;81;81;megjelent;31;8;18;14;8;2;81;-;-;-;-
2020;1;Borsod-Abaúj-Zemplén;12;szakgimnázium/szakközépiskola (2016.09.01-től kifutó rendszerben);férfi;nappali;magyar nyelv és irodalom;közép;rendes;Nem;magyar;3;58;58;megjelent;26;7;13;9;2;1;58;-;-;-;-
2020;1;Borsod-Abaúj-Zemplén;12;szakgimnázium/szakközépiskola (2016.09.01-től kifutó rendszerben);férfi;nappali;magyar nyelv és irodalom;közép;rendes;Nem;magyar;4;68;68;megjelent;26;9;15;11;7;0;68;-;-;-;-
2020;1;Borsod-Abaúj-Zemplén;12;szakgimnázium/szakközépiskola (2016.09.01-től kifutó rendszerben);férfi;nappali;magyar nyelv és irodalom;közép;rendes;Nem;magyar;4;74;74;megjelent;28;8;19;12;5;2;74;-;-;-;-
2020;1;Borsod-Abaúj-Zemplén;12;gimnázium;férfi;nappali;magyar nyelv és irodalom;közép;rendes;Nem;magyar;4;74;74;megjelent;32;8;20;12;0;2;74;-;-;-;-
2020;1;Borsod-Abaúj-Zemplén;12;gimnázium;férfi;nappali;magyar nyelv és irodalom;közép;rendes;Nem;magyar;4;74;74;megjelent;32;10;19;11;0;2;74;-;-;-;-
2020;1;Borsod-Abaúj-Zemplén;12;gimnázium;férfi;nappali;magyar nyelv és irodalom;közép;rendes;Nem;magyar;5;95;95;megjelent;35;10;25;15;8;2;95;-;-;-;-
2020;1;Borsod-Abaúj-Zemplén;12;gimnázium;férfi;nappali;magyar nyelv és irodalom;közép;rendes;Nem;magyar;5;93;93;megjelent;38;10;20;15;8;2;93;-;-;-;-
2020;1;Borsod-Abaúj-Zemplén;12;gimnázium;férfi;nappali;magyar nyelv és irodalom;közép;rendes;Nem;magyar;5;86;86;megjelent;33;10;23;14;4;2;86;-;-;-;-
2020;1;Borsod-Abaúj-Zemplén;12;gimnázium;nő;nappali;magyar nyelv és irodalom;közép;rendes;Igen;magyar;4;76;70;megjelent;37;8;15;8;0;2;70;-;-;-;-
2020;1;Borsod-Abaúj-Zemplén;12;gimnázium;nő;nappali;magyar nyelv és irodalom;közép;rendes;Nem;magyar;5;85;85;megjelent;39;8;18;13;5;2;85;-;-;-;-
2020;1;Borsod-Abaúj-Zemplén;12;gimnázium;nő;nappali;magyar nyelv és irodalom;közép;rendes;Nem;magyar;5;82;82;megjelent;37;9;14;13;7;2;82;-;-;-;-
2020;1;Borsod-Abaúj-Zemplén;12;gimnázium;nő;nappali;magyar nyelv és irodalom;közép;rendes;Nem;magyar;4;72;72;megjelent;31;8;18;13;0;2;72;-;-;-;-
2020;1;Borsod-Abaúj-Zemplén;12;gimnázium;nő;nappali;magyar nyelv és irodalom;közép;rendes;Nem;magyar;5;84;84;megjelent;35;9;23;14;1;2;84;-;-;-;-
2020;1;Borsod-Abaúj-Zemplén;12;szakgimnázium/szakközépiskola (2016.09.01-től kifutó rendszerben);nő;nappali;magyar nyelv és irodalom;közép;rendes;Nem;magyar;4;74;74;megjelent;32;10;14;10;6;2;74;-;-;-;-
2020;1;Borsod-Abaúj-Zemplén;12;szakgimnázium/szakközépiskola (2016.09.01-től kifutó rendszerben);férfi;nappali;magyar nyelv és irodalom;közép;rendes;Igen;magyar;2;26;13;megjelent;-;-;-;-;-;-;-;5;3;5;13
2020;1;Borsod-Abaúj-Zemplén;12;szakgimnázium/szakközépiskola (2016.09.01-től kifutó rendszerben);férfi;nappali;magyar nyelv és irodalom;közép;rendes;Igen;magyar;2;31;29;megjelent;20;4;2;3;0;0;29;-;-;-;-
2020;1;Borsod-Abaúj-Zemplén;12;szakgimnázium/szakközépiskola (2016.09.01-től kifutó rendszerben);férfi;nappali;magyar nyelv és irodalom;közép;rendes;Nem;magyar;3;41;41;megjelent;30;4;5;2;0;0;41;-;-;-;-
2020;1;Borsod-Abaúj-Zemplén;12;szakgimnázium/szakközépiskola (2016.09.01-től kifutó rendszerben);nő;nappali;magyar nyelv és irodalom;közép;rendes;Nem;magyar;4;60;60;megjelent;19;7;17;11;4;2;60;-;-;-;-
2020;1;Borsod-Abaúj-Zemplén;12;szakgimnázium/szakközépiskola (2016.09.01-től kifutó rendszerben);nő;nappali;magyar nyelv és irodalom;közép;rendes;Nem;magyar;4;78;78;megjelent;34;8;20;11;3;2;78;-;-;-;-
2020;1;Borsod-Abaúj-Zemplén;12;szakgimnázium/szakközépiskola (2016.09.01-től kifutó rendszerben);nő;nappali;magyar nyelv és irodalom;közép;rendes;Nem;magyar;4;73;73;megjelent;31;9;14;14;4;1;73;-;-;-;-
2020;1;Borsod-Abaúj-Zemplén;12;szakgimnázium/szakközépiskola (2016.09.01-től kifutó rendszerben);nő;nappali;magyar nyelv és irodalom;közép;rendes;Nem;magyar;4;60;60;megjelent;29;6;13;10;0;2;60;-;-;-;-
2020;1;Borsod-Abaúj-Zemplén;12;szakgimnázium/szakközépiskola (2016.09.01-től kifutó rendszerben);nő;nappali;magyar nyelv és irodalom;közép;rendes;Nem;magyar;4;60;60;megjelent;25;7;14;12;0;2;60;-;-;-;-
2020;1;Borsod-Abaúj-Zemplén;12;szakgimnázium/szakközépiskola (2016.09.01-től kifutó rendszerben);nő;nappali;magyar nyelv és irodalom;közép;rendes;Nem;magyar;3;46;46;megjelent;21;4;9;7;3;2;46;-;-;-;-
2020;1;Borsod-Abaúj-Zemplén;12;szakgimnázium/szakközépiskola (2016.09.01-től kifutó rendszerben);nő;nappali;magyar nyelv és irodalom;közép;rendes;Nem;magyar;4;61;61;megjelent;26;8;16;10;0;1;61;-;-;-;-
2020;1;Borsod-Abaúj-Zemplén;12;szakgimnázium/szakközépiskola (2016.09.01-től kifutó rendszerben);nő;nappali;magyar nyelv és irodalom;közép;rendes;Nem;magyar;5;81;81;megjelent;34;10;16;15;4;2;81;-;-;-;-
2020;1;Borsod-Abaúj-Zemplén;12;szakgimnázium/szakközépiskola (2016.09.01-től kifutó rendszerben);nő;nappali;magyar nyelv és irodalom;közép;rendes;Nem;magyar;5;87;87;megjelent;35;7;22;13;8;2;87;-;-;-;-
2020;1;Borsod-Abaúj-Zemplén;12;gimnázium;férfi;nappali;magyar nyelv és irodalom;közép;rendes;Nem;magyar;4;68;68;megjelent;28;9;17;12;0;2;68;-;-;-;-
2020;1;Borsod-Abaúj-Zemplén;12;gimnázium;férfi;nappali;magyar nyelv és irodalom;közép;rendes;Nem;magyar;4;63;63;megjelent;24;8;18;13;0;0;63;-;-;-;-
2020;1;Borsod-Abaúj-Zemplén;12;szakgimnázium/szakközépiskola (2016.09.01-től kifutó rendszerben);nő;nappali;magyar nyelv és irodalom;közép;rendes;Nem;magyar;3;40;40;megjelent;12;5;9;8;5;1;40;-;-;-;-
2020;1;Borsod-Abaúj-Zemplén;12;szakgimnázium/szakközépiskola (2016.09.01-től kifutó rendszerben);nő;nappali;magyar nyelv és irodalom;közép;rendes;Nem;magyar;3;47;47;megjelent;22;8;9;6;0;2;47;-;-;-;-
2020;1;Borsod-Abaúj-Zemplén;12;szakgimnázium/szakközépiskola (2016.09.01-től kifutó rendszerben);nő;nappali;magyar nyelv és irodalom;közép;rendes;Nem;magyar;4;67;67;megjelent;25;7;13;12;8;2;67;-;-;-;-
2020;1;Borsod-Abaúj-Zemplén;12;szakgimnázium/szakközépiskola (2016.09.01-től kifutó rendszerben);nő;nappali;magyar nyelv és irodalom;közép;rendes;Nem;magyar;4;62;62;megjelent;26;7;15;10;2;2;62;-;-;-;-
2020;1;Borsod-Abaúj-Zemplén;12;szakgimnázium/szakközépiskola (2016.09.01-től kifutó rendszerben);férfi;nappali;magyar nyelv és irodalom;közép;rendes;Nem;magyar;2;34;34;megjelent;23;0;4;5;0;2;34;-;-;-;-
2020;1;Borsod-Abaúj-Zemplén;12;szakgimnázium/szakközépiskola (2016.09.01-től kifutó rendszerben);nő;nappali;magyar nyelv és irodalom;közép;rendes;Nem;magyar;4;72;72;megjelent;34;9;15;9;3;2;72;-;-;-;-
2020;1;Borsod-Abaúj-Zemplén;12;gimnázium;nő;nappali;magyar nyelv és irodalom;közép;rendes;Nem;magyar;3;57;57;megjelent;27;6;14;8;0;2;57;-;-;-;-
2020;1;Borsod-Abaúj-Zemplén;12;szakgimnázium/szakközépiskola (2016.09.01-től kifutó rendszerben);férfi;nappali;magyar nyelv és irodalom;közép;rendes;Nem;magyar;4;75;75;megjelent;35;9;19;10;0;2;75;-;-;-;-
2020;1;Borsod-Abaúj-Zemplén;12;gimnázium;nő;nappali;magyar nyelv és irodalom;közép;rendes;Nem;magyar;4;67;67;megjelent;29;7;18;11;1;1;67;-;-;-;-
2020;1;Borsod-Abaúj-Zemplén;12;gimnázium;nő;nappali;magyar nyelv és irodalom;közép;rendes;Nem;magyar;3;59;59;megjelent;25;7;12;9;4;2;59;-;-;-;-
2020;1;Borsod-Abaúj-Zemplén;12;szakgimnázium/szakközépiskola (2016.09.01-től kifutó rendszerben);férfi;nappali;magyar nyelv és irodalom;közép;rendes;Nem;magyar;3;54;54;megjelent;33;6;5;8;0;2;54;-;-;-;-
2020;1;Borsod-Abaúj-Zemplén;12;szakgimnázium/szakközépiskola (2016.09.01-től kifutó rendszerben);férfi;nappali;magyar nyelv és irodalom;közép;rendes;Nem;magyar;3;56;56;megjelent;29;7;11;8;0;1;56;-;-;-;-
2020;1;Borsod-Abaúj-Zemplén;12;gimnázium;férfi;nappali;magyar nyelv és irodalom;közép;rendes;Nem;magyar;5;82;82;megjelent;37;10;18;12;3;2;82;-;-;-;-
2020;1;Borsod-Abaúj-Zemplén;12;szakgimnázium/szakközépiskola (2016.09.01-től kifutó rendszerben);nő;nappali;magyar nyelv és irodalom;közép;rendes;Nem;magyar;4;74;74;megjelent;35;8;19;10;0;2;74;-;-;-;-
2020;1;Borsod-Abaúj-Zemplén;12;gimnázium;nő;nappali;magyar nyelv és irodalom;közép;rendes;Nem;magyar;5;97;97;megjelent;38;10;25;15;7;2;97;-;-;-;-
2020;1;Borsod-Abaúj-Zemplén;12;szakgimnázium/szakközépiskola (2016.09.01-től kifutó rendszerben);férfi;nappali;magyar nyelv és irodalom;közép;rendes;Nem;magyar;5;87;87;megjelent;37;9;22;14;3;2;87;-;-;-;-
2020;1;Borsod-Abaúj-Zemplén;12;gimnázium;nő;nappali;magyar nyelv és irodalom;közép;rendes;Nem;magyar;5;91;91;megjelent;35;10;23;15;6;2;91;-;-;-;-
2020;1;Borsod-Abaúj-Zemplén;12;gimnázium;férfi;nappali;magyar nyelv és irodalom;közép;rendes;Nem;magyar;5;91;91;megjelent;39;10;22;15;3;2;91;-;-;-;-
2020;1;Borsod-Abaúj-Zemplén;12;gimnázium;férfi;nappali;magyar nyelv és irodalom;közép;rendes;Nem;magyar;4;75;75;megjelent;33;8;22;11;0;1;75;-;-;-;-
2020;1;Borsod-Abaúj-Zemplén;12;gimnázium;férfi;nappali;magyar nyelv és irodalom;közép;rendes;Nem;magyar;5;98;98;megjelent;38;10;25;15;8;2;98;-;-;-;-
2020;1;Borsod-Abaúj-Zemplén;12;gimnázium;férfi;nappali;magyar nyelv és irodalom;közép;rendes;Nem;magyar;5;80;80;megjelent;34;9;19;13;3;2;80;-;-;-;-
2020;1;Borsod-Abaúj-Zemplén;12;gimnázium;férfi;nappali;magyar nyelv és irodalom;közép;rendes;Nem;magyar;4;75;75;megjelent;34;9;19;12;0;1;75;-;-;-;-
2020;1;Borsod-Abaúj-Zemplén;12;gimnázium;férfi;nappali;magyar nyelv és irodalom;közép;rendes;Nem;magyar;5;89;89;megjelent;37;10;21;14;5;2;89;-;-;-;-
2020;1;Borsod-Abaúj-Zemplén;12;gimnázium;nő;nappali;magyar nyelv és irodalom;közép;rendes;Nem;magyar;4;76;76;megjelent;31;9;16;14;4;2;76;-;-;-;-
2020;1;Borsod-Abaúj-Zemplén;12;gimnázium;nő;nappali;magyar nyelv és irodalom;közép;rendes;Nem;magyar;5;80;80;megjelent;31;9;19;13;6;2;80;-;-;-;-
2020;1;Borsod-Abaúj-Zemplén;12;gimnázium;nő;nappali;magyar nyelv és irodalom;közép;rendes;Nem;magyar;5;81;81;megjelent;34;9;19;14;3;2;81;-;-;-;-
2020;1;Borsod-Abaúj-Zemplén;12;gimnázium;nő;nappali;magyar nyelv és irodalom;közép;rendes;Nem;magyar;5;86;86;megjelent;33;10;23;13;5;2;86;-;-;-;-
2020;1;Borsod-Abaúj-Zemplén;12;szakgimnázium/szakközépiskola (2016.09.01-től kifutó rendszerben);nő;nappali;magyar nyelv és irodalom;közép;rendes;Nem;magyar;2;27;27;megjelent;18;0;3;5;0;1;27;-;-;-;-
2020;1;Borsod-Abaúj-Zemplén;12;szakgimnázium/szakközépiskola (2016.09.01-től kifutó rendszerben);nő;nappali;magyar nyelv és irodalom;közép;rendes;Nem;magyar;4;62;62;megjelent;32;8;9;10;1;2;62;-;-;-;-
2020;1;Borsod-Abaúj-Zemplén;12;szakgimnázium/szakközépiskola (2016.09.01-től kifutó rendszerben);nő;nappali;magyar nyelv és irodalom;közép;rendes;Nem;magyar;5;81;81;megjelent;32;9;21;11;6;2;81;-;-;-;-
2020;1;Borsod-Abaúj-Zemplén;12;gimnázium;nő;nappali;magyar nyelv és irodalom;közép;rendes;Nem;magyar;5;80;80;megjelent;29;10;22;14;3;2;80;-;-;-;-
2020;1;Borsod-Abaúj-Zemplén;12;szakgimnázium/szakközépiskola (2016.09.01-től kifutó rendszerben);férfi;nappali;magyar nyelv és irodalom;közép;rendes;Nem;magyar;3;54;54;megjelent;25;5;14;8;0;2;54;-;-;-;-
2020;1;Borsod-Abaúj-Zemplén;12;szakgimnázium/szakközépiskola (2016.09.01-től kifutó rendszerben);férfi;nappali;magyar nyelv és irodalom;közép;rendes;Nem;magyar;3;43;43;megjelent;20;7;7;7;0;2;43;-;-;-;-
2020;1;Borsod-Abaúj-Zemplén;12;szakgimnázium/szakközépiskola (2016.09.01-től kifutó rendszerben);férfi;nappali;magyar nyelv és irodalom;közép;rendes;Nem;magyar;3;46;46;megjelent;23;6;8;7;0;2;46;-;-;-;-
2020;1;Borsod-Abaúj-Zemplén;12;szakgimnázium/szakközépiskola (2016.09.01-től kifutó rendszerben);nő;nappali;magyar nyelv és irodalom;közép;rendes;Nem;magyar;3;43;43;megjelent;24;6;5;6;0;2;43;-;-;-;-
2020;1;Borsod-Abaúj-Zemplén;12;szakgimnázium/szakközépiskola (2016.09.01-től kifutó rendszerben);nő;nappali;magyar nyelv és irodalom;közép;rendes;Nem;magyar;3;44;44;megjelent;21;6;8;8;0;1;44;-;-;-;-
2020;1;Borsod-Abaúj-Zemplén;12;szakgimnázium/szakközépiskola (2016.09.01-től kifutó rendszerben);nő;nappali;magyar nyelv és irodalom;közép;rendes;Nem;magyar;3;50;50;megjelent;25;7;10;7;0;1;50;-;-;-;-
2020;1;Borsod-Abaúj-Zemplén;12;szakgimnázium/szakközépiskola (2016.09.01-től kifutó rendszerben);férfi;nappali;magyar nyelv és irodalom;közép;rendes;Nem;magyar;3;44;44;megjelent;29;0;8;7;0;0;44;-;-;-;-
2020;1;Borsod-Abaúj-Zemplén;12;szakgimnázium/szakközépiskola (2016.09.01-től kifutó rendszerben);férfi;nappali;magyar nyelv és irodalom;közép;rendes;Nem;magyar;4;65;65;megjelent;31;8;15;9;0;2;65;-;-;-;-
2020;1;Borsod-Abaúj-Zemplén;12;szakgimnázium/szakközépiskola (2016.09.01-től kifutó rendszerben);nő;nappali;magyar nyelv és irodalom;közép;rendes;Nem;magyar;5;87;87;megjelent;35;9;20;13;8;2;87;-;-;-;-
2020;1;Borsod-Abaúj-Zemplén;12;szakgimnázium/szakközépiskola (2016.09.01-től kifutó rendszerben);férfi;nappali;magyar nyelv és irodalom;közép;rendes;Nem;magyar;5;86;86;megjelent;36;8;19;14;7;2;86;-;-;-;-
2020;1;Borsod-Abaúj-Zemplén;12;szakgimnázium/szakközépiskola (2016.09.01-től kifutó rendszerben);férfi;nappali;magyar nyelv és irodalom;közép;rendes;Nem;magyar;2;39;39;megjelent;29;3;3;4;0;0;39;-;-;-;-
2020;1;Borsod-Abaúj-Zemplén;12;gimnázium;férfi;nappali;magyar nyelv és irodalom;közép;rendes;Nem;magyar;4;64;64;megjelent;26;7;19;11;0;1;64;-;-;-;-
2020;1;Borsod-Abaúj-Zemplén;12;szakgimnázium/szakközépiskola (2016.09.01-től kifutó rendszerben);férfi;nappali;magyar nyelv és irodalom;közép;rendes;Nem;magyar;3;50;50;megjelent;30;5;8;6;0;1;50;-;-;-;-
2020;1;Borsod-Abaúj-Zemplén;12;gimnázium;nő;nappali;magyar nyelv és irodalom;közép;rendes;Nem;magyar;5;82;82;megjelent;31;9;21;13;7;1;82;-;-;-;-
2020;1;Borsod-Abaúj-Zemplén;12;szakgimnázium/szakközépiskola (2016.09.01-től kifutó rendszerben);férfi;nappali;magyar nyelv és irodalom;közép;rendes;Nem;magyar;4;64;64;megjelent;27;10;14;11;0;2;64;-;-;-;-
2020;1;Borsod-Abaúj-Zemplén;12;gimnázium;férfi;nappali;magyar nyelv és irodalom;közép;rendes;Igen;magyar;4;75;75;megjelent;35;9;18;12;0;1;75;-;-;-;-
2020;1;Borsod-Abaúj-Zemplén;12;gimnázium;férfi;nappali;magyar nyelv és irodalom;közép;rendes;Nem;magyar;3;53;53;megjelent;27;9;6;10;0;1;53;-;-;-;-
2020;1;Borsod-Abaúj-Zemplén;12;szakgimnázium/szakközépiskola (2016.09.01-től kifutó rendszerben);férfi;nappali;magyar nyelv és irodalom;közép;rendes;Nem;magyar;3;49;49;megjelent;26;4;12;7;0;0;49;-;-;-;-
2020;1;Borsod-Abaúj-Zemplén;12;szakgimnázium/szakközépiskola (2016.09.01-től kifutó rendszerben);férfi;nappali;magyar nyelv és irodalom;közép;rendes;Nem;magyar;2;36;36;megjelent;18;7;5;5;0;1;36;-;-;-;-
2020;1;Borsod-Abaúj-Zemplén;12;szakgimnázium/szakközépiskola (2016.09.01-től kifutó rendszerben);férfi;nappali;magyar nyelv és irodalom;közép;rendes;Nem;magyar;3;45;45;megjelent;31;0;6;8;0;0;45;-;-;-;-
2020;1;Borsod-Abaúj-Zemplén;12;szakgimnázium/szakközépiskola (2016.09.01-től kifutó rendszerben);férfi;nappali;magyar nyelv és irodalom;közép;rendes;Nem;magyar;5;80;80;megjelent;35;10;19;14;0;2;80;-;-;-;-
2020;1;Borsod-Abaúj-Zemplén;12;szakgimnázium/szakközépiskola (2016.09.01-től kifutó rendszerben);férfi;nappali;magyar nyelv és irodalom;közép;rendes;Nem;magyar;3;49;49;megjelent;29;4;7;6;2;1;49;-;-;-;-
2020;1;Borsod-Abaúj-Zemplén;12;szakgimnázium/szakközépiskola (2016.09.01-től kifutó rendszerben);férfi;nappali;magyar nyelv és irodalom;közép;rendes;Igen;magyar;3;46;43;megjelent;23;5;8;5;0;2;43;-;-;-;-
2020;1;Borsod-Abaúj-Zemplén;12;szakgimnázium/szakközépiskola (2016.09.01-től kifutó rendszerben);férfi;nappali;magyar nyelv és irodalom;közép;rendes;Igen;magyar;3;51;47;megjelent;29;6;6;5;0;1;47;-;-;-;-
2020;1;Borsod-Abaúj-Zemplén;12;szakgimnázium/szakközépiskola (2016.09.01-től kifutó rendszerben);férfi;nappali;magyar nyelv és irodalom;közép;rendes;Nem;magyar;4;62;62;megjelent;34;6;10;10;0;2;62;-;-;-;-
2020;1;Borsod-Abaúj-Zemplén;12;szakgimnázium/szakközépiskola (2016.09.01-től kifutó rendszerben);nő;nappali;magyar nyelv és irodalom;közép;rendes;Nem;magyar;5;87;87;megjelent;38;9;20;10;8;2;87;-;-;-;-
2020;1;Borsod-Abaúj-Zemplén;12;szakgimnázium/szakközépiskola (2016.09.01-től kifutó rendszerben);nő;nappali;magyar nyelv és irodalom;közép;rendes;Nem;magyar;4;61;61;megjelent;32;5;9;5;8;2;61;-;-;-;-
2020;1;Borsod-Abaúj-Zemplén;12;gimnázium;nő;nappali;magyar nyelv és irodalom;közép;rendes;Nem;magyar;5;92;92;megjelent;38;10;22;13;7;2;92;-;-;-;-
2020;1;Borsod-Abaúj-Zemplén;12;gimnázium;férfi;nappali;magyar nyelv és irodalom;közép;rendes;Nem;magyar;5;95;95;megjelent;35;10;25;15;8;2;95;-;-;-;-
2020;1;Borsod-Abaúj-Zemplén;12;gimnázium;férfi;nappali;magyar nyelv és irodalom;közép;rendes;Nem;magyar;4;64;64;megjelent;32;8;14;9;0;1;64;-;-;-;-
2020;1;Borsod-Abaúj-Zemplén;12;gimnázium;nő;nappali;magyar nyelv és irodalom;közép;rendes;Nem;magyar;3;50;50;megjelent;17;6;16;9;0;2;50;-;-;-;-
2020;1;Borsod-Abaúj-Zemplén;12;gimnázium;férfi;nappali;magyar nyelv és irodalom;közép;rendes;Nem;magyar;3;59;59;megjelent;31;6;12;8;0;2;59;-;-;-;-
2020;1;Borsod-Abaúj-Zemplén;12;szakgimnázium/szakközépiskola (2016.09.01-től kifutó rendszerben);férfi;nappali;magyar nyelv és irodalom;közép;rendes;Nem;magyar;5;82;82;megjelent;36;8;18;10;8;2;82;-;-;-;-
2020;1;Borsod-Abaúj-Zemplén;12;gimnázium;férfi;nappali;magyar nyelv és irodalom;közép;rendes;Nem;magyar;4;61;61;megjelent;25;7;17;11;0;1;61;-;-;-;-
2020;1;Borsod-Abaúj-Zemplén;12;szakgimnázium/szakközépiskola (2016.09.01-től kifutó rendszerben);férfi;nappali;magyar nyelv és irodalom;közép;rendes;Nem;magyar;3;52;52;megjelent;24;4;14;8;0;2;52;-;-;-;-
2020;1;Borsod-Abaúj-Zemplén;12;gimnázium;nő;nappali;magyar nyelv és irodalom;közép;rendes;Nem;magyar;5;80;80;megjelent;34;8;22;14;0;2;80;-;-;-;-
2020;1;Borsod-Abaúj-Zemplén;12;gimnázium;nő;nappali;magyar nyelv és irodalom;közép;rendes;Nem;magyar;5;82;82;megjelent;34;10;18;14;4;2;82;-;-;-;-
2020;1;Borsod-Abaúj-Zemplén;12;szakgimnázium/szakközépiskola (2016.09.01-től kifutó rendszerben);férfi;nappali;magyar nyelv és irodalom;közép;rendes;Nem;magyar;3;55;55;megjelent;24;7;14;10;0;0;55;-;-;-;-
2020;1;Borsod-Abaúj-Zemplén;12;gimnázium;nő;nappali;magyar nyelv és irodalom;közép;rendes;Nem;magyar;4;70;70;megjelent;26;8;21;13;0;2;70;-;-;-;-
2020;1;Borsod-Abaúj-Zemplén;12;szakgimnázium/szakközépiskola (2016.09.01-től kifutó rendszerben);nő;nappali;magyar nyelv és irodalom;közép;rendes;Nem;magyar;3;53;53;megjelent;28;6;10;9;0;0;53;-;-;-;-
2020;1;Borsod-Abaúj-Zemplén;12;gimnázium;nő;nappali;magyar nyelv és irodalom;közép;rendes;Nem;magyar;4;65;65;megjelent;28;7;14;10;4;2;65;-;-;-;-
2020;1;Borsod-Abaúj-Zemplén;12;gimnázium;férfi;nappali;magyar nyelv és irodalom;közép;rendes;Nem;magyar;4;68;68;megjelent;29;7;15;12;3;2;68;-;-;-;-
2020;1;Borsod-Abaúj-Zemplén;12;szakgimnázium/szakközépiskola (2016.09.01-től kifutó rendszerben);nő;nappali;magyar nyelv és irodalom;közép;rendes;Nem;magyar;4;76;76;megjelent;31;9;17;12;5;2;76;-;-;-;-
2020;1;Borsod-Abaúj-Zemplén;12;szakgimnázium/szakközépiskola (2016.09.01-től kifutó rendszerben);férfi;nappali;magyar nyelv és irodalom;közép;rendes;Nem;magyar;3;52;52;megjelent;27;7;9;9;0;0;52;-;-;-;-
2020;1;Borsod-Abaúj-Zemplén;12;szakgimnázium/szakközépiskola (2016.09.01-től kifutó rendszerben);férfi;nappali;magyar nyelv és irodalom;közép;rendes;Igen;magyar;2;29;27;megjelent;19;2;3;3;0;0;27;-;-;-;-
2020;1;Borsod-Abaúj-Zemplén;12;szakgimnázium/szakközépiskola (2016.09.01-től kifutó rendszerben);nő;nappali;magyar nyelv és irodalom;közép;rendes;Nem;magyar;4;63;63;megjelent;30;10;9;9;4;1;63;-;-;-;-
2020;1;Borsod-Abaúj-Zemplén;12;szakgimnázium/szakközépiskola (2016.09.01-től kifutó rendszerben);nő;nappali;magyar nyelv és irodalom;közép;rendes;Nem;magyar;2;29;29;megjelent;12;6;4;6;0;1;29;-;-;-;-
2020;1;Borsod-Abaúj-Zemplén;12;szakgimnázium/szakközépiskola (2016.09.01-től kifutó rendszerben);nő;nappali;magyar nyelv és irodalom;közép;rendes;Nem;magyar;3;46;46;megjelent;24;0;9;7;4;2;46;-;-;-;-
2020;1;Borsod-Abaúj-Zemplén;12;gimnázium;nő;nappali;magyar nyelv és irodalom;közép;rendes;Nem;magyar;4;72;72;megjelent;37;9;15;11;0;0;72;-;-;-;-
2020;1;Borsod-Abaúj-Zemplén;12;gimnázium;férfi;nappali;magyar nyelv és irodalom;közép;rendes;Nem;magyar;3;49;49;megjelent;29;6;4;8;0;2;49;-;-;-;-
2020;1;Borsod-Abaúj-Zemplén;12;szakgimnázium/szakközépiskola (2016.09.01-től kifutó rendszerben);férfi;nappali;magyar nyelv és irodalom;közép;rendes;Nem;magyar;2;28;28;megjelent;24;0;1;2;0;1;28;-;-;-;-
2020;1;Borsod-Abaúj-Zemplén;12;gimnázium;férfi;nappali;magyar nyelv és irodalom;közép;rendes;Nem;magyar;3;46;46;megjelent;22;5;8;7;3;1;46;-;-;-;-
2020;1;Borsod-Abaúj-Zemplén;12;gimnázium;nő;nappali;magyar nyelv és irodalom;közép;rendes;Nem;magyar;5;85;85;megjelent;34;10;19;14;6;2;85;-;-;-;-
2020;1;Borsod-Abaúj-Zemplén;12;gimnázium;férfi;nappali;magyar nyelv és irodalom;közép;rendes;Nem;magyar;4;74;74;megjelent;33;9;16;12;2;2;74;-;-;-;-
2020;1;Borsod-Abaúj-Zemplén;12;szakgimnázium/szakközépiskola (2016.09.01-től kifutó rendszerben);nő;nappali;magyar nyelv és irodalom;közép;rendes;Nem;magyar;3;41;41;megjelent;21;7;4;7;0;2;41;-;-;-;-
2020;1;Borsod-Abaúj-Zemplén;12;gimnázium;nő;nappali;magyar nyelv és irodalom;közép;rendes;Nem;magyar;3;58;58;megjelent;26;7;13;10;0;2;58;-;-;-;-
2020;1;Borsod-Abaúj-Zemplén;12;gimnázium;férfi;nappali;magyar nyelv és irodalom;közép;rendes;Nem;magyar;4;75;75;megjelent;34;6;17;13;3;2;75;-;-;-;-
2020;1;Borsod-Abaúj-Zemplén;12;gimnázium;nő;nappali;magyar nyelv és irodalom;közép;rendes;Nem;magyar;3;53;53;megjelent;28;6;8;9;0;2;53;-;-;-;-
2020;1;Borsod-Abaúj-Zemplén;12;gimnázium;nő;nappali;magyar nyelv és irodalom;közép;rendes;Nem;magyar;4;75;75;megjelent;28;9;15;13;8;2;75;-;-;-;-
2020;1;Borsod-Abaúj-Zemplén;12;gimnázium;nő;nappali;magyar nyelv és irodalom;közép;rendes;Nem;magyar;5;91;91;megjelent;34;10;23;14;8;2;91;-;-;-;-
2020;1;Borsod-Abaúj-Zemplén;12;gimnázium;nő;nappali;magyar nyelv és irodalom;közép;rendes;Nem;magyar;4;75;75;megjelent;31;9;16;12;5;2;75;-;-;-;-
2020;1;Borsod-Abaúj-Zemplén;12;szakgimnázium/szakközépiskola (2016.09.01-től kifutó rendszerben);férfi;nappali;magyar nyelv és irodalom;közép;rendes;Nem;magyar;2;32;32;megjelent;29;0;0;0;2;1;32;-;-;-;-
2020;1;Borsod-Abaúj-Zemplén;12;gimnázium;nő;nappali;magyar nyelv és irodalom;közép;rendes;Nem;magyar;5;80;80;megjelent;35;10;20;14;0;1;80;-;-;-;-
2020;1;Borsod-Abaúj-Zemplén;12;szakgimnázium/szakközépiskola (2016.09.01-től kifutó rendszerben);férfi;nappali;magyar nyelv és irodalom;közép;rendes;Nem;magyar;3;43;43;megjelent;28;8;3;4;0;0;43;-;-;-;-
2020;1;Borsod-Abaúj-Zemplén;12;gimnázium;férfi;nappali;magyar nyelv és irodalom;közép;rendes;Nem;magyar;4;77;77;megjelent;29;10;17;12;7;2;77;-;-;-;-
2020;1;Borsod-Abaúj-Zemplén;12;gimnázium;nő;nappali;magyar nyelv és irodalom;közép;rendes;Nem;magyar;5;81;81;megjelent;33;10;20;12;4;2;81;-;-;-;-
2020;1;Borsod-Abaúj-Zemplén;12;gimnázium;nő;nappali;magyar nyelv és irodalom;közép;rendes;Nem;magyar;4;73;73;megjelent;25;9;19;13;5;2;73;-;-;-;-
2020;1;Borsod-Abaúj-Zemplén;12;gimnázium;nő;nappali;magyar nyelv és irodalom;közép;rendes;Nem;magyar;4;78;78;megjelent;31;10;15;12;8;2;78;-;-;-;-
2020;1;Borsod-Abaúj-Zemplén;12;gimnázium;nő;nappali;magyar nyelv és irodalom;közép;rendes;Nem;magyar;5;91;91;megjelent;33;10;23;15;8;2;91;-;-;-;-
2020;1;Borsod-Abaúj-Zemplén;12;szakgimnázium/szakközépiskola (2016.09.01-től kifutó rendszerben);férfi;nappali;magyar nyelv és irodalom;közép;rendes;Igen;magyar;3;48;45;megjelent;24;8;8;4;0;1;45;-;-;-;-
2020;1;Borsod-Abaúj-Zemplén;12;szakgimnázium/szakközépiskola (2016.09.01-től kifutó rendszerben);nő;nappali;magyar nyelv és irodalom;közép;rendes;Nem;magyar;4;60;60;megjelent;31;8;10;10;0;1;60;-;-;-;-
2020;1;Borsod-Abaúj-Zemplén;12;gimnázium;férfi;nappali;magyar nyelv és irodalom;közép;rendes;Nem;magyar;4;65;65;megjelent;29;9;15;10;0;2;65;-;-;-;-
2020;1;Borsod-Abaúj-Zemplén;12;gimnázium;nő;nappali;magyar nyelv és irodalom;közép;rendes;Nem;magyar;3;55;55;megjelent;30;6;6;8;3;2;55;-;-;-;-
2020;1;Borsod-Abaúj-Zemplén;12;gimnázium;nő;nappali;magyar nyelv és irodalom;közép;rendes;Nem;magyar;5;90;90;megjelent;36;10;24;14;4;2;90;-;-;-;-
2020;1;Borsod-Abaúj-Zemplén;12;gimnázium;nő;nappali;magyar nyelv és irodalom;közép;rendes;Nem;magyar;4;73;73;megjelent;31;10;16;11;3;2;73;-;-;-;-
2020;1;Borsod-Abaúj-Zemplén;12;gimnázium;férfi;nappali;magyar nyelv és irodalom;közép;rendes;Nem;magyar;3;42;42;megjelent;22;6;8;6;0;0;42;-;-;-;-
2020;1;Borsod-Abaúj-Zemplén;12;gimnázium;nő;nappali;magyar nyelv és irodalom;közép;rendes;Nem;magyar;4;73;73;megjelent;24;6;20;13;8;2;73;-;-;-;-
2020;1;Borsod-Abaúj-Zemplén;12;gimnázium;nő;nappali;magyar nyelv és irodalom;közép;rendes;Nem;magyar;3;55;55;megjelent;25;6;10;8;4;2;55;-;-;-;-
2020;1;Borsod-Abaúj-Zemplén;12;gimnázium;férfi;nappali;magyar nyelv és irodalom;közép;rendes;Nem;magyar;3;57;57;megjelent;22;3;16;12;2;2;57;-;-;-;-
2020;1;Borsod-Abaúj-Zemplén;12;gimnázium;nő;nappali;magyar nyelv és irodalom;közép;rendes;Nem;magyar;4;61;61;megjelent;29;8;12;10;0;2;61;-;-;-;-
2020;1;Borsod-Abaúj-Zemplén;12;gimnázium;nő;nappali;magyar nyelv és irodalom;közép;rendes;Nem;magyar;4;60;60;megjelent;26;8;14;12;0;0;60;-;-;-;-
2020;1;Borsod-Abaúj-Zemplén;12;gimnázium;nő;nappali;magyar nyelv és irodalom;közép;rendes;Nem;magyar;5;95;95;megjelent;36;10;24;15;8;2;95;-;-;-;-
2020;1;Borsod-Abaúj-Zemplén;12;gimnázium;férfi;nappali;magyar nyelv és irodalom;közép;rendes;Nem;magyar;4;68;68;megjelent;32;9;15;10;0;2;68;-;-;-;-
2020;1;Borsod-Abaúj-Zemplén;12;gimnázium;nő;nappali;magyar nyelv és irodalom;közép;rendes;Nem;magyar;4;72;72;megjelent;30;8;20;12;0;2;72;-;-;-;-
2020;1;Borsod-Abaúj-Zemplén;12;gimnázium;férfi;nappali;magyar nyelv és irodalom;közép;rendes;Nem;magyar;5;80;80;megjelent;33;10;23;12;0;2;80;-;-;-;-
2020;1;Borsod-Abaúj-Zemplén;12;gimnázium;nő;nappali;magyar nyelv és irodalom;közép;rendes;Nem;magyar;5;92;92;megjelent;33;10;25;15;7;2;92;-;-;-;-
2020;1;Borsod-Abaúj-Zemplén;12;gimnázium;férfi;nappali;magyar nyelv és irodalom;közép;rendes;Nem;magyar;5;80;80;megjelent;34;10;19;14;3;0;80;-;-;-;-
2020;1;Borsod-Abaúj-Zemplén;12;gimnázium;nő;nappali;magyar nyelv és irodalom;közép;rendes;Nem;magyar;4;68;68;megjelent;31;7;18;10;0;2;68;-;-;-;-
2020;1;Borsod-Abaúj-Zemplén;12;gimnázium;nő;nappali;magyar nyelv és irodalom;közép;rendes;Igen;magyar;5;92;85;megjelent;35;10;23;15;0;2;85;-;-;-;-
2020;1;Borsod-Abaúj-Zemplén;12;gimnázium;nő;nappali;magyar nyelv és irodalom;közép;rendes;Nem;magyar;3;48;48;megjelent;20;7;7;8;4;2;48;-;-;-;-
2020;1;Borsod-Abaúj-Zemplén;12;gimnázium;férfi;nappali;magyar nyelv és irodalom;közép;rendes;Nem;magyar;3;55;55;megjelent;26;5;14;8;0;2;55;-;-;-;-
2020;1;Borsod-Abaúj-Zemplén;12;gimnázium;nő;nappali;magyar nyelv és irodalom;közép;rendes;Nem;magyar;5;80;80;megjelent;31;8;22;11;6;2;80;-;-;-;-
2020;1;Borsod-Abaúj-Zemplén;12;gimnázium;nő;nappali;magyar nyelv és irodalom;közép;rendes;Nem;magyar;4;72;72;megjelent;29;8;18;12;3;2;72;-;-;-;-
2020;1;Borsod-Abaúj-Zemplén;12;gimnázium;nő;nappali;magyar nyelv és irodalom;közép;rendes;Nem;magyar;4;78;78;megjelent;34;10;14;11;7;2;78;-;-;-;-
2020;1;Borsod-Abaúj-Zemplén;12;gimnázium;férfi;nappali;magyar nyelv és irodalom;közép;rendes;Nem;magyar;3;48;48;megjelent;27;5;5;9;0;2;48;-;-;-;-
2020;1;Borsod-Abaúj-Zemplén;12;gimnázium;nő;nappali;magyar nyelv és irodalom;közép;rendes;Nem;magyar;5;81;81;megjelent;34;9;20;13;3;2;81;-;-;-;-
2020;1;Borsod-Abaúj-Zemplén;12;gimnázium;férfi;nappali;magyar nyelv és irodalom;közép;rendes;Nem;magyar;2;37;37;megjelent;25;3;4;5;0;0;37;-;-;-;-
2020;1;Borsod-Abaúj-Zemplén;12;gimnázium;férfi;nappali;magyar nyelv és irodalom;közép;rendes;Nem;magyar;5;81;81;megjelent;36;8;19;12;5;1;81;-;-;-;-
2020;1;Borsod-Abaúj-Zemplén;12;gimnázium;nő;nappali;magyar nyelv és irodalom;közép;rendes;Nem;magyar;3;50;50;megjelent;25;7;7;5;5;1;50;-;-;-;-
2020;1;Borsod-Abaúj-Zemplén;12;gimnázium;nő;nappali;magyar nyelv és irodalom;közép;rendes;Nem;magyar;4;74;74;megjelent;32;10;16;12;2;2;74;-;-;-;-
2020;1;Borsod-Abaúj-Zemplén;12;szakgimnázium/szakközépiskola (2016.09.01-től kifutó rendszerben);nő;nappali;magyar nyelv és irodalom;közép;rendes;Nem;magyar;3;53;53;megjelent;22;5;13;11;0;2;53;-;-;-;-
2020;1;Borsod-Abaúj-Zemplén;12;gimnázium;férfi;nappali;magyar nyelv és irodalom;közép;rendes;Nem;magyar;4;60;60;megjelent;33;6;10;8;2;1;60;-;-;-;-
2020;1;Borsod-Abaúj-Zemplén;12;gimnázium;nő;nappali;magyar nyelv és irodalom;közép;rendes;Nem;magyar;4;67;67;megjelent;28;7;18;12;0;2;67;-;-;-;-
2020;1;Borsod-Abaúj-Zemplén;12;szakgimnázium/szakközépiskola (2016.09.01-től kifutó rendszerben);nő;nappali;magyar nyelv és irodalom;közép;rendes;Nem;magyar;4;70;70;megjelent;27;9;15;13;4;2;70;-;-;-;-
2020;1;Borsod-Abaúj-Zemplén;12;szakgimnázium/szakközépiskola (2016.09.01-től kifutó rendszerben);nő;nappali;magyar nyelv és irodalom;közép;rendes;Igen;magyar;3;48;45;megjelent;23;6;8;7;0;1;45;-;-;-;-
2020;1;Borsod-Abaúj-Zemplén;12;gimnázium;férfi;nappali;magyar nyelv és irodalom;közép;rendes;Nem;magyar;3;47;47;megjelent;23;3;10;9;0;2;47;-;-;-;-
2020;1;Borsod-Abaúj-Zemplén;12;gimnázium;nő;nappali;magyar nyelv és irodalom;közép;rendes;Nem;magyar;4;63;63;megjelent;29;7;14;11;0;2;63;-;-;-;-
2020;1;Borsod-Abaúj-Zemplén;12;gimnázium;nő;nappali;magyar nyelv és irodalom;közép;rendes;Nem;magyar;4;60;60;megjelent;25;8;14;11;0;2;60;-;-;-;-
2020;1;Borsod-Abaúj-Zemplén;12;gimnázium;férfi;nappali;magyar nyelv és irodalom;közép;rendes;Nem;magyar;4;73;73;megjelent;31;10;19;11;0;2;73;-;-;-;-
2020;1;Borsod-Abaúj-Zemplén;12;szakgimnázium/szakközépiskola (2016.09.01-től kifutó rendszerben);férfi;nappali;magyar nyelv és irodalom;közép;rendes;Nem;magyar;3;41;41;megjelent;18;7;8;8;0;0;41;-;-;-;-
2020;1;Borsod-Abaúj-Zemplén;12;gimnázium;férfi;nappali;magyar nyelv és irodalom;közép;rendes;Nem;magyar;4;70;70;megjelent;28;8;20;12;0;2;70;-;-;-;-
2020;1;Borsod-Abaúj-Zemplén;12;gimnázium;nő;nappali;magyar nyelv és irodalom;közép;rendes;Igen;magyar;4;65;60;megjelent;26;8;16;9;0;1;60;-;-;-;-
2020;1;Borsod-Abaúj-Zemplén;12;gimnázium;férfi;nappali;magyar nyelv és irodalom;közép;rendes;Nem;magyar;4;60;60;megjelent;24;8;18;9;0;1;60;-;-;-;-
2020;1;Borsod-Abaúj-Zemplén;12;gimnázium;nő;nappali;magyar nyelv és irodalom;közép;rendes;Nem;magyar;4;62;62;megjelent;33;9;8;7;3;2;62;-;-;-;-
2020;1;Borsod-Abaúj-Zemplén;12;gimnázium;férfi;nappali;magyar nyelv és irodalom;közép;rendes;Nem;magyar;4;67;67;megjelent;28;7;21;9;0;2;67;-;-;-;-
2020;1;Borsod-Abaúj-Zemplén;12;gimnázium;férfi;nappali;magyar nyelv és irodalom;közép;rendes;Igen;magyar;3;54;27;megjelent;-;-;-;-;-;-;-;10;7;10;27
2020;1;Borsod-Abaúj-Zemplén;12;szakgimnázium/szakközépiskola (2016.09.01-től kifutó rendszerben);nő;nappali;magyar nyelv és irodalom;közép;rendes;Nem;magyar;5;90;90;megjelent;37;10;20;13;8;2;90;-;-;-;-
2020;1;Borsod-Abaúj-Zemplén;12;gimnázium;férfi;nappali;magyar nyelv és irodalom;közép;rendes;Igen;magyar;4;60;30;megjelent;-;-;-;-;-;-;-;13;8;9;30
2020;1;Borsod-Abaúj-Zemplén;12;gimnázium;férfi;nappali;magyar nyelv és irodalom;közép;rendes;Nem;magyar;4;64;64;megjelent;31;7;15;10;0;1;64;-;-;-;-
2020;1;Borsod-Abaúj-Zemplén;12;gimnázium;férfi;nappali;magyar nyelv és irodalom;közép;rendes;Nem;magyar;4;65;65;megjelent;24;9;16;11;3;2;65;-;-;-;-
2020;1;Borsod-Abaúj-Zemplén;12;gimnázium;nő;nappali;magyar nyelv és irodalom;közép;rendes;Nem;magyar;5;88;88;megjelent;36;9;20;13;8;2;88;-;-;-;-
2020;1;Borsod-Abaúj-Zemplén;12;gimnázium;nő;nappali;magyar nyelv és irodalom;közép;rendes;Igen;magyar;4;60;30;megjelent;-;-;-;-;-;-;-;12;8;10;30
2020;1;Borsod-Abaúj-Zemplén;12;gimnázium;férfi;nappali;magyar nyelv és irodalom;közép;rendes;Nem;magyar;4;63;63;megjelent;30;7;16;9;0;1;63;-;-;-;-
2020;1;Borsod-Abaúj-Zemplén;12;gimnázium;nő;nappali;magyar nyelv és irodalom;közép;rendes;Nem;magyar;5;81;81;megjelent;33;9;19;12;6;2;81;-;-;-;-
2020;1;Borsod-Abaúj-Zemplén;12;gimnázium;férfi;nappali;magyar nyelv és irodalom;közép;rendes;Nem;magyar;4;70;70;megjelent;32;8;19;10;0;1;70;-;-;-;-
2020;1;Borsod-Abaúj-Zemplén;12;gimnázium;férfi;nappali;magyar nyelv és irodalom;közép;rendes;Igen;magyar;2;26;13;megjelent;-;-;-;-;-;-;-;7;1;5;13
2020;1;Borsod-Abaúj-Zemplén;12;gimnázium;nő;nappali;magyar nyelv és irodalom;közép;rendes;Igen;magyar;3;56;28;megjelent;-;-;-;-;-;-;-;13;5;10;28
2020;1;Borsod-Abaúj-Zemplén;12;gimnázium;férfi;nappali;magyar nyelv és irodalom;közép;rendes;Igen;magyar;3;42;21;megjelent;-;-;-;-;-;-;-;10;5;6;21
2020;1;Borsod-Abaúj-Zemplén;12;gimnázium;nő;nappali;magyar nyelv és irodalom;közép;rendes;Nem;magyar;4;67;67;megjelent;31;7;14;7;7;1;67;-;-;-;-
2020;1;Borsod-Abaúj-Zemplén;12;gimnázium;nő;nappali;magyar nyelv és irodalom;közép;rendes;Igen;magyar;3;40;20;megjelent;-;-;-;-;-;-;-;9;6;5;20
2020;1;Borsod-Abaúj-Zemplén;12;gimnázium;férfi;nappali;magyar nyelv és irodalom;közép;rendes;Nem;magyar;4;67;67;megjelent;34;6;11;8;6;2;67;-;-;-;-
2020;1;Borsod-Abaúj-Zemplén;12;gimnázium;nő;nappali;magyar nyelv és irodalom;közép;rendes;Nem;magyar;5;84;84;megjelent;34;9;20;11;8;2;84;-;-;-;-
2020;1;Borsod-Abaúj-Zemplén;12;gimnázium;nő;nappali;magyar nyelv és irodalom;közép;rendes;Nem;magyar;4;63;63;megjelent;19;8;17;12;5;2;63;-;-;-;-
2020;1;Borsod-Abaúj-Zemplén;12;gimnázium;nő;nappali;magyar nyelv és irodalom;közép;rendes;Nem;magyar;4;61;61;megjelent;24;8;14;13;0;2;61;-;-;-;-
2020;1;Borsod-Abaúj-Zemplén;12;gimnázium;férfi;nappali;magyar nyelv és irodalom;közép;rendes;Nem;magyar;4;74;74;megjelent;33;8;18;13;0;2;74;-;-;-;-
2020;1;Borsod-Abaúj-Zemplén;12;gimnázium;férfi;nappali;magyar nyelv és irodalom;közép;rendes;Nem;magyar;4;74;74;megjelent;35;9;18;11;0;1;74;-;-;-;-
2020;1;Borsod-Abaúj-Zemplén;12;gimnázium;férfi;nappali;magyar nyelv és irodalom;közép;rendes;Nem;magyar;4;74;74;megjelent;33;9;14;11;6;1;74;-;-;-;-
2020;1;Borsod-Abaúj-Zemplén;12;gimnázium;nő;nappali;magyar nyelv és irodalom;közép;rendes;Nem;magyar;4;74;74;megjelent;28;8;17;13;6;2;74;-;-;-;-
2020;1;Borsod-Abaúj-Zemplén;12;gimnázium;nő;nappali;magyar nyelv és irodalom;közép;rendes;Nem;magyar;5;95;95;megjelent;36;9;25;15;8;2;95;-;-;-;-
2020;1;Borsod-Abaúj-Zemplén;12;gimnázium;nő;nappali;magyar nyelv és irodalom;közép;rendes;Nem;magyar;5;84;84;megjelent;31;10;25;13;3;2;84;-;-;-;-
2020;1;Borsod-Abaúj-Zemplén;12;gimnázium;férfi;nappali;magyar nyelv és irodalom;közép;rendes;Nem;magyar;4;77;77;megjelent;35;8;17;11;5;1;77;-;-;-;-
2020;1;Borsod-Abaúj-Zemplén;12;gimnázium;férfi;nappali;magyar nyelv és irodalom;közép;rendes;Nem;magyar;4;69;69;megjelent;32;5;19;10;2;1;69;-;-;-;-
2020;1;Borsod-Abaúj-Zemplén;12;gimnázium;nő;nappali;magyar nyelv és irodalom;közép;rendes;Nem;magyar;5;83;83;megjelent;33;10;25;13;0;2;83;-;-;-;-
2020;1;Borsod-Abaúj-Zemplén;12;gimnázium;nő;nappali;magyar nyelv és irodalom;közép;rendes;Nem;magyar;4;73;73;megjelent;27;9;18;13;4;2;73;-;-;-;-
2020;1;Borsod-Abaúj-Zemplén;12;gimnázium;nő;nappali;magyar nyelv és irodalom;közép;rendes;Nem;magyar;2;37;37;megjelent;21;5;5;4;0;2;37;-;-;-;-
2020;1;Borsod-Abaúj-Zemplén;12;gimnázium;férfi;nappali;magyar nyelv és irodalom;közép;rendes;Nem;magyar;2;37;37;megjelent;18;7;5;7;0;0;37;-;-;-;-
2020;1;Borsod-Abaúj-Zemplén;12;gimnázium;férfi;nappali;magyar nyelv és irodalom;közép;rendes;Nem;magyar;4;69;69;megjelent;35;9;15;10;0;0;69;-;-;-;-
2020;1;Borsod-Abaúj-Zemplén;12;gimnázium;férfi;nappali;magyar nyelv és irodalom;közép;rendes;Nem;magyar;3;56;56;megjelent;27;9;9;9;0;2;56;-;-;-;-
2020;1;Borsod-Abaúj-Zemplén;12;gimnázium;nő;nappali;magyar nyelv és irodalom;közép;rendes;Nem;magyar;3;55;55;megjelent;20;6;15;10;2;2;55;-;-;-;-
2020;1;Borsod-Abaúj-Zemplén;12;gimnázium;nő;nappali;magyar nyelv és irodalom;közép;rendes;Nem;magyar;3;40;40;megjelent;17;5;10;8;0;0;40;-;-;-;-
2020;1;Borsod-Abaúj-Zemplén;12;gimnázium;férfi;nappali;magyar nyelv és irodalom;közép;rendes;Nem;magyar;2;39;39;megjelent;21;6;5;7;0;0;39;-;-;-;-
2020;1;Borsod-Abaúj-Zemplén;12;gimnázium;férfi;nappali;magyar nyelv és irodalom;közép;rendes;Nem;magyar;3;56;56;megjelent;26;9;9;10;2;0;56;-;-;-;-
2020;1;Borsod-Abaúj-Zemplén;12;gimnázium;férfi;nappali;magyar nyelv és irodalom;közép;rendes;Nem;magyar;4;62;62;megjelent;26;10;15;9;0;2;62;-;-;-;-
2020;1;Borsod-Abaúj-Zemplén;12;gimnázium;férfi;nappali;magyar nyelv és irodalom;közép;rendes;Nem;magyar;2;25;25;megjelent;9;10;0;0;4;2;25;-;-;-;-
2020;1;Borsod-Abaúj-Zemplén;12;gimnázium;férfi;nappali;magyar nyelv és irodalom;közép;rendes;Nem;magyar;3;53;53;megjelent;27;7;6;11;0;2;53;-;-;-;-
2020;1;Borsod-Abaúj-Zemplén;12;gimnázium;férfi;nappali;magyar nyelv és irodalom;közép;rendes;Nem;magyar;2;30;30;megjelent;13;5;5;7;0;0;30;-;-;-;-
2020;1;Borsod-Abaúj-Zemplén;12;gimnázium;nő;nappali;magyar nyelv és irodalom;közép;rendes;Nem;magyar;4;62;62;megjelent;21;9;18;12;0;2;62;-;-;-;-
2020;1;Borsod-Abaúj-Zemplén;12;gimnázium;nő;nappali;magyar nyelv és irodalom;közép;rendes;Nem;magyar;3;49;49;megjelent;19;8;13;9;0;0;49;-;-;-;-
2020;1;Borsod-Abaúj-Zemplén;12;gimnázium;férfi;nappali;magyar nyelv és irodalom;közép;rendes;Nem;magyar;3;53;53;megjelent;26;8;9;10;0;0;53;-;-;-;-
2020;1;Borsod-Abaúj-Zemplén;12;gimnázium;nő;nappali;magyar nyelv és irodalom;közép;rendes;Nem;magyar;3;52;52;megjelent;12;7;18;13;0;2;52;-;-;-;-
2020;1;Borsod-Abaúj-Zemplén;12;gimnázium;férfi;nappali;magyar nyelv és irodalom;közép;rendes;Nem;magyar;4;61;61;megjelent;24;9;14;12;0;2;61;-;-;-;-
2020;1;Borsod-Abaúj-Zemplén;12;gimnázium;nő;nappali;magyar nyelv és irodalom;közép;rendes;Nem;magyar;3;48;48;megjelent;19;9;10;10;0;0;48;-;-;-;-
2020;1;Borsod-Abaúj-Zemplén;12;gimnázium;nő;nappali;magyar nyelv és irodalom;közép;rendes;Nem;magyar;4;61;61;megjelent;23;9;14;8;5;2;61;-;-;-;-
2020;1;Borsod-Abaúj-Zemplén;12;gimnázium;férfi;nappali;magyar nyelv és irodalom;közép;rendes;Nem;magyar;3;49;49;megjelent;18;9;13;9;0;0;49;-;-;-;-
2020;1;Borsod-Abaúj-Zemplén;12;gimnázium;nő;nappali;magyar nyelv és irodalom;közép;rendes;Nem;magyar;2;32;32;megjelent;15;2;9;5;0;1;32;-;-;-;-
2020;1;Borsod-Abaúj-Zemplén;12;gimnázium;férfi;nappali;magyar nyelv és irodalom;közép;rendes;Igen;magyar;2;31;29;megjelent;21;0;4;4;0;0;29;-;-;-;-
2020;1;Borsod-Abaúj-Zemplén;12;gimnázium;nő;nappali;magyar nyelv és irodalom;közép;rendes;Nem;magyar;5;80;80;megjelent;35;9;19;15;0;2;80;-;-;-;-
2020;1;Borsod-Abaúj-Zemplén;12;gimnázium;nő;nappali;magyar nyelv és irodalom;közép;rendes;Nem;magyar;4;60;60;megjelent;30;8;10;11;0;1;60;-;-;-;-
2020;1;Borsod-Abaúj-Zemplén;12;gimnázium;férfi;nappali;magyar nyelv és irodalom;közép;rendes;Nem;magyar;5;85;85;megjelent;38;8;20;13;4;2;85;-;-;-;-
2020;1;Borsod-Abaúj-Zemplén;12;gimnázium;nő;nappali;magyar nyelv és irodalom;közép;rendes;Nem;magyar;5;91;91;megjelent;37;10;24;14;4;2;91;-;-;-;-
2020;1;Borsod-Abaúj-Zemplén;12;gimnázium;nő;nappali;magyar nyelv és irodalom;közép;rendes;Nem;magyar;5;90;90;megjelent;32;10;25;14;7;2;90;-;-;-;-
2020;1;Borsod-Abaúj-Zemplén;12;gimnázium;nő;nappali;magyar nyelv és irodalom;közép;rendes;Nem;magyar;4;71;71;megjelent;31;8;17;10;4;1;71;-;-;-;-
2020;1;Borsod-Abaúj-Zemplén;12;gimnázium;nő;nappali;magyar nyelv és irodalom;közép;rendes;Nem;magyar;4;74;74;megjelent;30;9;21;12;0;2;74;-;-;-;-
2020;1;Borsod-Abaúj-Zemplén;12;gimnázium;nő;nappali;magyar nyelv és irodalom;közép;rendes;Nem;magyar;5;80;80;megjelent;32;9;21;14;2;2;80;-;-;-;-
2020;1;Borsod-Abaúj-Zemplén;12;gimnázium;nő;nappali;magyar nyelv és irodalom;közép;rendes;Nem;magyar;5;83;83;megjelent;31;10;23;15;2;2;83;-;-;-;-
2020;1;Borsod-Abaúj-Zemplén;12;gimnázium;férfi;nappali;magyar nyelv és irodalom;közép;rendes;Nem;magyar;4;76;76;megjelent;27;8;22;13;5;1;76;-;-;-;-
2020;1;Borsod-Abaúj-Zemplén;12;gimnázium;nő;nappali;magyar nyelv és irodalom;közép;rendes;Nem;magyar;4;68;68;megjelent;31;10;16;9;0;2;68;-;-;-;-
2020;1;Borsod-Abaúj-Zemplén;12;gimnázium;férfi;nappali;magyar nyelv és irodalom;közép;rendes;Nem;magyar;4;73;73;megjelent;32;9;19;12;0;1;73;-;-;-;-
2020;1;Borsod-Abaúj-Zemplén;12;gimnázium;nő;nappali;magyar nyelv és irodalom;közép;rendes;Nem;magyar;5;81;81;megjelent;25;10;22;15;7;2;81;-;-;-;-
2020;1;Borsod-Abaúj-Zemplén;12;gimnázium;férfi;nappali;magyar nyelv és irodalom;közép;rendes;Nem;magyar;4;79;79;megjelent;30;10;24;14;0;1;79;-;-;-;-
2020;1;Borsod-Abaúj-Zemplén;12;gimnázium;férfi;nappali;magyar nyelv és irodalom;közép;rendes;Nem;magyar;4;69;69;megjelent;32;7;18;10;2;0;69;-;-;-;-
2020;1;Borsod-Abaúj-Zemplén;12;gimnázium;férfi;nappali;magyar nyelv és irodalom;közép;rendes;Nem;magyar;4;70;70;megjelent;26;8;23;11;0;2;70;-;-;-;-
2020;1;Borsod-Abaúj-Zemplén;12;gimnázium;nő;nappali;magyar nyelv és irodalom;közép;rendes;Nem;magyar;4;69;69;megjelent;27;9;19;12;0;2;69;-;-;-;-
2020;1;Borsod-Abaúj-Zemplén;12;gimnázium;nő;nappali;magyar nyelv és irodalom;közép;rendes;Nem;magyar;4;68;68;megjelent;28;7;17;10;4;2;68;-;-;-;-
2020;1;Borsod-Abaúj-Zemplén;12;gimnázium;nő;nappali;magyar nyelv és irodalom;közép;rendes;Nem;magyar;5;86;86;megjelent;36;10;23;13;2;2;86;-;-;-;-
2020;1;Borsod-Abaúj-Zemplén;12;gimnázium;nő;nappali;magyar nyelv és irodalom;közép;rendes;Nem;magyar;4;66;66;megjelent;30;7;12;9;6;2;66;-;-;-;-
2020;1;Borsod-Abaúj-Zemplén;12;gimnázium;nő;nappali;magyar nyelv és irodalom;közép;rendes;Nem;magyar;4;76;76;megjelent;37;7;20;11;0;1;76;-;-;-;-
2020;1;Borsod-Abaúj-Zemplén;12;gimnázium;nő;nappali;magyar nyelv és irodalom;közép;rendes;Nem;magyar;5;87;87;megjelent;32;9;23;14;7;2;87;-;-;-;-
2020;1;Borsod-Abaúj-Zemplén;12;gimnázium;nő;nappali;magyar nyelv és irodalom;közép;rendes;Nem;magyar;5;96;96;megjelent;37;10;25;15;7;2;96;-;-;-;-
2020;1;Borsod-Abaúj-Zemplén;12;gimnázium;nő;nappali;magyar nyelv és irodalom;közép;rendes;Nem;magyar;4;67;67;megjelent;26;8;17;11;3;2;67;-;-;-;-
2020;1;Borsod-Abaúj-Zemplén;12;gimnázium;nő;nappali;magyar nyelv és irodalom;közép;rendes;Nem;magyar;5;96;96;megjelent;38;10;23;15;8;2;96;-;-;-;-
2020;1;Borsod-Abaúj-Zemplén;12;gimnázium;nő;nappali;magyar nyelv és irodalom;közép;rendes;Nem;magyar;4;74;74;megjelent;32;8;14;11;7;2;74;-;-;-;-
2020;1;Borsod-Abaúj-Zemplén;12;gimnázium;férfi;nappali;magyar nyelv és irodalom;közép;rendes;Nem;magyar;4;68;68;megjelent;36;7;13;8;3;1;68;-;-;-;-
2020;1;Borsod-Abaúj-Zemplén;12;gimnázium;nő;nappali;magyar nyelv és irodalom;közép;rendes;Nem;magyar;5;87;87;megjelent;33;9;22;14;7;2;87;-;-;-;-
2020;1;Borsod-Abaúj-Zemplén;12;gimnázium;nő;nappali;magyar nyelv és irodalom;közép;rendes;Nem;magyar;5;80;80;megjelent;33;8;24;13;0;2;80;-;-;-;-
2020;1;Borsod-Abaúj-Zemplén;12;gimnázium;férfi;nappali;magyar nyelv és irodalom;közép;rendes;Nem;magyar;4;64;64;megjelent;33;7;15;9;0;0;64;-;-;-;-
2020;1;Borsod-Abaúj-Zemplén;12;gimnázium;férfi;nappali;magyar nyelv és irodalom;közép;rendes;Nem;magyar;4;71;71;megjelent;33;7;14;9;6;2;71;-;-;-;-
2020;1;Borsod-Abaúj-Zemplén;12;gimnázium;férfi;nappali;magyar nyelv és irodalom;közép;rendes;Nem;magyar;5;80;80;megjelent;32;9;19;14;5;1;80;-;-;-;-
2020;1;Borsod-Abaúj-Zemplén;12;gimnázium;férfi;nappali;magyar nyelv és irodalom;közép;rendes;Nem;magyar;5;84;84;megjelent;35;8;22;11;6;2;84;-;-;-;-
2020;1;Borsod-Abaúj-Zemplén;12;gimnázium;férfi;nappali;magyar nyelv és irodalom;közép;rendes;Nem;magyar;5;81;81;megjelent;39;7;18;10;5;2;81;-;-;-;-
2020;1;Borsod-Abaúj-Zemplén;12;gimnázium;nő;nappali;magyar nyelv és irodalom;közép;rendes;Nem;magyar;3;55;55;megjelent;23;6;12;13;0;1;55;-;-;-;-
2020;1;Borsod-Abaúj-Zemplén;12;gimnázium;férfi;nappali;magyar nyelv és irodalom;közép;rendes;Nem;magyar;4;62;62;megjelent;31;7;12;8;3;1;62;-;-;-;-
2020;1;Borsod-Abaúj-Zemplén;12;gimnázium;férfi;nappali;magyar nyelv és irodalom;közép;rendes;Nem;magyar;5;85;85;megjelent;35;8;22;11;7;2;85;-;-;-;-
2020;1;Borsod-Abaúj-Zemplén;12;gimnázium;nő;nappali;magyar nyelv és irodalom;közép;rendes;Nem;magyar;5;84;84;megjelent;36;9;18;14;5;2;84;-;-;-;-
2020;1;Borsod-Abaúj-Zemplén;12;gimnázium;nő;nappali;magyar nyelv és irodalom;közép;rendes;Nem;magyar;5;85;85;megjelent;36;9;19;11;8;2;85;-;-;-;-
2020;1;Borsod-Abaúj-Zemplén;12;gimnázium;férfi;nappali;magyar nyelv és irodalom;közép;rendes;Nem;magyar;3;55;55;megjelent;27;6;12;10;0;0;55;-;-;-;-
2020;1;Borsod-Abaúj-Zemplén;12;gimnázium;nő;nappali;magyar nyelv és irodalom;közép;rendes;Nem;magyar;4;69;69;megjelent;32;7;14;10;4;2;69;-;-;-;-
2020;1;Borsod-Abaúj-Zemplén;12;gimnázium;férfi;nappali;magyar nyelv és irodalom;közép;rendes;Nem;magyar;3;52;52;megjelent;35;0;10;6;1;0;52;-;-;-;-
2020;1;Borsod-Abaúj-Zemplén;12;gimnázium;férfi;nappali;magyar nyelv és irodalom;közép;rendes;Igen;magyar;3;47;47;megjelent;24;4;6;4;8;1;47;-;-;-;-
2020;1;Borsod-Abaúj-Zemplén;13;szakközép;nő;nappali;magyar nyelv és irodalom;közép;rendes;Nem;magyar;2;27;41;megjelent;9;0;5;3;0;1;18;9;5;9;23
2020;1;Borsod-Abaúj-Zemplén;12;szakgimnázium/szakközépiskola (2016.09.01-től kifutó rendszerben);férfi;nappali;magyar nyelv és irodalom;közép;rendes;Igen;magyar;3;46;43;megjelent;25;6;6;6;0;0;43;-;-;-;-
2020;1;Borsod-Abaúj-Zemplén;12;szakgimnázium/szakközépiskola (2016.09.01-től kifutó rendszerben);férfi;nappali;magyar nyelv és irodalom;közép;rendes;Nem;magyar;2;39;39;megjelent;23;6;5;5;0;0;39;-;-;-;-
2020;1;Borsod-Abaúj-Zemplén;13;szakközép;nő;nappali;magyar nyelv és irodalom;közép;rendes;Nem;magyar;3;40;40;megjelent;20;3;9;7;0;1;40;-;-;-;-
2020;1;Borsod-Abaúj-Zemplén;12;gimnázium;nő;nappali;magyar nyelv és irodalom;közép;rendes;Igen;magyar;2;35;35;megjelent;17;4;2;3;8;1;35;-;-;-;-
2020;1;Borsod-Abaúj-Zemplén;12;gimnázium;férfi;nappali;magyar nyelv és irodalom;közép;rendes;Nem;magyar;5;80;80;megjelent;31;8;22;11;7;1;80;-;-;-;-
2020;1;Borsod-Abaúj-Zemplén;12;gimnázium;nő;nappali;magyar nyelv és irodalom;közép;rendes;Nem;magyar;5;89;89;megjelent;35;10;25;15;2;2;89;-;-;-;-
2020;1;Borsod-Abaúj-Zemplén;12;gimnázium;férfi;nappali;magyar nyelv és irodalom;közép;rendes;Nem;magyar;4;75;75;megjelent;33;7;20;11;2;2;75;-;-;-;-
2020;1;Borsod-Abaúj-Zemplén;12;gimnázium;férfi;nappali;magyar nyelv és irodalom;közép;rendes;Nem;magyar;5;93;93;megjelent;37;10;25;15;4;2;93;-;-;-;-
2020;1;Borsod-Abaúj-Zemplén;12;gimnázium;férfi;nappali;magyar nyelv és irodalom;közép;rendes;Nem;magyar;4;64;64;megjelent;33;6;14;8;2;1;64;-;-;-;-
2020;1;Borsod-Abaúj-Zemplén;12;gimnázium;nő;nappali;magyar nyelv és irodalom;közép;rendes;Nem;magyar;2;30;30;megjelent;18;4;3;4;0;1;30;-;-;-;-
2020;1;Borsod-Abaúj-Zemplén;12;szakgimnázium/szakközépiskola (2016.09.01-től kifutó rendszerben);nő;nappali;magyar nyelv és irodalom;közép;rendes;Nem;magyar;3;54;54;megjelent;26;9;10;9;0;0;54;-;-;-;-
2020;1;Borsod-Abaúj-Zemplén;12;gimnázium;férfi;nappali;magyar nyelv és irodalom;közép;rendes;Nem;magyar;3;55;55;megjelent;32;6;10;6;0;1;55;-;-;-;-
2020;1;Borsod-Abaúj-Zemplén;12;szakgimnázium/szakközépiskola (2016.09.01-től kifutó rendszerben);nő;nappali;magyar nyelv és irodalom;közép;rendes;Nem;magyar;3;47;47;megjelent;18;9;10;8;1;1;47;-;-;-;-
2020;1;Borsod-Abaúj-Zemplén;12;szakgimnázium/szakközépiskola (2016.09.01-től kifutó rendszerben);nő;nappali;magyar nyelv és irodalom;közép;rendes;Nem;magyar;4;64;64;megjelent;33;10;10;11;0;0;64;-;-;-;-
2020;1;Borsod-Abaúj-Zemplén;12;szakgimnázium/szakközépiskola (2016.09.01-től kifutó rendszerben);nő;nappali;magyar nyelv és irodalom;közép;rendes;Nem;magyar;3;50;50;megjelent;23;7;10;9;0;1;50;-;-;-;-
2020;1;Borsod-Abaúj-Zemplén;12;szakgimnázium/szakközépiskola (2016.09.01-től kifutó rendszerben);nő;nappali;magyar nyelv és irodalom;közép;rendes;Nem;magyar;4;60;60;megjelent;23;8;16;12;0;1;60;-;-;-;-
2020;1;Borsod-Abaúj-Zemplén;12;szakgimnázium/szakközépiskola (2016.09.01-től kifutó rendszerben);nő;nappali;magyar nyelv és irodalom;közép;rendes;Nem;magyar;4;72;72;megjelent;38;9;12;12;0;1;72;-;-;-;-
2020;1;Borsod-Abaúj-Zemplén;12;gimnázium;nő;nappali;magyar nyelv és irodalom;közép;rendes;Nem;magyar;5;96;96;megjelent;37;10;25;14;8;2;96;-;-;-;-
2020;1;Borsod-Abaúj-Zemplén;12;gimnázium;nő;nappali;magyar nyelv és irodalom;közép;rendes;Nem;magyar;5;95;95;megjelent;36;10;24;15;8;2;95;-;-;-;-
2020;1;Borsod-Abaúj-Zemplén;12;szakgimnázium/szakközépiskola (2016.09.01-től kifutó rendszerben);nő;nappali;magyar nyelv és irodalom;közép;rendes;Nem;magyar;5;83;83;megjelent;36;9;18;13;7;0;83;-;-;-;-
2020;1;Borsod-Abaúj-Zemplén;12;gimnázium;férfi;nappali;magyar nyelv és irodalom;közép;rendes;Nem;magyar;5;84;84;megjelent;39;10;18;14;1;2;84;-;-;-;-
2020;1;Borsod-Abaúj-Zemplén;12;szakgimnázium/szakközépiskola (2016.09.01-től kifutó rendszerben);nő;nappali;magyar nyelv és irodalom;közép;rendes;Nem;magyar;3;48;48;megjelent;20;9;10;9;0;0;48;-;-;-;-
2020;1;Borsod-Abaúj-Zemplén;12;szakgimnázium/szakközépiskola (2016.09.01-től kifutó rendszerben);nő;nappali;magyar nyelv és irodalom;közép;rendes;Nem;magyar;4;74;74;megjelent;33;9;16;13;2;1;74;-;-;-;-
2020;1;Borsod-Abaúj-Zemplén;12;gimnázium;férfi;nappali;magyar nyelv és irodalom;közép;rendes;Nem;magyar;5;81;81;megjelent;35;10;18;12;5;1;81;-;-;-;-
2020;1;Borsod-Abaúj-Zemplén;12;szakgimnázium/szakközépiskola (2016.09.01-től kifutó rendszerben);nő;nappali;magyar nyelv és irodalom;közép;rendes;Nem;magyar;3;57;57;megjelent;27;7;12;11;0;0;57;-;-;-;-
2020;1;Borsod-Abaúj-Zemplén;12;szakgimnázium/szakközépiskola (2016.09.01-től kifutó rendszerben);férfi;nappali;magyar nyelv és irodalom;közép;rendes;Nem;magyar;4;65;65;megjelent;26;8;16;12;2;1;65;-;-;-;-
2020;1;Borsod-Abaúj-Zemplén;12;gimnázium;férfi;nappali;magyar nyelv és irodalom;közép;rendes;Nem;magyar;4;63;63;megjelent;31;10;10;9;1;2;63;-;-;-;-
2020;1;Borsod-Abaúj-Zemplén;12;gimnázium;nő;nappali;magyar nyelv és irodalom;közép;rendes;Nem;magyar;5;96;96;megjelent;36;10;25;15;8;2;96;-;-;-;-
2020;1;Borsod-Abaúj-Zemplén;12;szakgimnázium/szakközépiskola (2016.09.01-től kifutó rendszerben);férfi;nappali;magyar nyelv és irodalom;közép;rendes;Nem;magyar;3;57;57;megjelent;29;8;9;9;0;2;57;-;-;-;-
2020;1;Borsod-Abaúj-Zemplén;12;gimnázium;nő;nappali;magyar nyelv és irodalom;közép;rendes;Nem;magyar;5;83;83;megjelent;37;9;18;13;4;2;83;-;-;-;-
2020;1;Borsod-Abaúj-Zemplén;12;gimnázium;férfi;nappali;magyar nyelv és irodalom;közép;rendes;Nem;magyar;5;87;87;megjelent;39;9;23;14;0;2;87;-;-;-;-
2020;1;Borsod-Abaúj-Zemplén;12;gimnázium;férfi;nappali;magyar nyelv és irodalom;közép;rendes;Nem;magyar;5;83;83;megjelent;37;10;20;13;2;1;83;-;-;-;-
2020;1;Borsod-Abaúj-Zemplén;12;gimnázium;nő;nappali;magyar nyelv és irodalom;közép;rendes;Nem;magyar;5;97;97;megjelent;38;10;25;15;7;2;97;-;-;-;-
2020;1;Borsod-Abaúj-Zemplén;12;gimnázium;férfi;nappali;magyar nyelv és irodalom;közép;rendes;Nem;magyar;5;98;98;megjelent;39;10;25;15;7;2;98;-;-;-;-
2020;1;Borsod-Abaúj-Zemplén;12;gimnázium;férfi;nappali;magyar nyelv és irodalom;közép;rendes;Nem;magyar;4;68;68;megjelent;32;10;15;10;0;1;68;-;-;-;-
2020;1;Borsod-Abaúj-Zemplén;12;gimnázium;nő;nappali;magyar nyelv és irodalom;közép;rendes;Nem;magyar;5;86;86;megjelent;34;10;22;12;6;2;86;-;-;-;-
2020;1;Borsod-Abaúj-Zemplén;12;gimnázium;nő;nappali;magyar nyelv és irodalom;közép;rendes;Nem;magyar;5;82;82;megjelent;35;10;22;13;0;2;82;-;-;-;-
2020;1;Borsod-Abaúj-Zemplén;12;gimnázium;férfi;nappali;magyar nyelv és irodalom;közép;rendes;Nem;magyar;5;86;86;megjelent;34;10;20;14;6;2;86;-;-;-;-
2020;1;Borsod-Abaúj-Zemplén;12;gimnázium;nő;nappali;magyar nyelv és irodalom;közép;rendes;Nem;magyar;4;63;63;megjelent;26;9;18;9;0;1;63;-;-;-;-
2020;1;Borsod-Abaúj-Zemplén;12;gimnázium;férfi;nappali;magyar nyelv és irodalom;közép;rendes;Nem;magyar;3;44;44;megjelent;19;4;12;9;0;0;44;-;-;-;-
2020;1;Borsod-Abaúj-Zemplén;12;gimnázium;férfi;nappali;magyar nyelv és irodalom;közép;rendes;Nem;magyar;3;44;44;megjelent;25;0;10;9;0;0;44;-;-;-;-
2020;1;Borsod-Abaúj-Zemplén;12;gimnázium;férfi;nappali;magyar nyelv és irodalom;közép;rendes;Nem;magyar;4;77;77;megjelent;28;4;23;13;7;2;77;-;-;-;-
2020;1;Borsod-Abaúj-Zemplén;12;gimnázium;nő;nappali;magyar nyelv és irodalom;közép;rendes;Nem;magyar;2;35;35;megjelent;15;4;8;7;0;1;35;-;-;-;-
2020;1;Borsod-Abaúj-Zemplén;12;gimnázium;nő;nappali;magyar nyelv és irodalom;közép;rendes;Nem;magyar;4;62;62;megjelent;23;5;18;10;4;2;62;-;-;-;-
2020;1;Borsod-Abaúj-Zemplén;12;gimnázium;férfi;nappali;magyar nyelv és irodalom;közép;rendes;Nem;magyar;3;57;57;megjelent;25;6;16;9;0;1;57;-;-;-;-
2020;1;Borsod-Abaúj-Zemplén;12;gimnázium;férfi;nappali;magyar nyelv és irodalom;közép;rendes;Nem;magyar;3;58;58;megjelent;26;4;17;10;0;1;58;-;-;-;-
2020;1;Borsod-Abaúj-Zemplén;12;gimnázium;férfi;nappali;magyar nyelv és irodalom;közép;rendes;Nem;magyar;2;37;37;megjelent;26;0;7;4;0;0;37;-;-;-;-
2020;1;Borsod-Abaúj-Zemplén;12;gimnázium;nő;nappali;magyar nyelv és irodalom;közép;rendes;Nem;magyar;3;51;51;megjelent;26;0;16;9;0;0;51;-;-;-;-
2020;1;Borsod-Abaúj-Zemplén;12;gimnázium;férfi;nappali;magyar nyelv és irodalom;közép;rendes;Nem;magyar;3;45;45;megjelent;23;4;11;6;0;1;45;-;-;-;-
2020;1;Borsod-Abaúj-Zemplén;12;gimnázium;férfi;nappali;magyar nyelv és irodalom;közép;rendes;Nem;magyar;3;51;51;megjelent;24;4;13;9;0;1;51;-;-;-;-
2020;1;Borsod-Abaúj-Zemplén;12;gimnázium;férfi;nappali;magyar nyelv és irodalom;közép;rendes;Nem;magyar;4;62;62;megjelent;23;7;20;11;0;1;62;-;-;-;-
2020;1;Borsod-Abaúj-Zemplén;12;gimnázium;nő;nappali;magyar nyelv és irodalom;közép;rendes;Nem;magyar;5;95;95;megjelent;37;10;25;15;6;2;95;-;-;-;-
2020;1;Borsod-Abaúj-Zemplén;12;gimnázium;nő;nappali;magyar nyelv és irodalom;közép;rendes;Nem;magyar;5;97;97;megjelent;37;10;25;15;8;2;97;-;-;-;-
2020;1;Borsod-Abaúj-Zemplén;12;szakgimnázium/szakközépiskola (2016.09.01-től kifutó rendszerben);férfi;nappali;magyar nyelv és irodalom;közép;rendes;Nem;magyar;3;50;50;megjelent;31;4;9;6;0;0;50;-;-;-;-
2020;1;Borsod-Abaúj-Zemplén;12;szakgimnázium/szakközépiskola (2016.09.01-től kifutó rendszerben);férfi;nappali;magyar nyelv és irodalom;közép;rendes;Nem;magyar;2;32;32;megjelent;23;4;2;3;0;0;32;-;-;-;-
2020;1;Borsod-Abaúj-Zemplén;12;szakgimnázium/szakközépiskola (2016.09.01-től kifutó rendszerben);férfi;nappali;magyar nyelv és irodalom;közép;rendes;Nem;magyar;5;82;82;megjelent;33;7;20;13;7;2;82;-;-;-;-
2020;1;Borsod-Abaúj-Zemplén;12;szakgimnázium/szakközépiskola (2016.09.01-től kifutó rendszerben);férfi;nappali;magyar nyelv és irodalom;közép;rendes;Nem;magyar;3;51;51;megjelent;25;5;11;9;0;1;51;-;-;-;-
2020;1;Borsod-Abaúj-Zemplén;12;szakgimnázium/szakközépiskola (2016.09.01-től kifutó rendszerben);férfi;nappali;magyar nyelv és irodalom;közép;rendes;Nem;magyar;5;82;82;megjelent;37;9;16;13;6;1;82;-;-;-;-
2020;1;Borsod-Abaúj-Zemplén;12;szakgimnázium/szakközépiskola (2016.09.01-től kifutó rendszerben);férfi;nappali;magyar nyelv és irodalom;közép;rendes;Nem;magyar;4;69;69;megjelent;29;8;19;12;0;1;69;-;-;-;-
2020;1;Borsod-Abaúj-Zemplén;12;szakgimnázium/szakközépiskola (2016.09.01-től kifutó rendszerben);nő;nappali;magyar nyelv és irodalom;közép;rendes;Nem;magyar;3;50;50;megjelent;23;5;11;9;0;2;50;-;-;-;-
2020;1;Borsod-Abaúj-Zemplén;12;szakgimnázium/szakközépiskola (2016.09.01-től kifutó rendszerben);nő;nappali;magyar nyelv és irodalom;közép;rendes;Nem;magyar;2;36;36;megjelent;26;2;3;4;1;0;36;-;-;-;-
2020;1;Borsod-Abaúj-Zemplén;12;szakgimnázium/szakközépiskola (2016.09.01-től kifutó rendszerben);férfi;nappali;magyar nyelv és irodalom;közép;rendes;Nem;magyar;2;33;33;megjelent;19;5;5;3;0;1;33;-;-;-;-
2020;1;Borsod-Abaúj-Zemplén;12;szakgimnázium/szakközépiskola (2016.09.01-től kifutó rendszerben);férfi;nappali;magyar nyelv és irodalom;közép;rendes;Nem;magyar;3;40;40;megjelent;23;5;9;3;0;0;40;-;-;-;-
2020;1;Borsod-Abaúj-Zemplén;12;szakgimnázium/szakközépiskola (2016.09.01-től kifutó rendszerben);férfi;nappali;magyar nyelv és irodalom;közép;rendes;Nem;magyar;3;46;46;megjelent;21;7;7;9;1;1;46;-;-;-;-
2020;1;Borsod-Abaúj-Zemplén;12;szakgimnázium/szakközépiskola (2016.09.01-től kifutó rendszerben);férfi;nappali;magyar nyelv és irodalom;közép;rendes;Nem;magyar;3;41;41;megjelent;25;2;7;5;1;1;41;-;-;-;-
2020;1;Borsod-Abaúj-Zemplén;12;szakgimnázium/szakközépiskola (2016.09.01-től kifutó rendszerben);férfi;nappali;magyar nyelv és irodalom;közép;rendes;Nem;magyar;3;47;47;megjelent;26;6;9;5;0;1;47;-;-;-;-
2020;1;Borsod-Abaúj-Zemplén;12;szakgimnázium/szakközépiskola (2016.09.01-től kifutó rendszerben);férfi;nappali;magyar nyelv és irodalom;közép;rendes;Nem;magyar;2;36;36;megjelent;23;7;2;3;0;1;36;-;-;-;-
2020;1;Borsod-Abaúj-Zemplén;12;szakgimnázium/szakközépiskola (2016.09.01-től kifutó rendszerben);férfi;nappali;magyar nyelv és irodalom;közép;rendes;Nem;magyar;2;31;31;megjelent;21;0;2;3;5;0;31;-;-;-;-
2020;1;Borsod-Abaúj-Zemplén;12;szakgimnázium/szakközépiskola (2016.09.01-től kifutó rendszerben);férfi;nappali;magyar nyelv és irodalom;közép;rendes;Nem;magyar;4;64;64;megjelent;28;6;15;9;6;0;64;-;-;-;-
2020;1;Borsod-Abaúj-Zemplén;12;szakgimnázium/szakközépiskola (2016.09.01-től kifutó rendszerben);férfi;nappali;magyar nyelv és irodalom;közép;rendes;Nem;magyar;4;61;61;megjelent;36;5;8;8;3;1;61;-;-;-;-
2020;1;Borsod-Abaúj-Zemplén;12;szakgimnázium/szakközépiskola (2016.09.01-től kifutó rendszerben);nő;nappali;magyar nyelv és irodalom;közép;rendes;Nem;magyar;5;81;81;megjelent;31;9;19;15;5;2;81;-;-;-;-
2020;1;Borsod-Abaúj-Zemplén;12;szakgimnázium/szakközépiskola (2016.09.01-től kifutó rendszerben);férfi;nappali;magyar nyelv és irodalom;közép;rendes;Nem;magyar;5;84;84;megjelent;32;8;21;14;8;1;84;-;-;-;-
2020;1;Borsod-Abaúj-Zemplén;12;szakgimnázium/szakközépiskola (2016.09.01-től kifutó rendszerben);férfi;nappali;magyar nyelv és irodalom;közép;rendes;Nem;magyar;3;40;40;megjelent;20;4;10;4;0;2;40;-;-;-;-
2020;1;Borsod-Abaúj-Zemplén;12;szakgimnázium/szakközépiskola (2016.09.01-től kifutó rendszerben);férfi;nappali;magyar nyelv és irodalom;közép;rendes;Nem;magyar;2;30;30;megjelent;20;5;2;3;0;0;30;-;-;-;-
2020;1;Borsod-Abaúj-Zemplén;12;szakgimnázium/szakközépiskola (2016.09.01-től kifutó rendszerben);nő;nappali;magyar nyelv és irodalom;közép;rendes;Nem;magyar;3;44;44;megjelent;24;5;7;7;0;1;44;-;-;-;-
2020;1;Borsod-Abaúj-Zemplén;12;szakgimnázium/szakközépiskola (2016.09.01-től kifutó rendszerben);nő;nappali;magyar nyelv és irodalom;közép;rendes;Nem;magyar;3;43;43;megjelent;22;4;9;6;0;2;43;-;-;-;-
2020;1;Borsod-Abaúj-Zemplén;12;szakgimnázium/szakközépiskola (2016.09.01-től kifutó rendszerben);férfi;nappali;magyar nyelv és irodalom;közép;rendes;Nem;magyar;2;31;31;megjelent;22;4;0;0;5;0;31;-;-;-;-
2020;1;Borsod-Abaúj-Zemplén;12;szakgimnázium/szakközépiskola (2016.09.01-től kifutó rendszerben);férfi;nappali;magyar nyelv és irodalom;közép;rendes;Nem;magyar;3;52;52;megjelent;24;6;7;10;3;2;52;-;-;-;-
2020;1;Borsod-Abaúj-Zemplén;12;szakgimnázium/szakközépiskola (2016.09.01-től kifutó rendszerben);nő;nappali;magyar nyelv és irodalom;közép;rendes;Nem;magyar;3;44;44;megjelent;22;6;8;6;0;2;44;-;-;-;-
2020;1;Borsod-Abaúj-Zemplén;12;szakgimnázium/szakközépiskola (2016.09.01-től kifutó rendszerben);férfi;nappali;magyar nyelv és irodalom;közép;rendes;Nem;magyar;4;72;72;megjelent;35;9;17;9;0;2;72;-;-;-;-
2020;1;Borsod-Abaúj-Zemplén;12;szakgimnázium/szakközépiskola (2016.09.01-től kifutó rendszerben);nő;nappali;magyar nyelv és irodalom;közép;rendes;Nem;magyar;4;72;72;megjelent;29;6;20;11;4;2;72;-;-;-;-
2020;1;Borsod-Abaúj-Zemplén;12;szakgimnázium/szakközépiskola (2016.09.01-től kifutó rendszerben);nő;nappali;magyar nyelv és irodalom;közép;rendes;Nem;magyar;3;41;41;megjelent;21;4;8;6;0;2;41;-;-;-;-
2020;1;Borsod-Abaúj-Zemplén;12;szakgimnázium/szakközépiskola (2016.09.01-től kifutó rendszerben);nő;nappali;magyar nyelv és irodalom;közép;rendes;Nem;magyar;3;53;53;megjelent;28;5;6;6;6;2;53;-;-;-;-
2020;1;Borsod-Abaúj-Zemplén;12;szakgimnázium/szakközépiskola (2016.09.01-től kifutó rendszerben);nő;nappali;magyar nyelv és irodalom;közép;rendes;Nem;magyar;4;66;66;megjelent;31;7;12;9;5;2;66;-;-;-;-
2020;1;Borsod-Abaúj-Zemplén;12;gimnázium;nő;nappali;magyar nyelv és irodalom;közép;rendes;Nem;magyar;5;88;88;megjelent;31;10;23;14;8;2;88;-;-;-;-
2020;1;Borsod-Abaúj-Zemplén;12;szakgimnázium/szakközépiskola (2016.09.01-től kifutó rendszerben);férfi;nappali;magyar nyelv és irodalom;közép;rendes;Nem;magyar;3;57;57;megjelent;30;10;8;8;0;1;57;-;-;-;-
2020;1;Borsod-Abaúj-Zemplén;12;szakgimnázium/szakközépiskola (2016.09.01-től kifutó rendszerben);férfi;nappali;magyar nyelv és irodalom;közép;rendes;Nem;magyar;3;56;56;megjelent;33;5;11;7;0;0;56;-;-;-;-
2020;1;Borsod-Abaúj-Zemplén;12;szakgimnázium/szakközépiskola (2016.09.01-től kifutó rendszerben);nő;nappali;magyar nyelv és irodalom;közép;rendes;Nem;magyar;3;48;48;megjelent;25;4;6;9;2;2;48;-;-;-;-
2020;1;Borsod-Abaúj-Zemplén;12;szakgimnázium/szakközépiskola (2016.09.01-től kifutó rendszerben);nő;nappali;magyar nyelv és irodalom;közép;rendes;Nem;magyar;3;56;56;megjelent;26;7;6;7;8;2;56;-;-;-;-
2020;1;Borsod-Abaúj-Zemplén;12;szakgimnázium/szakközépiskola (2016.09.01-től kifutó rendszerben);nő;nappali;magyar nyelv és irodalom;közép;rendes;Nem;magyar;4;62;62;megjelent;29;7;11;8;5;2;62;-;-;-;-
2020;1;Borsod-Abaúj-Zemplén;12;szakgimnázium/szakközépiskola (2016.09.01-től kifutó rendszerben);nő;nappali;magyar nyelv és irodalom;közép;rendes;Nem;magyar;4;71;71;megjelent;30;10;12;10;7;2;71;-;-;-;-
2020;1;Borsod-Abaúj-Zemplén;12;szakgimnázium/szakközépiskola (2016.09.01-től kifutó rendszerben);férfi;nappali;magyar nyelv és irodalom;közép;rendes;Nem;magyar;3;52;52;megjelent;29;5;10;7;0;1;52;-;-;-;-
2020;1;Borsod-Abaúj-Zemplén;12;szakgimnázium/szakközépiskola (2016.09.01-től kifutó rendszerben);nő;nappali;magyar nyelv és irodalom;közép;rendes;Nem;magyar;4;69;69;megjelent;28;9;12;10;8;2;69;-;-;-;-
2020;1;Borsod-Abaúj-Zemplén;12;szakgimnázium/szakközépiskola (2016.09.01-től kifutó rendszerben);férfi;nappali;magyar nyelv és irodalom;közép;rendes;Nem;magyar;4;67;67;megjelent;27;9;13;9;8;1;67;-;-;-;-
2020;1;Borsod-Abaúj-Zemplén;12;szakgimnázium/szakközépiskola (2016.09.01-től kifutó rendszerben);nő;nappali;magyar nyelv és irodalom;közép;rendes;Nem;magyar;3;51;51;megjelent;26;8;8;7;0;2;51;-;-;-;-
2020;1;Borsod-Abaúj-Zemplén;12;szakgimnázium/szakközépiskola (2016.09.01-től kifutó rendszerben);férfi;nappali;magyar nyelv és irodalom;közép;rendes;Nem;magyar;4;64;64;megjelent;30;7;10;9;7;1;64;-;-;-;-
2020;1;Borsod-Abaúj-Zemplén;12;szakgimnázium/szakközépiskola (2016.09.01-től kifutó rendszerben);nő;nappali;magyar nyelv és irodalom;közép;rendes;Nem;magyar;5;87;87;megjelent;36;10;19;12;8;2;87;-;-;-;-
2020;1;Borsod-Abaúj-Zemplén;12;szakgimnázium/szakközépiskola (2016.09.01-től kifutó rendszerben);nő;nappali;magyar nyelv és irodalom;közép;rendes;Nem;magyar;4;67;67;megjelent;33;8;9;9;6;2;67;-;-;-;-
2020;1;Borsod-Abaúj-Zemplén;12;szakgimnázium/szakközépiskola (2016.09.01-től kifutó rendszerben);férfi;nappali;magyar nyelv és irodalom;közép;rendes;Nem;magyar;4;61;61;megjelent;36;9;8;7;0;1;61;-;-;-;-
2020;1;Borsod-Abaúj-Zemplén;12;szakgimnázium/szakközépiskola (2016.09.01-től kifutó rendszerben);férfi;nappali;magyar nyelv és irodalom;közép;rendes;Nem;magyar;3;50;50;megjelent;30;6;7;6;0;1;50;-;-;-;-
2020;1;Borsod-Abaúj-Zemplén;12;szakgimnázium/szakközépiskola (2016.09.01-től kifutó rendszerben);férfi;nappali;magyar nyelv és irodalom;közép;rendes;Nem;magyar;4;69;69;megjelent;35;8;14;10;0;2;69;-;-;-;-
2020;1;Borsod-Abaúj-Zemplén;12;szakgimnázium/szakközépiskola (2016.09.01-től kifutó rendszerben);nő;nappali;magyar nyelv és irodalom;közép;rendes;Nem;magyar;5;88;88;megjelent;36;9;21;14;6;2;88;-;-;-;-
2020;1;Borsod-Abaúj-Zemplén;12;szakgimnázium/szakközépiskola (2016.09.01-től kifutó rendszerben);nő;nappali;magyar nyelv és irodalom;közép;rendes;Nem;magyar;4;68;68;megjelent;34;8;14;10;0;2;68;-;-;-;-
2020;1;Borsod-Abaúj-Zemplén;12;szakgimnázium/szakközépiskola (2016.09.01-től kifutó rendszerben);nő;nappali;magyar nyelv és irodalom;közép;rendes;Nem;magyar;4;67;67;megjelent;32;9;16;9;0;1;67;-;-;-;-
2020;1;Borsod-Abaúj-Zemplén;12;szakgimnázium/szakközépiskola (2016.09.01-től kifutó rendszerben);férfi;nappali;magyar nyelv és irodalom;közép;rendes;Nem;magyar;4;68;68;megjelent;34;8;15;10;0;1;68;-;-;-;-
2020;1;Borsod-Abaúj-Zemplén;12;szakgimnázium/szakközépiskola (2016.09.01-től kifutó rendszerben);nő;nappali;magyar nyelv és irodalom;közép;rendes;Nem;magyar;4;67;67;megjelent;31;8;11;9;6;2;67;-;-;-;-
2020;1;Borsod-Abaúj-Zemplén;12;szakgimnázium/szakközépiskola (2016.09.01-től kifutó rendszerben);férfi;nappali;magyar nyelv és irodalom;közép;rendes;Nem;magyar;4;68;68;megjelent;30;8;16;12;0;2;68;-;-;-;-
2020;1;Borsod-Abaúj-Zemplén;12;szakgimnázium/szakközépiskola (2016.09.01-től kifutó rendszerben);nő;nappali;magyar nyelv és irodalom;közép;rendes;Nem;magyar;4;68;68;megjelent;32;9;15;8;2;2;68;-;-;-;-
2020;1;Borsod-Abaúj-Zemplén;12;szakgimnázium/szakközépiskola (2016.09.01-től kifutó rendszerben);nő;nappali;magyar nyelv és irodalom;közép;rendes;Nem;magyar;4;64;64;megjelent;26;9;17;11;0;1;64;-;-;-;-
2020;1;Borsod-Abaúj-Zemplén;12;szakgimnázium/szakközépiskola (2016.09.01-től kifutó rendszerben);nő;nappali;magyar nyelv és irodalom;közép;rendes;Nem;magyar;4;66;66;megjelent;24;9;16;12;3;2;66;-;-;-;-
2020;1;Borsod-Abaúj-Zemplén;12;szakgimnázium/szakközépiskola (2016.09.01-től kifutó rendszerben);nő;nappali;magyar nyelv és irodalom;közép;rendes;Nem;magyar;4;60;60;megjelent;26;5;14;12;1;2;60;-;-;-;-
2020;1;Borsod-Abaúj-Zemplén;12;szakgimnázium/szakközépiskola (2016.09.01-től kifutó rendszerben);férfi;nappali;magyar nyelv és irodalom;közép;rendes;Nem;magyar;4;69;69;megjelent;31;7;15;10;4;2;69;-;-;-;-
2020;1;Borsod-Abaúj-Zemplén;12;szakgimnázium/szakközépiskola (2016.09.01-től kifutó rendszerben);férfi;nappali;magyar nyelv és irodalom;közép;rendes;Nem;magyar;4;67;67;megjelent;30;9;13;13;0;2;67;-;-;-;-
2020;1;Borsod-Abaúj-Zemplén;12;szakgimnázium/szakközépiskola (2016.09.01-től kifutó rendszerben);nő;nappali;magyar nyelv és irodalom;közép;rendes;Nem;magyar;4;76;76;megjelent;35;10;13;10;7;1;76;-;-;-;-
2020;1;Borsod-Abaúj-Zemplén;12;szakgimnázium/szakközépiskola (2016.09.01-től kifutó rendszerben);férfi;nappali;magyar nyelv és irodalom;közép;rendes;Nem;magyar;3;50;50;megjelent;23;6;12;8;0;1;50;-;-;-;-
2020;1;Borsod-Abaúj-Zemplén;12;szakgimnázium/szakközépiskola (2016.09.01-től kifutó rendszerben);férfi;nappali;magyar nyelv és irodalom;közép;rendes;Nem;magyar;5;81;81;megjelent;36;9;19;15;0;2;81;-;-;-;-
2020;1;Borsod-Abaúj-Zemplén;12;szakgimnázium/szakközépiskola (2016.09.01-től kifutó rendszerben);nő;nappali;magyar nyelv és irodalom;közép;rendes;Nem;magyar;4;73;73;megjelent;34;9;16;12;0;2;73;-;-;-;-
2020;1;Borsod-Abaúj-Zemplén;12;szakgimnázium/szakközépiskola (2016.09.01-től kifutó rendszerben);nő;nappali;magyar nyelv és irodalom;közép;rendes;Nem;magyar;4;61;61;megjelent;26;4;16;10;3;2;61;-;-;-;-
2020;1;Borsod-Abaúj-Zemplén;12;szakgimnázium/szakközépiskola (2016.09.01-től kifutó rendszerben);nő;nappali;magyar nyelv és irodalom;közép;rendes;Nem;magyar;4;64;64;megjelent;28;9;15;10;0;2;64;-;-;-;-
2020;1;Borsod-Abaúj-Zemplén;12;szakgimnázium/szakközépiskola (2016.09.01-től kifutó rendszerben);férfi;nappali;magyar nyelv és irodalom;közép;rendes;Nem;magyar;4;75;75;megjelent;34;9;14;12;4;2;75;-;-;-;-
2020;1;Borsod-Abaúj-Zemplén;12;szakgimnázium/szakközépiskola (2016.09.01-től kifutó rendszerben);nő;nappali;magyar nyelv és irodalom;közép;rendes;Nem;magyar;4;60;60;megjelent;21;10;16;10;1;2;60;-;-;-;-
2020;1;Borsod-Abaúj-Zemplén;12;szakgimnázium/szakközépiskola (2016.09.01-től kifutó rendszerben);férfi;nappali;magyar nyelv és irodalom;közép;rendes;Nem;magyar;5;83;83;megjelent;33;10;23;11;4;2;83;-;-;-;-
2020;1;Borsod-Abaúj-Zemplén;12;szakgimnázium/szakközépiskola (2016.09.01-től kifutó rendszerben);férfi;nappali;magyar nyelv és irodalom;közép;rendes;Nem;magyar;5;81;81;megjelent;30;10;20;15;5;1;81;-;-;-;-
2020;1;Borsod-Abaúj-Zemplén;12;szakgimnázium/szakközépiskola (2016.09.01-től kifutó rendszerben);nő;nappali;magyar nyelv és irodalom;közép;rendes;Nem;magyar;4;70;70;megjelent;33;6;11;11;7;2;70;-;-;-;-
2020;1;Borsod-Abaúj-Zemplén;12;szakgimnázium/szakközépiskola (2016.09.01-től kifutó rendszerben);nő;nappali;magyar nyelv és irodalom;közép;rendes;Nem;magyar;5;82;82;megjelent;36;10;18;14;2;2;82;-;-;-;-
2020;1;Borsod-Abaúj-Zemplén;12;szakgimnázium/szakközépiskola (2016.09.01-től kifutó rendszerben);férfi;nappali;magyar nyelv és irodalom;közép;rendes;Nem;magyar;3;48;48;megjelent;23;5;10;9;0;1;48;-;-;-;-
2020;1;Borsod-Abaúj-Zemplén;12;szakgimnázium/szakközépiskola (2016.09.01-től kifutó rendszerben);nő;nappali;magyar nyelv és irodalom;közép;rendes;Nem;magyar;5;86;86;megjelent;34;10;20;15;5;2;86;-;-;-;-
2020;1;Borsod-Abaúj-Zemplén;12;szakgimnázium/szakközépiskola (2016.09.01-től kifutó rendszerben);férfi;nappali;magyar nyelv és irodalom;közép;rendes;Nem;magyar;5;80;80;megjelent;32;8;20;13;7;0;80;-;-;-;-
2020;1;Borsod-Abaúj-Zemplén;12;szakgimnázium/szakközépiskola (2016.09.01-től kifutó rendszerben);férfi;nappali;magyar nyelv és irodalom;közép;rendes;Nem;magyar;3;48;48;megjelent;26;6;10;5;0;1;48;-;-;-;-
2020;1;Borsod-Abaúj-Zemplén;12;szakgimnázium/szakközépiskola (2016.09.01-től kifutó rendszerben);nő;nappali;magyar nyelv és irodalom;közép;rendes;Nem;magyar;4;63;63;megjelent;29;8;10;8;6;2;63;-;-;-;-
2020;1;Borsod-Abaúj-Zemplén;12;szakgimnázium/szakközépiskola (2016.09.01-től kifutó rendszerben);nő;nappali;magyar nyelv és irodalom;közép;rendes;Nem;magyar;4;64;64;megjelent;24;8;15;9;6;2;64;-;-;-;-
2020;1;Borsod-Abaúj-Zemplén;12;szakgimnázium/szakközépiskola (2016.09.01-től kifutó rendszerben);nő;nappali;magyar nyelv és irodalom;közép;rendes;Igen;magyar;5;84;42;megjelent;-;-;-;-;-;-;-;20;8;14;42
2020;1;Borsod-Abaúj-Zemplén;12;szakgimnázium/szakközépiskola (2016.09.01-től kifutó rendszerben);nő;nappali;magyar nyelv és irodalom;közép;rendes;Nem;magyar;4;65;65;megjelent;32;7;15;9;0;2;65;-;-;-;-
2020;1;Borsod-Abaúj-Zemplén;12;szakgimnázium/szakközépiskola (2016.09.01-től kifutó rendszerben);nő;nappali;magyar nyelv és irodalom;közép;rendes;Nem;magyar;5;80;80;megjelent;31;10;19;14;4;2;80;-;-;-;-
2020;1;Borsod-Abaúj-Zemplén;12;szakgimnázium/szakközépiskola (2016.09.01-től kifutó rendszerben);férfi;nappali;magyar nyelv és irodalom;közép;rendes;Nem;magyar;4;70;70;megjelent;32;9;17;10;0;2;70;-;-;-;-
2020;1;Borsod-Abaúj-Zemplén;12;szakgimnázium/szakközépiskola (2016.09.01-től kifutó rendszerben);férfi;nappali;magyar nyelv és irodalom;közép;rendes;Nem;magyar;3;54;54;megjelent;25;7;12;8;0;2;54;-;-;-;-
2020;1;Borsod-Abaúj-Zemplén;12;szakgimnázium/szakközépiskola (2016.09.01-től kifutó rendszerben);nő;nappali;magyar nyelv és irodalom;közép;rendes;Nem;magyar;5;86;86;megjelent;36;10;25;13;0;2;86;-;-;-;-
2020;1;Borsod-Abaúj-Zemplén;12;szakgimnázium/szakközépiskola (2016.09.01-től kifutó rendszerben);férfi;nappali;magyar nyelv és irodalom;közép;rendes;Nem;magyar;5;85;85;megjelent;34;7;22;15;5;2;85;-;-;-;-
2020;1;Borsod-Abaúj-Zemplén;12;szakgimnázium/szakközépiskola (2016.09.01-től kifutó rendszerben);nő;nappali;magyar nyelv és irodalom;közép;rendes;Nem;magyar;4;75;75;megjelent;33;9;18;13;0;2;75;-;-;-;-
2020;1;Borsod-Abaúj-Zemplén;12;szakgimnázium/szakközépiskola (2016.09.01-től kifutó rendszerben);nő;nappali;magyar nyelv és irodalom;közép;rendes;Nem;magyar;4;69;69;megjelent;30;8;16;9;4;2;69;-;-;-;-
2020;1;Borsod-Abaúj-Zemplén;12;szakgimnázium/szakközépiskola (2016.09.01-től kifutó rendszerben);férfi;nappali;magyar nyelv és irodalom;közép;rendes;Nem;magyar;4;74;74;megjelent;30;8;18;14;2;2;74;-;-;-;-
2020;1;Borsod-Abaúj-Zemplén;12;szakgimnázium/szakközépiskola (2016.09.01-től kifutó rendszerben);férfi;nappali;magyar nyelv és irodalom;közép;rendes;Nem;magyar;3;58;58;megjelent;26;7;14;10;0;1;58;-;-;-;-
2020;1;Borsod-Abaúj-Zemplén;12;szakgimnázium/szakközépiskola (2016.09.01-től kifutó rendszerben);férfi;nappali;magyar nyelv és irodalom;közép;rendes;Igen;magyar;2;32;16;megjelent;-;-;-;-;-;-;-;5;4;7;16
2020;1;Borsod-Abaúj-Zemplén;12;szakgimnázium/szakközépiskola (2016.09.01-től kifutó rendszerben);férfi;nappali;magyar nyelv és irodalom;közép;rendes;Nem;magyar;3;47;47;megjelent;25;6;9;5;0;2;47;-;-;-;-
2020;1;Borsod-Abaúj-Zemplén;12;gimnázium;férfi;nappali;magyar nyelv és irodalom;közép;rendes;Nem;magyar;4;65;65;megjelent;30;8;7;14;4;2;65;-;-;-;-
2020;1;Borsod-Abaúj-Zemplén;12;gimnázium;nő;nappali;magyar nyelv és irodalom;közép;rendes;Nem;magyar;5;97;97;megjelent;38;10;24;15;8;2;97;-;-;-;-
2020;1;Borsod-Abaúj-Zemplén;12;gimnázium;nő;nappali;magyar nyelv és irodalom;közép;rendes;Nem;magyar;5;80;80;megjelent;29;10;19;15;5;2;80;-;-;-;-
2020;1;Borsod-Abaúj-Zemplén;12;gimnázium;férfi;nappali;magyar nyelv és irodalom;közép;rendes;Nem;magyar;5;84;84;megjelent;34;9;19;14;6;2;84;-;-;-;-
2020;1;Borsod-Abaúj-Zemplén;12;gimnázium;nő;nappali;magyar nyelv és irodalom;közép;rendes;Nem;magyar;4;60;60;megjelent;26;8;7;13;4;2;60;-;-;-;-
2020;1;Borsod-Abaúj-Zemplén;12;gimnázium;férfi;nappali;magyar nyelv és irodalom;közép;rendes;Nem;magyar;4;72;72;megjelent;34;10;16;11;0;1;72;-;-;-;-
2020;1;Borsod-Abaúj-Zemplén;12;gimnázium;nő;nappali;magyar nyelv és irodalom;közép;rendes;Nem;magyar;5;87;87;megjelent;36;10;19;13;7;2;87;-;-;-;-
2020;1;Borsod-Abaúj-Zemplén;12;gimnázium;nő;nappali;magyar nyelv és irodalom;közép;rendes;Nem;magyar;4;68;68;megjelent;29;10;7;12;8;2;68;-;-;-;-
2020;1;Borsod-Abaúj-Zemplén;12;gimnázium;nő;nappali;magyar nyelv és irodalom;közép;rendes;Nem;magyar;3;47;47;megjelent;19;6;9;10;1;2;47;-;-;-;-
2020;1;Borsod-Abaúj-Zemplén;12;gimnázium;nő;nappali;magyar nyelv és irodalom;közép;rendes;Nem;magyar;4;64;64;megjelent;27;9;13;10;4;1;64;-;-;-;-
2020;1;Borsod-Abaúj-Zemplén;12;gimnázium;férfi;nappali;magyar nyelv és irodalom;közép;rendes;Nem;magyar;4;74;74;megjelent;31;9;19;11;4;0;74;-;-;-;-
2020;1;Borsod-Abaúj-Zemplén;12;gimnázium;nő;nappali;magyar nyelv és irodalom;közép;rendes;Nem;magyar;3;44;44;megjelent;20;6;5;7;5;1;44;-;-;-;-
2020;1;Borsod-Abaúj-Zemplén;12;gimnázium;nő;nappali;magyar nyelv és irodalom;közép;rendes;Nem;magyar;3;46;46;megjelent;28;5;6;6;0;1;46;-;-;-;-
2020;1;Borsod-Abaúj-Zemplén;12;gimnázium;férfi;nappali;magyar nyelv és irodalom;közép;rendes;Nem;magyar;2;38;38;megjelent;24;8;4;2;0;0;38;-;-;-;-
2020;1;Borsod-Abaúj-Zemplén;12;gimnázium;nő;nappali;magyar nyelv és irodalom;közép;rendes;Nem;magyar;4;74;74;megjelent;33;9;14;13;3;2;74;-;-;-;-
2020;1;Borsod-Abaúj-Zemplén;12;gimnázium;férfi;nappali;magyar nyelv és irodalom;közép;rendes;Nem;magyar;4;61;61;megjelent;28;7;16;10;0;0;61;-;-;-;-
2020;1;Borsod-Abaúj-Zemplén;12;gimnázium;nő;nappali;magyar nyelv és irodalom;közép;rendes;Nem;magyar;5;84;84;megjelent;31;10;22;13;6;2;84;-;-;-;-
2020;1;Borsod-Abaúj-Zemplén;12;szakgimnázium/szakközépiskola (2016.09.01-től kifutó rendszerben);nő;nappali;magyar nyelv és irodalom;közép;rendes;Nem;magyar;5;80;80;megjelent;35;8;20;12;4;1;80;-;-;-;-
2020;1;Borsod-Abaúj-Zemplén;12;gimnázium;férfi;nappali;magyar nyelv és irodalom;közép;rendes;Nem;magyar;3;57;57;megjelent;28;3;10;9;5;2;57;-;-;-;-
2020;1;Borsod-Abaúj-Zemplén;12;gimnázium;nő;nappali;magyar nyelv és irodalom;közép;rendes;Nem;magyar;3;53;53;megjelent;28;8;6;10;0;1;53;-;-;-;-
2020;1;Borsod-Abaúj-Zemplén;12;szakgimnázium/szakközépiskola (2016.09.01-től kifutó rendszerben);férfi;nappali;magyar nyelv és irodalom;közép;rendes;Igen;magyar;4;60;59;megjelent;31;5;13;10;0;0;59;-;-;-;-
2020;1;Borsod-Abaúj-Zemplén;12;gimnázium;férfi;nappali;magyar nyelv és irodalom;közép;rendes;Nem;magyar;4;60;60;megjelent;28;7;9;9;5;2;60;-;-;-;-
2020;1;Borsod-Abaúj-Zemplén;12;szakgimnázium/szakközépiskola (2016.09.01-től kifutó rendszerben);férfi;nappali;magyar nyelv és irodalom;közép;rendes;Nem;magyar;5;80;80;megjelent;32;8;20;14;5;1;80;-;-;-;-
2020;1;Borsod-Abaúj-Zemplén;12;szakgimnázium/szakközépiskola (2016.09.01-től kifutó rendszerben);nő;nappali;magyar nyelv és irodalom;közép;rendes;Igen;magyar;3;44;41;megjelent;19;5;9;8;0;0;41;-;-;-;-
2020;1;Borsod-Abaúj-Zemplén;12;szakgimnázium/szakközépiskola (2016.09.01-től kifutó rendszerben);férfi;nappali;magyar nyelv és irodalom;közép;rendes;Nem;magyar;3;58;58;megjelent;28;6;15;8;0;1;58;-;-;-;-
2020;1;Borsod-Abaúj-Zemplén;12;gimnázium;nő;nappali;magyar nyelv és irodalom;közép;rendes;Nem;magyar;5;84;84;megjelent;33;10;19;15;6;1;84;-;-;-;-
2020;1;Borsod-Abaúj-Zemplén;12;szakgimnázium/szakközépiskola (2016.09.01-től kifutó rendszerben);nő;nappali;magyar nyelv és irodalom;közép;rendes;Nem;magyar;3;58;58;megjelent;26;6;17;8;0;1;58;-;-;-;-
2020;1;Borsod-Abaúj-Zemplén;12;gimnázium;nő;nappali;magyar nyelv és irodalom;közép;rendes;Nem;magyar;5;97;97;megjelent;37;10;25;15;8;2;97;-;-;-;-
2020;1;Borsod-Abaúj-Zemplén;12;gimnázium;nő;nappali;magyar nyelv és irodalom;közép;rendes;Nem;magyar;5;80;80;megjelent;33;10;18;13;5;1;80;-;-;-;-
2020;1;Borsod-Abaúj-Zemplén;12;szakgimnázium/szakközépiskola (2016.09.01-től kifutó rendszerben);férfi;nappali;magyar nyelv és irodalom;közép;rendes;Nem;magyar;2;36;36;megjelent;13;4;14;4;0;1;36;-;-;-;-
2020;1;Borsod-Abaúj-Zemplén;12;gimnázium;nő;nappali;magyar nyelv és irodalom;közép;rendes;Nem;magyar;5;90;90;megjelent;37;10;21;15;5;2;90;-;-;-;-
2020;1;Borsod-Abaúj-Zemplén;12;szakgimnázium/szakközépiskola (2016.09.01-től kifutó rendszerben);nő;nappali;magyar nyelv és irodalom;közép;rendes;Nem;magyar;4;68;68;megjelent;34;10;10;12;0;2;68;-;-;-;-
2020;1;Borsod-Abaúj-Zemplén;12;gimnázium;nő;nappali;magyar nyelv és irodalom;közép;rendes;Nem;magyar;5;86;86;megjelent;35;10;22;15;2;2;86;-;-;-;-
2020;1;Borsod-Abaúj-Zemplén;12;szakgimnázium/szakközépiskola (2016.09.01-től kifutó rendszerben);nő;nappali;magyar nyelv és irodalom;közép;rendes;Nem;magyar;4;69;69;megjelent;28;7;21;11;0;2;69;-;-;-;-
2020;1;Borsod-Abaúj-Zemplén;12;gimnázium;nő;nappali;magyar nyelv és irodalom;közép;rendes;Nem;magyar;5;87;87;megjelent;35;10;22;15;3;2;87;-;-;-;-
2020;1;Borsod-Abaúj-Zemplén;12;szakgimnázium/szakközépiskola (2016.09.01-től kifutó rendszerben);férfi;nappali;magyar nyelv és irodalom;közép;rendes;Nem;magyar;3;48;48;megjelent;21;6;15;5;0;1;48;-;-;-;-
2020;1;Borsod-Abaúj-Zemplén;12;gimnázium;nő;nappali;magyar nyelv és irodalom;közép;rendes;Nem;magyar;5;94;94;megjelent;36;10;25;15;6;2;94;-;-;-;-
2020;1;Borsod-Abaúj-Zemplén;12;gimnázium;nő;nappali;magyar nyelv és irodalom;közép;rendes;Nem;magyar;3;52;52;megjelent;26;0;14;12;0;0;52;-;-;-;-
2020;1;Borsod-Abaúj-Zemplén;12;gimnázium;férfi;nappali;magyar nyelv és irodalom;közép;rendes;Nem;magyar;4;70;70;megjelent;34;9;15;10;0;2;70;-;-;-;-
2020;1;Borsod-Abaúj-Zemplén;12;gimnázium;nő;nappali;magyar nyelv és irodalom;közép;rendes;Nem;magyar;4;75;75;megjelent;33;7;18;12;4;1;75;-;-;-;-
2020;1;Borsod-Abaúj-Zemplén;12;szakgimnázium/szakközépiskola (2016.09.01-től kifutó rendszerben);férfi;nappali;magyar nyelv és irodalom;közép;rendes;Nem;magyar;3;46;46;megjelent;21;6;14;4;0;1;46;-;-;-;-
2020;1;Borsod-Abaúj-Zemplén;12;gimnázium;nő;nappali;magyar nyelv és irodalom;közép;rendes;Nem;magyar;5;98;98;megjelent;38;10;25;15;8;2;98;-;-;-;-
2020;1;Borsod-Abaúj-Zemplén;12;gimnázium;nő;nappali;magyar nyelv és irodalom;közép;rendes;Nem;magyar;4;64;64;megjelent;25;8;19;10;0;2;64;-;-;-;-
2020;1;Borsod-Abaúj-Zemplén;12;szakgimnázium/szakközépiskola (2016.09.01-től kifutó rendszerben);férfi;nappali;magyar nyelv és irodalom;közép;rendes;Nem;magyar;3;58;58;megjelent;32;5;15;5;0;1;58;-;-;-;-
2020;1;Borsod-Abaúj-Zemplén;12;gimnázium;férfi;nappali;magyar nyelv és irodalom;közép;rendes;Nem;magyar;4;74;74;megjelent;33;8;19;14;0;0;74;-;-;-;-
2020;1;Borsod-Abaúj-Zemplén;12;gimnázium;férfi;nappali;magyar nyelv és irodalom;közép;rendes;Nem;magyar;4;74;74;megjelent;37;9;14;12;0;2;74;-;-;-;-
2020;1;Borsod-Abaúj-Zemplén;12;szakgimnázium/szakközépiskola (2016.09.01-től kifutó rendszerben);férfi;nappali;magyar nyelv és irodalom;közép;rendes;Nem;magyar;2;34;34;megjelent;25;6;0;0;3;0;34;-;-;-;-
2020;1;Borsod-Abaúj-Zemplén;12;gimnázium;nő;nappali;magyar nyelv és irodalom;közép;rendes;Nem;magyar;5;87;87;megjelent;31;9;25;14;6;2;87;-;-;-;-
2020;1;Borsod-Abaúj-Zemplén;12;gimnázium;nő;nappali;magyar nyelv és irodalom;közép;rendes;Nem;magyar;4;78;78;megjelent;34;9;19;14;0;2;78;-;-;-;-
2020;1;Borsod-Abaúj-Zemplén;12;gimnázium;férfi;nappali;magyar nyelv és irodalom;közép;rendes;Nem;magyar;5;81;81;megjelent;35;9;22;14;1;0;81;-;-;-;-
2020;1;Borsod-Abaúj-Zemplén;12;szakgimnázium/szakközépiskola (2016.09.01-től kifutó rendszerben);nő;nappali;magyar nyelv és irodalom;közép;rendes;Nem;magyar;3;56;56;megjelent;27;4;17;7;0;1;56;-;-;-;-
2020;1;Borsod-Abaúj-Zemplén;12;gimnázium;nő;nappali;magyar nyelv és irodalom;közép;rendes;Nem;magyar;5;81;81;megjelent;34;9;20;14;3;1;81;-;-;-;-
2020;1;Borsod-Abaúj-Zemplén;12;gimnázium;nő;nappali;magyar nyelv és irodalom;közép;rendes;Nem;magyar;5;80;80;megjelent;34;9;20;12;3;2;80;-;-;-;-
2020;1;Borsod-Abaúj-Zemplén;12;gimnázium;férfi;nappali;magyar nyelv és irodalom;közép;rendes;Nem;magyar;4;75;75;megjelent;28;10;19;14;3;1;75;-;-;-;-
2020;1;Borsod-Abaúj-Zemplén;12;gimnázium;férfi;nappali;magyar nyelv és irodalom;közép;rendes;Nem;magyar;4;72;72;megjelent;32;10;16;14;0;0;72;-;-;-;-
2020;1;Borsod-Abaúj-Zemplén;12;szakgimnázium/szakközépiskola (2016.09.01-től kifutó rendszerben);nő;nappali;magyar nyelv és irodalom;közép;rendes;Nem;magyar;4;68;68;megjelent;28;6;23;9;0;2;68;-;-;-;-
2020;1;Borsod-Abaúj-Zemplén;12;gimnázium;nő;nappali;magyar nyelv és irodalom;közép;rendes;Nem;magyar;4;76;76;megjelent;25;9;19;15;6;2;76;-;-;-;-
2020;1;Borsod-Abaúj-Zemplén;12;gimnázium;férfi;nappali;magyar nyelv és irodalom;közép;rendes;Nem;magyar;3;55;55;megjelent;28;8;12;7;0;0;55;-;-;-;-
2020;1;Borsod-Abaúj-Zemplén;12;gimnázium;férfi;nappali;magyar nyelv és irodalom;közép;rendes;Nem;magyar;5;81;81;megjelent;32;10;19;15;3;2;81;-;-;-;-
2020;1;Borsod-Abaúj-Zemplén;13;szakközép;nő;nappali;magyar nyelv és irodalom;közép;rendes;Nem;magyar;3;43;43;megjelent;20;6;10;6;0;1;43;-;-;-;-
2020;1;Borsod-Abaúj-Zemplén;12;gimnázium;férfi;nappali;magyar nyelv és irodalom;közép;rendes;Nem;magyar;4;75;75;megjelent;29;9;18;14;5;0;75;-;-;-;-
2020;1;Borsod-Abaúj-Zemplén;12;szakgimnázium/szakközépiskola (2016.09.01-től kifutó rendszerben);nő;nappali;magyar nyelv és irodalom;közép;rendes;Nem;magyar;3;50;50;megjelent;22;5;15;7;0;1;50;-;-;-;-
2020;1;Borsod-Abaúj-Zemplén;12;gimnázium;nő;nappali;magyar nyelv és irodalom;közép;rendes;Nem;magyar;4;74;74;megjelent;30;9;19;11;3;2;74;-;-;-;-
2020;1;Borsod-Abaúj-Zemplén;12;gimnázium;férfi;nappali;magyar nyelv és irodalom;közép;rendes;Nem;magyar;4;68;68;megjelent;28;9;15;13;1;2;68;-;-;-;-
2020;1;Borsod-Abaúj-Zemplén;13;szakközép;nő;nappali;magyar nyelv és irodalom;közép;rendes;Nem;magyar;2;37;37;megjelent;18;5;7;6;0;1;37;-;-;-;-
2020;1;Borsod-Abaúj-Zemplén;12;gimnázium;férfi;nappali;magyar nyelv és irodalom;közép;rendes;Nem;magyar;5;80;80;megjelent;36;10;19;12;3;0;80;-;-;-;-
2020;1;Borsod-Abaúj-Zemplén;12;gimnázium;nő;nappali;magyar nyelv és irodalom;közép;rendes;Nem;magyar;5;84;84;megjelent;30;10;19;15;8;2;84;-;-;-;-
2020;1;Borsod-Abaúj-Zemplén;12;szakgimnázium/szakközépiskola (2016.09.01-től kifutó rendszerben);férfi;nappali;magyar nyelv és irodalom;közép;rendes;Nem;magyar;3;58;58;megjelent;34;5;14;4;0;1;58;-;-;-;-
2020;1;Borsod-Abaúj-Zemplén;12;gimnázium;nő;nappali;magyar nyelv és irodalom;közép;rendes;Nem;magyar;5;88;88;megjelent;33;9;24;15;6;1;88;-;-;-;-
2020;1;Borsod-Abaúj-Zemplén;12;gimnázium;nő;nappali;magyar nyelv és irodalom;közép;rendes;Nem;magyar;5;94;94;megjelent;38;7;25;14;8;2;94;-;-;-;-
2020;1;Borsod-Abaúj-Zemplén;12;gimnázium;nő;nappali;magyar nyelv és irodalom;közép;rendes;Nem;magyar;5;83;83;megjelent;34;9;19;15;5;1;83;-;-;-;-
2020;1;Borsod-Abaúj-Zemplén;12;gimnázium;férfi;nappali;magyar nyelv és irodalom;közép;rendes;Nem;magyar;5;80;80;megjelent;30;9;22;12;6;1;80;-;-;-;-
2020;1;Borsod-Abaúj-Zemplén;12;gimnázium;férfi;nappali;magyar nyelv és irodalom;közép;rendes;Nem;magyar;4;65;65;megjelent;31;7;16;9;0;2;65;-;-;-;-
2020;1;Borsod-Abaúj-Zemplén;12;gimnázium;férfi;nappali;magyar nyelv és irodalom;közép;rendes;Nem;magyar;5;90;90;megjelent;36;10;20;15;7;2;90;-;-;-;-
2020;1;Borsod-Abaúj-Zemplén;12;gimnázium;férfi;nappali;magyar nyelv és irodalom;közép;rendes;Nem;magyar;4;77;77;megjelent;32;10;19;14;0;2;77;-;-;-;-
2020;1;Borsod-Abaúj-Zemplén;12;gimnázium;nő;nappali;magyar nyelv és irodalom;közép;rendes;Nem;magyar;4;73;73;megjelent;33;9;13;11;5;2;73;-;-;-;-
2020;1;Borsod-Abaúj-Zemplén;12;szakgimnázium/szakközépiskola (2016.09.01-től kifutó rendszerben);férfi;nappali;magyar nyelv és irodalom;közép;rendes;Nem;magyar;3;57;57;megjelent;31;5;14;6;0;1;57;-;-;-;-
2020;1;Borsod-Abaúj-Zemplén;12;gimnázium;férfi;nappali;magyar nyelv és irodalom;közép;rendes;Nem;magyar;5;81;81;megjelent;37;10;19;12;2;1;81;-;-;-;-
2020;1;Borsod-Abaúj-Zemplén;12;gimnázium;nő;nappali;magyar nyelv és irodalom;közép;rendes;Nem;magyar;5;93;93;megjelent;36;10;25;15;5;2;93;-;-;-;-
2020;1;Borsod-Abaúj-Zemplén;12;gimnázium;férfi;nappali;magyar nyelv és irodalom;közép;rendes;Nem;magyar;3;50;50;megjelent;20;9;9;12;0;0;50;-;-;-;-
2020;1;Borsod-Abaúj-Zemplén;12;gimnázium;nő;nappali;magyar nyelv és irodalom;közép;rendes;Nem;magyar;5;83;83;megjelent;31;10;19;14;7;2;83;-;-;-;-
2020;1;Borsod-Abaúj-Zemplén;12;szakgimnázium/szakközépiskola (2016.09.01-től kifutó rendszerben);férfi;nappali;magyar nyelv és irodalom;közép;rendes;Nem;magyar;3;56;56;megjelent;23;5;18;9;0;1;56;-;-;-;-
2020;1;Borsod-Abaúj-Zemplén;12;gimnázium;férfi;nappali;magyar nyelv és irodalom;közép;rendes;Nem;magyar;4;70;70;megjelent;33;10;10;7;8;2;70;-;-;-;-
2020;1;Borsod-Abaúj-Zemplén;12;szakgimnázium/szakközépiskola (2016.09.01-től kifutó rendszerben);férfi;nappali;magyar nyelv és irodalom;közép;rendes;Nem;magyar;2;38;38;megjelent;23;4;7;3;0;1;38;-;-;-;-
2020;1;Borsod-Abaúj-Zemplén;12;gimnázium;nő;nappali;magyar nyelv és irodalom;közép;rendes;Nem;magyar;5;85;85;megjelent;32;9;19;15;8;2;85;-;-;-;-
2020;1;Borsod-Abaúj-Zemplén;12;gimnázium;nő;nappali;magyar nyelv és irodalom;közép;rendes;Nem;magyar;4;67;67;megjelent;25;8;18;14;0;2;67;-;-;-;-
2020;1;Borsod-Abaúj-Zemplén;12;gimnázium;férfi;nappali;magyar nyelv és irodalom;közép;rendes;Nem;magyar;5;82;82;megjelent;32;10;21;15;3;1;82;-;-;-;-
2020;1;Borsod-Abaúj-Zemplén;13;szakközép;nő;nappali;magyar nyelv és irodalom;közép;rendes;Nem;magyar;3;53;53;megjelent;24;6;13;8;0;2;53;-;-;-;-
2020;1;Borsod-Abaúj-Zemplén;12;szakgimnázium/szakközépiskola (2016.09.01-től kifutó rendszerben);férfi;nappali;magyar nyelv és irodalom;közép;rendes;Nem;magyar;4;62;62;megjelent;24;6;20;10;0;2;62;-;-;-;-
2020;1;Borsod-Abaúj-Zemplén;12;gimnázium;nő;nappali;magyar nyelv és irodalom;közép;rendes;Nem;magyar;5;81;81;megjelent;32;10;21;13;3;2;81;-;-;-;-
2020;1;Borsod-Abaúj-Zemplén;12;gimnázium;férfi;nappali;magyar nyelv és irodalom;közép;rendes;Nem;magyar;5;80;80;megjelent;34;9;22;14;0;1;80;-;-;-;-
2020;1;Borsod-Abaúj-Zemplén;12;gimnázium;férfi;nappali;magyar nyelv és irodalom;közép;rendes;Nem;magyar;4;76;76;megjelent;34;8;20;12;0;2;76;-;-;-;-
2020;1;Borsod-Abaúj-Zemplén;12;gimnázium;férfi;nappali;magyar nyelv és irodalom;közép;rendes;Nem;magyar;4;72;72;megjelent;33;6;20;11;0;2;72;-;-;-;-
2020;1;Borsod-Abaúj-Zemplén;13;szakközép;nő;nappali;magyar nyelv és irodalom;közép;rendes;Nem;magyar;3;54;54;megjelent;25;6;12;10;0;1;54;-;-;-;-
2020;1;Borsod-Abaúj-Zemplén;12;gimnázium;férfi;nappali;magyar nyelv és irodalom;közép;rendes;Nem;magyar;3;51;51;megjelent;33;7;5;5;0;1;51;-;-;-;-
2020;1;Borsod-Abaúj-Zemplén;12;gimnázium;nő;nappali;magyar nyelv és irodalom;közép;rendes;Nem;magyar;5;95;95;megjelent;35;10;25;15;8;2;95;-;-;-;-
2020;1;Borsod-Abaúj-Zemplén;12;gimnázium;nő;nappali;magyar nyelv és irodalom;közép;rendes;Nem;magyar;5;82;82;megjelent;33;10;19;15;3;2;82;-;-;-;-
2020;1;Borsod-Abaúj-Zemplén;12;szakgimnázium/szakközépiskola (2016.09.01-től kifutó rendszerben);nő;nappali;magyar nyelv és irodalom;közép;rendes;Nem;magyar;5;80;80;megjelent;32;8;25;13;0;2;80;-;-;-;-
2020;1;Borsod-Abaúj-Zemplén;12;gimnázium;férfi;nappali;magyar nyelv és irodalom;közép;rendes;Nem;magyar;5;82;82;megjelent;38;10;20;12;0;2;82;-;-;-;-
2020;1;Borsod-Abaúj-Zemplén;13;szakközép;nő;nappali;magyar nyelv és irodalom;közép;rendes;Igen;magyar;3;43;39;megjelent;18;6;7;8;0;0;39;-;-;-;-
2020;1;Borsod-Abaúj-Zemplén;12;szakgimnázium/szakközépiskola (2016.09.01-től kifutó rendszerben);férfi;nappali;magyar nyelv és irodalom;közép;rendes;Nem;magyar;4;63;63;megjelent;31;6;18;7;0;1;63;-;-;-;-
2020;1;Borsod-Abaúj-Zemplén;12;gimnázium;férfi;nappali;magyar nyelv és irodalom;közép;rendes;Nem;magyar;5;83;83;megjelent;37;9;20;12;3;2;83;-;-;-;-
2020;1;Borsod-Abaúj-Zemplén;12;szakgimnázium/szakközépiskola (2016.09.01-től kifutó rendszerben);férfi;nappali;magyar nyelv és irodalom;közép;rendes;Nem;magyar;3;52;52;megjelent;27;4;13;7;0;1;52;-;-;-;-
2020;1;Borsod-Abaúj-Zemplén;12;gimnázium;nő;nappali;magyar nyelv és irodalom;közép;rendes;Nem;magyar;5;82;82;megjelent;34;10;21;15;0;2;82;-;-;-;-
2020;1;Borsod-Abaúj-Zemplén;12;szakgimnázium/szakközépiskola (2016.09.01-től kifutó rendszerben);nő;nappali;magyar nyelv és irodalom;közép;rendes;Nem;magyar;4;70;70;megjelent;33;7;20;8;0;2;70;-;-;-;-
2020;1;Borsod-Abaúj-Zemplén;12;gimnázium;nő;nappali;magyar nyelv és irodalom;közép;rendes;Nem;magyar;2;36;36;megjelent;19;4;5;7;0;1;36;-;-;-;-
2020;1;Borsod-Abaúj-Zemplén;12;gimnázium;nő;nappali;magyar nyelv és irodalom;közép;rendes;Nem;magyar;5;89;89;megjelent;34;10;23;14;6;2;89;-;-;-;-
2020;1;Borsod-Abaúj-Zemplén;12;szakgimnázium/szakközépiskola (2016.09.01-től kifutó rendszerben);nő;nappali;magyar nyelv és irodalom;közép;rendes;Nem;magyar;3;58;58;megjelent;31;6;14;5;0;2;58;-;-;-;-
2020;1;Borsod-Abaúj-Zemplén;12;gimnázium;nő;nappali;magyar nyelv és irodalom;közép;rendes;Nem;magyar;5;81;81;megjelent;34;10;19;10;6;2;81;-;-;-;-
2020;1;Borsod-Abaúj-Zemplén;12;szakgimnázium/szakközépiskola (2016.09.01-től kifutó rendszerben);férfi;nappali;magyar nyelv és irodalom;közép;rendes;Nem;magyar;3;44;44;megjelent;20;6;7;6;5;0;44;-;-;-;-
2020;1;Borsod-Abaúj-Zemplén;12;gimnázium;nő;nappali;magyar nyelv és irodalom;közép;rendes;Nem;magyar;5;84;84;megjelent;34;9;19;14;6;2;84;-;-;-;-
2020;1;Borsod-Abaúj-Zemplén;12;gimnázium;nő;nappali;magyar nyelv és irodalom;közép;rendes;Nem;magyar;5;91;91;megjelent;36;10;24;14;5;2;91;-;-;-;-
2020;1;Borsod-Abaúj-Zemplén;12;szakgimnázium/szakközépiskola (2016.09.01-től kifutó rendszerben);férfi;nappali;magyar nyelv és irodalom;közép;rendes;Nem;magyar;3;53;53;megjelent;29;5;13;5;0;1;53;-;-;-;-
2020;1;Borsod-Abaúj-Zemplén;12;gimnázium;nő;nappali;magyar nyelv és irodalom;közép;rendes;Nem;magyar;5;86;86;megjelent;34;10;23;15;2;2;86;-;-;-;-
2020;1;Borsod-Abaúj-Zemplén;12;gimnázium;nő;nappali;magyar nyelv és irodalom;közép;rendes;Nem;magyar;5;91;91;megjelent;36;10;24;14;5;2;91;-;-;-;-
2020;1;Borsod-Abaúj-Zemplén;12;szakgimnázium/szakközépiskola (2016.09.01-től kifutó rendszerben);nő;nappali;magyar nyelv és irodalom;közép;rendes;Nem;magyar;4;62;62;megjelent;29;0;22;11;0;0;62;-;-;-;-
2020;1;Borsod-Abaúj-Zemplén;12;gimnázium;férfi;nappali;magyar nyelv és irodalom;közép;rendes;Nem;magyar;3;52;52;megjelent;28;5;12;7;0;0;52;-;-;-;-
2020;1;Borsod-Abaúj-Zemplén;12;gimnázium;nő;nappali;magyar nyelv és irodalom;közép;rendes;Nem;magyar;5;80;80;megjelent;26;10;24;15;3;2;80;-;-;-;-
2020;1;Borsod-Abaúj-Zemplén;12;szakgimnázium/szakközépiskola (2016.09.01-től kifutó rendszerben);férfi;nappali;magyar nyelv és irodalom;közép;rendes;Igen;magyar;2;30;43;megjelent;15;4;1;0;0;1;21;9;6;7;22
2020;1;Borsod-Abaúj-Zemplén;13;szakközép;férfi;nappali;magyar nyelv és irodalom;közép;rendes;Nem;magyar;2;27;27;megjelent;19;0;4;4;0;0;27;-;-;-;-
2020;1;Borsod-Abaúj-Zemplén;12;gimnázium;férfi;nappali;magyar nyelv és irodalom;közép;rendes;Nem;magyar;3;56;56;megjelent;28;8;14;6;0;0;56;-;-;-;-
2020;1;Borsod-Abaúj-Zemplén;12;gimnázium;nő;nappali;magyar nyelv és irodalom;közép;rendes;Nem;magyar;5;80;80;megjelent;34;8;22;14;0;2;80;-;-;-;-
2020;1;Borsod-Abaúj-Zemplén;12;gimnázium;nő;nappali;magyar nyelv és irodalom;közép;rendes;Nem;magyar;4;63;63;megjelent;30;6;16;10;0;1;63;-;-;-;-
2020;1;Borsod-Abaúj-Zemplén;12;gimnázium;férfi;nappali;magyar nyelv és irodalom;közép;rendes;Nem;magyar;3;42;42;megjelent;28;3;5;5;0;1;42;-;-;-;-
2020;1;Borsod-Abaúj-Zemplén;12;gimnázium;nő;nappali;magyar nyelv és irodalom;közép;rendes;Nem;magyar;3;52;52;megjelent;28;7;5;9;1;2;52;-;-;-;-
2020;1;Borsod-Abaúj-Zemplén;12;gimnázium;nő;nappali;magyar nyelv és irodalom;közép;rendes;Nem;magyar;4;67;67;megjelent;27;7;13;11;7;2;67;-;-;-;-
2020;1;Borsod-Abaúj-Zemplén;12;gimnázium;nő;nappali;magyar nyelv és irodalom;közép;rendes;Nem;magyar;5;95;95;megjelent;38;10;25;15;6;1;95;-;-;-;-
2020;1;Borsod-Abaúj-Zemplén;12;gimnázium;férfi;nappali;magyar nyelv és irodalom;közép;rendes;Nem;magyar;3;56;56;megjelent;24;8;15;8;0;1;56;-;-;-;-
2020;1;Borsod-Abaúj-Zemplén;13;szakközép;férfi;nappali;magyar nyelv és irodalom;közép;rendes;Nem;magyar;2;30;30;megjelent;23;7;0;0;0;0;30;-;-;-;-
2020;1;Borsod-Abaúj-Zemplén;12;gimnázium;nő;nappali;magyar nyelv és irodalom;közép;rendes;Nem;magyar;5;98;98;megjelent;38;10;25;15;8;2;98;-;-;-;-
2020;1;Borsod-Abaúj-Zemplén;12;gimnázium;férfi;nappali;magyar nyelv és irodalom;közép;rendes;Nem;magyar;3;56;56;megjelent;27;9;10;6;3;1;56;-;-;-;-
2020;1;Borsod-Abaúj-Zemplén;12;gimnázium;nő;nappali;magyar nyelv és irodalom;közép;rendes;Nem;magyar;5;85;85;megjelent;34;10;22;15;2;2;85;-;-;-;-
2020;1;Borsod-Abaúj-Zemplén;12;gimnázium;férfi;nappali;magyar nyelv és irodalom;közép;rendes;Nem;magyar;3;41;41;megjelent;28;6;2;4;0;1;41;-;-;-;-
2020;1;Borsod-Abaúj-Zemplén;12;gimnázium;nő;nappali;magyar nyelv és irodalom;közép;rendes;Nem;magyar;5;87;87;megjelent;34;10;23;15;3;2;87;-;-;-;-
2020;1;Borsod-Abaúj-Zemplén;12;gimnázium;nő;nappali;magyar nyelv és irodalom;közép;rendes;Nem;magyar;4;60;60;megjelent;26;9;13;10;0;2;60;-;-;-;-
2020;1;Borsod-Abaúj-Zemplén;12;gimnázium;nő;nappali;magyar nyelv és irodalom;közép;rendes;Nem;magyar;5;93;93;megjelent;34;10;24;15;8;2;93;-;-;-;-
2020;1;Borsod-Abaúj-Zemplén;12;gimnázium;nő;nappali;magyar nyelv és irodalom;közép;rendes;Nem;magyar;5;88;88;megjelent;37;10;21;15;3;2;88;-;-;-;-
2020;1;Borsod-Abaúj-Zemplén;12;gimnázium;nő;nappali;magyar nyelv és irodalom;közép;rendes;Nem;magyar;4;71;71;megjelent;29;8;19;12;1;2;71;-;-;-;-
2020;1;Borsod-Abaúj-Zemplén;12;gimnázium;nő;nappali;magyar nyelv és irodalom;közép;rendes;Nem;magyar;4;60;60;megjelent;27;8;10;8;6;1;60;-;-;-;-
2020;1;Borsod-Abaúj-Zemplén;12;gimnázium;nő;nappali;magyar nyelv és irodalom;közép;rendes;Nem;magyar;5;81;81;megjelent;34;9;22;14;0;2;81;-;-;-;-
2020;1;Borsod-Abaúj-Zemplén;12;gimnázium;nő;nappali;magyar nyelv és irodalom;közép;rendes;Nem;magyar;4;73;73;megjelent;27;9;20;12;3;2;73;-;-;-;-
2020;1;Borsod-Abaúj-Zemplén;12;gimnázium;férfi;nappali;magyar nyelv és irodalom;közép;rendes;Nem;magyar;4;60;60;megjelent;32;9;12;7;0;0;60;-;-;-;-
2020;1;Borsod-Abaúj-Zemplén;12;gimnázium;férfi;nappali;magyar nyelv és irodalom;közép;rendes;Nem;magyar;4;75;75;megjelent;34;9;12;13;5;2;75;-;-;-;-
2020;1;Borsod-Abaúj-Zemplén;12;gimnázium;férfi;nappali;magyar nyelv és irodalom;közép;rendes;Nem;magyar;2;35;35;megjelent;21;6;2;4;0;2;35;-;-;-;-
2020;1;Borsod-Abaúj-Zemplén;12;gimnázium;férfi;nappali;magyar nyelv és irodalom;közép;rendes;Nem;magyar;5;88;88;megjelent;38;10;25;15;0;0;88;-;-;-;-
2020;1;Borsod-Abaúj-Zemplén;12;gimnázium;nő;nappali;magyar nyelv és irodalom;közép;rendes;Nem;magyar;5;80;80;megjelent;36;10;19;13;0;2;80;-;-;-;-
2020;1;Borsod-Abaúj-Zemplén;12;gimnázium;férfi;nappali;magyar nyelv és irodalom;közép;rendes;Nem;magyar;5;82;82;megjelent;38;10;20;12;0;2;82;-;-;-;-
2020;1;Borsod-Abaúj-Zemplén;13;szakközép;nő;nappali;magyar nyelv és irodalom;közép;rendes;Nem;magyar;4;72;72;megjelent;26;10;19;12;3;2;72;-;-;-;-
2020;1;Borsod-Abaúj-Zemplén;12;gimnázium;nő;nappali;magyar nyelv és irodalom;közép;rendes;Nem;magyar;5;82;82;megjelent;39;9;19;13;0;2;82;-;-;-;-
2020;1;Borsod-Abaúj-Zemplén;12;gimnázium;nő;nappali;magyar nyelv és irodalom;közép;rendes;Nem;magyar;5;87;87;megjelent;35;10;22;13;6;1;87;-;-;-;-
2020;1;Borsod-Abaúj-Zemplén;12;gimnázium;férfi;nappali;magyar nyelv és irodalom;közép;rendes;Nem;magyar;4;67;67;megjelent;33;10;15;9;0;0;67;-;-;-;-
2020;1;Borsod-Abaúj-Zemplén;12;gimnázium;nő;nappali;magyar nyelv és irodalom;közép;rendes;Nem;magyar;5;81;81;megjelent;35;9;21;14;0;2;81;-;-;-;-
2020;1;Borsod-Abaúj-Zemplén;13;szakközép;nő;nappali;magyar nyelv és irodalom;közép;rendes;Nem;magyar;4;70;70;megjelent;34;0;19;12;3;2;70;-;-;-;-
2020;1;Borsod-Abaúj-Zemplén;13;szakközép;nő;nappali;magyar nyelv és irodalom;közép;rendes;Nem;magyar;2;25;25;megjelent;13;4;4;4;0;0;25;-;-;-;-
2020;1;Borsod-Abaúj-Zemplén;12;gimnázium;nő;nappali;magyar nyelv és irodalom;közép;rendes;Nem;magyar;5;85;85;megjelent;35;10;24;14;0;2;85;-;-;-;-
2020;1;Borsod-Abaúj-Zemplén;12;gimnázium;nő;nappali;magyar nyelv és irodalom;közép;rendes;Nem;magyar;5;91;91;megjelent;34;10;23;15;7;2;91;-;-;-;-
2020;1;Borsod-Abaúj-Zemplén;13;szakközép;férfi;nappali;magyar nyelv és irodalom;közép;rendes;Igen;magyar;2;32;29;megjelent;15;4;6;4;0;0;29;-;-;-;-
2020;1;Borsod-Abaúj-Zemplén;12;gimnázium;férfi;nappali;magyar nyelv és irodalom;közép;rendes;Nem;magyar;3;45;45;megjelent;17;8;11;8;0;1;45;-;-;-;-
2020;1;Borsod-Abaúj-Zemplén;12;gimnázium;nő;nappali;magyar nyelv és irodalom;közép;rendes;Nem;magyar;4;67;67;megjelent;29;6;17;11;2;2;67;-;-;-;-
2020;1;Borsod-Abaúj-Zemplén;12;gimnázium;nő;nappali;magyar nyelv és irodalom;közép;rendes;Nem;magyar;5;82;82;megjelent;34;10;23;13;0;2;82;-;-;-;-
2020;1;Borsod-Abaúj-Zemplén;12;gimnázium;nő;nappali;magyar nyelv és irodalom;közép;rendes;Nem;magyar;5;82;82;megjelent;35;8;21;13;3;2;82;-;-;-;-
2020;1;Borsod-Abaúj-Zemplén;12;gimnázium;férfi;nappali;magyar nyelv és irodalom;közép;rendes;Nem;magyar;5;88;88;megjelent;34;10;24;14;5;1;88;-;-;-;-
2020;1;Borsod-Abaúj-Zemplén;12;gimnázium;férfi;nappali;magyar nyelv és irodalom;közép;rendes;Nem;magyar;4;71;71;megjelent;33;4;17;12;3;2;71;-;-;-;-
2020;1;Borsod-Abaúj-Zemplén;12;gimnázium;nő;nappali;magyar nyelv és irodalom;közép;rendes;Nem;magyar;5;90;90;megjelent;35;10;24;14;5;2;90;-;-;-;-
2020;1;Borsod-Abaúj-Zemplén;12;gimnázium;férfi;nappali;magyar nyelv és irodalom;közép;rendes;Nem;magyar;5;98;98;megjelent;38;10;25;15;8;2;98;-;-;-;-
2020;1;Borsod-Abaúj-Zemplén;12;gimnázium;nő;nappali;magyar nyelv és irodalom;közép;rendes;Nem;magyar;5;82;82;megjelent;33;9;19;15;4;2;82;-;-;-;-
2020;1;Borsod-Abaúj-Zemplén;12;gimnázium;férfi;nappali;magyar nyelv és irodalom;közép;rendes;Nem;magyar;4;64;64;megjelent;26;9;15;10;4;0;64;-;-;-;-
2020;1;Borsod-Abaúj-Zemplén;12;gimnázium;nő;nappali;magyar nyelv és irodalom;közép;rendes;Nem;magyar;4;60;60;megjelent;21;8;18;11;0;2;60;-;-;-;-
2020;1;Borsod-Abaúj-Zemplén;12;gimnázium;férfi;nappali;magyar nyelv és irodalom;közép;rendes;Nem;magyar;3;50;50;megjelent;24;9;9;7;0;1;50;-;-;-;-
2020;1;Borsod-Abaúj-Zemplén;12;gimnázium;férfi;nappali;magyar nyelv és irodalom;közép;rendes;Igen;magyar;2;32;29;megjelent;15;5;4;5;0;0;29;-;-;-;-
2020;1;Borsod-Abaúj-Zemplén;12;gimnázium;nő;nappali;magyar nyelv és irodalom;közép;rendes;Nem;magyar;5;92;92;megjelent;37;10;25;15;3;2;92;-;-;-;-
2020;1;Borsod-Abaúj-Zemplén;12;gimnázium;nő;nappali;magyar nyelv és irodalom;közép;rendes;Nem;magyar;5;94;94;megjelent;37;10;24;15;6;2;94;-;-;-;-
2020;1;Borsod-Abaúj-Zemplén;12;gimnázium;férfi;nappali;magyar nyelv és irodalom;közép;rendes;Nem;magyar;2;36;36;megjelent;23;6;3;4;0;0;36;-;-;-;-
2020;1;Borsod-Abaúj-Zemplén;12;gimnázium;nő;nappali;magyar nyelv és irodalom;közép;rendes;Nem;magyar;2;26;26;megjelent;9;6;3;7;0;1;26;-;-;-;-
2020;1;Borsod-Abaúj-Zemplén;12;gimnázium;nő;nappali;magyar nyelv és irodalom;közép;rendes;Nem;magyar;3;42;42;megjelent;15;8;7;11;0;1;42;-;-;-;-
2020;1;Borsod-Abaúj-Zemplén;12;gimnázium;nő;nappali;magyar nyelv és irodalom;közép;rendes;Nem;magyar;4;75;75;megjelent;32;8;18;13;2;2;75;-;-;-;-
2020;1;Borsod-Abaúj-Zemplén;12;gimnázium;férfi;nappali;magyar nyelv és irodalom;közép;rendes;Nem;magyar;5;96;96;megjelent;38;10;23;15;8;2;96;-;-;-;-
2020;1;Borsod-Abaúj-Zemplén;12;gimnázium;nő;nappali;magyar nyelv és irodalom;közép;rendes;Nem;magyar;2;26;40;megjelent;8;3;4;3;0;1;19;8;5;8;21
2020;1;Borsod-Abaúj-Zemplén;12;gimnázium;férfi;nappali;magyar nyelv és irodalom;közép;előrehozott;Nem;magyar;2;36;36;megjelent;17;8;5;6;0;0;36;-;-;-;-
2020;1;Borsod-Abaúj-Zemplén;12;gimnázium;férfi;nappali;magyar nyelv és irodalom;közép;rendes;Nem;magyar;3;42;42;megjelent;25;4;4;9;0;0;42;-;-;-;-
2020;1;Borsod-Abaúj-Zemplén;12;gimnázium;nő;nappali;magyar nyelv és irodalom;közép;rendes;Nem;magyar;2;25;25;megjelent;10;3;4;6;0;2;25;-;-;-;-
2020;1;Borsod-Abaúj-Zemplén;12;gimnázium;nő;nappali;magyar nyelv és irodalom;közép;rendes;Nem;magyar;3;58;58;megjelent;28;9;10;9;0;2;58;-;-;-;-
2020;1;Borsod-Abaúj-Zemplén;12;gimnázium;nő;nappali;magyar nyelv és irodalom;közép;rendes;Nem;magyar;5;91;91;megjelent;36;9;21;15;8;2;91;-;-;-;-
2020;1;Borsod-Abaúj-Zemplén;12;szakgimnázium/szakközépiskola (2016.09.01-től kifutó rendszerben);férfi;nappali;magyar nyelv és irodalom;közép;rendes;Igen;magyar;4;78;39;megjelent;-;-;-;-;-;-;-;18;9;12;39
2020;1;Borsod-Abaúj-Zemplén;12;gimnázium;nő;nappali;magyar nyelv és irodalom;közép;rendes;Nem;magyar;3;49;49;megjelent;28;5;5;10;0;1;49;-;-;-;-
2020;1;Borsod-Abaúj-Zemplén;12;gimnázium;férfi;nappali;magyar nyelv és irodalom;közép;rendes;Nem;magyar;5;95;95;megjelent;38;10;22;15;8;2;95;-;-;-;-
2020;1;Borsod-Abaúj-Zemplén;12;gimnázium;férfi;nappali;magyar nyelv és irodalom;közép;rendes;Nem;magyar;4;77;77;megjelent;37;10;12;11;5;2;77;-;-;-;-
2020;1;Borsod-Abaúj-Zemplén;12;szakgimnázium/szakközépiskola (2016.09.01-től kifutó rendszerben);nő;nappali;magyar nyelv és irodalom;közép;rendes;Nem;magyar;2;26;26;megjelent;10;5;6;4;0;1;26;-;-;-;-
2020;1;Borsod-Abaúj-Zemplén;12;gimnázium;nő;nappali;magyar nyelv és irodalom;közép;rendes;Nem;magyar;3;47;47;megjelent;25;6;8;7;0;1;47;-;-;-;-
2020;1;Borsod-Abaúj-Zemplén;12;gimnázium;nő;nappali;magyar nyelv és irodalom;közép;rendes;Nem;magyar;4;71;71;megjelent;31;10;13;12;3;2;71;-;-;-;-
2020;1;Borsod-Abaúj-Zemplén;12;gimnázium;nő;nappali;magyar nyelv és irodalom;közép;rendes;Nem;magyar;3;47;47;megjelent;22;6;7;11;0;1;47;-;-;-;-
2020;1;Borsod-Abaúj-Zemplén;12;gimnázium;férfi;nappali;magyar nyelv és irodalom;közép;rendes;Nem;magyar;5;81;81;megjelent;33;9;20;12;5;2;81;-;-;-;-
2020;1;Borsod-Abaúj-Zemplén;12;szakgimnázium/szakközépiskola (2016.09.01-től kifutó rendszerben);férfi;nappali;magyar nyelv és irodalom;közép;rendes;Nem;magyar;2;27;27;megjelent;10;5;5;6;0;1;27;-;-;-;-
2020;1;Borsod-Abaúj-Zemplén;12;szakgimnázium/szakközépiskola (2016.09.01-től kifutó rendszerben);nő;nappali;magyar nyelv és irodalom;közép;rendes;Nem;magyar;3;52;52;megjelent;23;9;10;8;0;2;52;-;-;-;-
2020;1;Borsod-Abaúj-Zemplén;12;gimnázium;nő;nappali;magyar nyelv és irodalom;közép;rendes;Nem;magyar;3;55;55;megjelent;25;8;12;8;0;2;55;-;-;-;-
2020;1;Borsod-Abaúj-Zemplén;12;gimnázium;férfi;nappali;magyar nyelv és irodalom;közép;rendes;Nem;magyar;2;26;26;megjelent;8;5;4;7;1;1;26;-;-;-;-
2020;1;Borsod-Abaúj-Zemplén;12;gimnázium;nő;nappali;magyar nyelv és irodalom;közép;rendes;Nem;magyar;5;82;82;megjelent;36;9;18;12;5;2;82;-;-;-;-
2020;1;Borsod-Abaúj-Zemplén;12;gimnázium;férfi;nappali;magyar nyelv és irodalom;közép;rendes;Nem;magyar;5;84;84;megjelent;36;9;22;15;0;2;84;-;-;-;-
2020;1;Borsod-Abaúj-Zemplén;12;gimnázium;nő;nappali;magyar nyelv és irodalom;közép;rendes;Nem;magyar;4;73;73;megjelent;30;8;18;11;5;1;73;-;-;-;-
2020;1;Borsod-Abaúj-Zemplén;12;gimnázium;nő;nappali;magyar nyelv és irodalom;közép;rendes;Nem;magyar;5;84;84;megjelent;28;10;25;13;8;0;84;-;-;-;-
2020;1;Borsod-Abaúj-Zemplén;12;gimnázium;férfi;nappali;magyar nyelv és irodalom;közép;rendes;Nem;magyar;5;95;95;megjelent;35;10;25;15;8;2;95;-;-;-;-
2020;1;Borsod-Abaúj-Zemplén;12;gimnázium;férfi;nappali;magyar nyelv és irodalom;közép;rendes;Nem;magyar;2;36;36;megjelent;22;5;6;3;0;0;36;-;-;-;-
2020;1;Borsod-Abaúj-Zemplén;12;szakgimnázium/szakközépiskola (2016.09.01-től kifutó rendszerben);nő;nappali;magyar nyelv és irodalom;közép;rendes;Igen;magyar;2;30;27;megjelent;13;0;8;6;0;0;27;-;-;-;-
2020;1;Borsod-Abaúj-Zemplén;12;gimnázium;férfi;nappali;magyar nyelv és irodalom;közép;rendes;Nem;magyar;4;75;75;megjelent;34;8;18;10;4;1;75;-;-;-;-
2020;1;Borsod-Abaúj-Zemplén;12;gimnázium;nő;nappali;magyar nyelv és irodalom;közép;rendes;Nem;magyar;5;99;99;megjelent;39;10;25;15;8;2;99;-;-;-;-
2020;1;Borsod-Abaúj-Zemplén;12;gimnázium;nő;nappali;magyar nyelv és irodalom;közép;rendes;Nem;magyar;3;53;53;megjelent;20;6;19;8;0;0;53;-;-;-;-
2020;1;Borsod-Abaúj-Zemplén;12;gimnázium;nő;nappali;magyar nyelv és irodalom;közép;rendes;Nem;magyar;4;71;71;megjelent;32;7;18;12;0;2;71;-;-;-;-
2020;1;Borsod-Abaúj-Zemplén;12;gimnázium;nő;nappali;magyar nyelv és irodalom;közép;rendes;Nem;magyar;3;45;45;megjelent;21;3;11;9;0;1;45;-;-;-;-
2020;1;Borsod-Abaúj-Zemplén;12;gimnázium;nő;nappali;magyar nyelv és irodalom;közép;rendes;Nem;magyar;5;94;94;megjelent;38;10;22;14;8;2;94;-;-;-;-
2020;1;Borsod-Abaúj-Zemplén;12;gimnázium;férfi;nappali;magyar nyelv és irodalom;közép;rendes;Nem;magyar;4;71;71;megjelent;34;7;17;12;0;1;71;-;-;-;-
2020;1;Borsod-Abaúj-Zemplén;12;gimnázium;nő;nappali;magyar nyelv és irodalom;közép;rendes;Nem;magyar;5;92;92;megjelent;38;10;22;14;6;2;92;-;-;-;-
2020;1;Borsod-Abaúj-Zemplén;12;gimnázium;férfi;nappali;magyar nyelv és irodalom;közép;rendes;Nem;magyar;3;42;42;megjelent;26;6;7;3;0;0;42;-;-;-;-
2020;1;Borsod-Abaúj-Zemplén;12;gimnázium;férfi;nappali;magyar nyelv és irodalom;közép;rendes;Nem;magyar;3;46;46;megjelent;27;7;8;4;0;0;46;-;-;-;-
2020;1;Borsod-Abaúj-Zemplén;12;gimnázium;férfi;nappali;magyar nyelv és irodalom;közép;rendes;Nem;magyar;4;78;78;megjelent;34;9;18;14;3;0;78;-;-;-;-
2020;1;Borsod-Abaúj-Zemplén;12;gimnázium;férfi;nappali;magyar nyelv és irodalom;közép;rendes;Nem;magyar;4;77;77;megjelent;30;8;22;14;1;2;77;-;-;-;-
2020;1;Borsod-Abaúj-Zemplén;12;gimnázium;férfi;nappali;magyar nyelv és irodalom;közép;rendes;Nem;magyar;3;49;49;megjelent;27;5;10;7;0;0;49;-;-;-;-
2020;1;Borsod-Abaúj-Zemplén;12;gimnázium;férfi;nappali;magyar nyelv és irodalom;közép;rendes;Nem;magyar;4;70;70;megjelent;31;4;14;12;7;2;70;-;-;-;-
2020;1;Borsod-Abaúj-Zemplén;12;gimnázium;férfi;nappali;magyar nyelv és irodalom;közép;rendes;Nem;magyar;3;57;57;megjelent;30;9;10;8;0;0;57;-;-;-;-
2020;1;Borsod-Abaúj-Zemplén;12;gimnázium;férfi;nappali;magyar nyelv és irodalom;közép;rendes;Nem;magyar;5;89;89;megjelent;37;10;25;13;2;2;89;-;-;-;-
2020;1;Borsod-Abaúj-Zemplén;12;gimnázium;nő;nappali;magyar nyelv és irodalom;közép;rendes;Nem;magyar;5;89;89;megjelent;35;10;24;15;3;2;89;-;-;-;-
2020;1;Borsod-Abaúj-Zemplén;12;gimnázium;férfi;nappali;magyar nyelv és irodalom;közép;rendes;Nem;magyar;5;93;93;megjelent;36;9;25;15;6;2;93;-;-;-;-
2020;1;Borsod-Abaúj-Zemplén;12;gimnázium;férfi;nappali;magyar nyelv és irodalom;közép;rendes;Nem;magyar;2;30;30;megjelent;19;0;4;7;0;0;30;-;-;-;-
2020;1;Borsod-Abaúj-Zemplén;12;gimnázium;férfi;nappali;magyar nyelv és irodalom;közép;rendes;Nem;magyar;5;83;83;megjelent;33;8;21;13;6;2;83;-;-;-;-
2020;1;Borsod-Abaúj-Zemplén;12;gimnázium;férfi;nappali;magyar nyelv és irodalom;közép;rendes;Nem;magyar;5;96;96;megjelent;37;9;25;15;8;2;96;-;-;-;-
2020;1;Borsod-Abaúj-Zemplén;12;gimnázium;férfi;nappali;magyar nyelv és irodalom;közép;rendes;Nem;magyar;4;68;68;megjelent;33;8;14;11;0;2;68;-;-;-;-
2020;1;Borsod-Abaúj-Zemplén;12;gimnázium;nő;nappali;magyar nyelv és irodalom;közép;rendes;Nem;magyar;4;63;63;megjelent;28;9;14;11;0;1;63;-;-;-;-
2020;1;Borsod-Abaúj-Zemplén;12;gimnázium;férfi;nappali;magyar nyelv és irodalom;közép;rendes;Nem;magyar;3;42;42;megjelent;17;6;8;10;0;1;42;-;-;-;-
2020;1;Borsod-Abaúj-Zemplén;12;gimnázium;nő;nappali;magyar nyelv és irodalom;közép;rendes;Nem;magyar;5;81;81;megjelent;37;9;23;12;0;0;81;-;-;-;-
2020;1;Borsod-Abaúj-Zemplén;12;gimnázium;férfi;nappali;magyar nyelv és irodalom;közép;rendes;Nem;magyar;4;66;66;megjelent;30;8;15;11;0;2;66;-;-;-;-
2020;1;Borsod-Abaúj-Zemplén;12;gimnázium;férfi;nappali;magyar nyelv és irodalom;közép;rendes;Nem;magyar;4;74;74;megjelent;30;8;21;9;5;1;74;-;-;-;-
2020;1;Borsod-Abaúj-Zemplén;12;gimnázium;nő;nappali;magyar nyelv és irodalom;közép;rendes;Nem;magyar;3;45;45;megjelent;28;8;5;3;1;0;45;-;-;-;-
2020;1;Borsod-Abaúj-Zemplén;12;gimnázium;férfi;nappali;magyar nyelv és irodalom;közép;rendes;Nem;magyar;3;40;40;megjelent;16;3;9;10;0;2;40;-;-;-;-
2020;1;Borsod-Abaúj-Zemplén;12;gimnázium;férfi;nappali;magyar nyelv és irodalom;közép;rendes;Nem;magyar;4;66;66;megjelent;32;6;14;12;0;2;66;-;-;-;-
2020;1;Borsod-Abaúj-Zemplén;12;gimnázium;férfi;nappali;magyar nyelv és irodalom;közép;rendes;Nem;magyar;5;91;91;megjelent;35;9;25;14;7;1;91;-;-;-;-
2020;1;Borsod-Abaúj-Zemplén;12;gimnázium;nő;nappali;magyar nyelv és irodalom;közép;rendes;Nem;magyar;3;43;43;megjelent;21;5;7;8;0;2;43;-;-;-;-
2020;1;Borsod-Abaúj-Zemplén;12;gimnázium;nő;nappali;magyar nyelv és irodalom;közép;rendes;Nem;magyar;5;93;93;megjelent;36;9;23;15;8;2;93;-;-;-;-
2020;1;Borsod-Abaúj-Zemplén;12;gimnázium;nő;nappali;magyar nyelv és irodalom;közép;rendes;Nem;magyar;5;84;84;megjelent;37;9;20;11;5;2;84;-;-;-;-
2020;1;Borsod-Abaúj-Zemplén;12;gimnázium;férfi;nappali;magyar nyelv és irodalom;közép;rendes;Nem;magyar;4;72;72;megjelent;32;8;15;9;8;0;72;-;-;-;-
2020;1;Borsod-Abaúj-Zemplén;12;gimnázium;nő;nappali;magyar nyelv és irodalom;közép;rendes;Nem;magyar;5;91;91;megjelent;34;10;23;15;7;2;91;-;-;-;-
2020;1;Borsod-Abaúj-Zemplén;12;gimnázium;férfi;nappali;magyar nyelv és irodalom;közép;rendes;Nem;magyar;3;55;55;megjelent;28;8;9;7;2;1;55;-;-;-;-
2020;1;Borsod-Abaúj-Zemplén;12;gimnázium;nő;nappali;magyar nyelv és irodalom;közép;rendes;Nem;magyar;3;47;47;megjelent;21;6;11;8;0;1;47;-;-;-;-
2020;1;Borsod-Abaúj-Zemplén;12;gimnázium;férfi;nappali;magyar nyelv és irodalom;közép;rendes;Nem;magyar;4;61;61;megjelent;32;8;12;8;0;1;61;-;-;-;-
2020;1;Borsod-Abaúj-Zemplén;12;gimnázium;férfi;nappali;magyar nyelv és irodalom;közép;rendes;Nem;magyar;4;74;74;megjelent;35;7;16;10;6;0;74;-;-;-;-
2020;1;Borsod-Abaúj-Zemplén;12;gimnázium;férfi;nappali;magyar nyelv és irodalom;közép;rendes;Nem;magyar;4;71;71;megjelent;33;8;17;11;0;2;71;-;-;-;-
2020;1;Borsod-Abaúj-Zemplén;12;gimnázium;nő;nappali;magyar nyelv és irodalom;közép;rendes;Nem;magyar;2;33;33;megjelent;14;4;5;8;0;2;33;-;-;-;-
2020;1;Borsod-Abaúj-Zemplén;12;gimnázium;férfi;nappali;magyar nyelv és irodalom;közép;rendes;Nem;magyar;4;75;75;megjelent;34;7;18;13;2;1;75;-;-;-;-
2020;1;Borsod-Abaúj-Zemplén;12;gimnázium;nő;nappali;magyar nyelv és irodalom;közép;rendes;Nem;magyar;4;60;60;megjelent;29;4;13;10;2;2;60;-;-;-;-
2020;1;Borsod-Abaúj-Zemplén;12;gimnázium;férfi;nappali;magyar nyelv és irodalom;közép;rendes;Nem;magyar;5;85;85;megjelent;38;8;19;13;6;1;85;-;-;-;-
2020;1;Borsod-Abaúj-Zemplén;12;gimnázium;nő;nappali;magyar nyelv és irodalom;közép;rendes;Nem;magyar;3;44;44;megjelent;17;6;7;12;0;2;44;-;-;-;-
2020;1;Borsod-Abaúj-Zemplén;12;gimnázium;nő;nappali;magyar nyelv és irodalom;közép;rendes;Nem;magyar;5;83;83;megjelent;29;9;23;15;5;2;83;-;-;-;-
2020;1;Borsod-Abaúj-Zemplén;12;gimnázium;férfi;nappali;magyar nyelv és irodalom;közép;rendes;Nem;magyar;5;90;90;megjelent;37;10;22;15;4;2;90;-;-;-;-
2020;1;Borsod-Abaúj-Zemplén;12;gimnázium;férfi;nappali;magyar nyelv és irodalom;közép;rendes;Nem;magyar;3;53;53;megjelent;22;8;13;10;0;0;53;-;-;-;-
2020;1;Borsod-Abaúj-Zemplén;12;gimnázium;férfi;nappali;magyar nyelv és irodalom;közép;rendes;Nem;magyar;4;61;61;megjelent;33;4;12;7;5;0;61;-;-;-;-
2020;1;Borsod-Abaúj-Zemplén;12;gimnázium;nő;nappali;magyar nyelv és irodalom;közép;rendes;Nem;magyar;5;81;81;megjelent;33;9;24;13;1;1;81;-;-;-;-
2020;1;Borsod-Abaúj-Zemplén;12;gimnázium;férfi;nappali;magyar nyelv és irodalom;közép;rendes;Nem;magyar;5;85;85;megjelent;37;10;21;15;0;2;85;-;-;-;-
2020;1;Borsod-Abaúj-Zemplén;12;gimnázium;férfi;nappali;magyar nyelv és irodalom;közép;előrehozott;Nem;magyar;3;48;48;megjelent;24;7;7;8;0;2;48;-;-;-;-
2020;1;Borsod-Abaúj-Zemplén;12;gimnázium;nő;nappali;magyar nyelv és irodalom;közép;rendes;Nem;magyar;5;96;96;megjelent;36;10;25;15;8;2;96;-;-;-;-
2020;1;Borsod-Abaúj-Zemplén;12;gimnázium;nő;nappali;magyar nyelv és irodalom;közép;rendes;Nem;magyar;5;89;89;megjelent;36;10;21;13;7;2;89;-;-;-;-
2020;1;Borsod-Abaúj-Zemplén;12;gimnázium;férfi;nappali;magyar nyelv és irodalom;közép;rendes;Nem;magyar;5;86;86;megjelent;36;9;20;14;5;2;86;-;-;-;-
2020;1;Borsod-Abaúj-Zemplén;12;gimnázium;férfi;nappali;magyar nyelv és irodalom;közép;rendes;Nem;magyar;5;81;81;megjelent;36;9;22;13;0;1;81;-;-;-;-
2020;1;Borsod-Abaúj-Zemplén;12;gimnázium;nő;nappali;magyar nyelv és irodalom;közép;rendes;Nem;magyar;5;91;91;megjelent;35;10;22;14;8;2;91;-;-;-;-
2020;1;Borsod-Abaúj-Zemplén;12;gimnázium;nő;nappali;magyar nyelv és irodalom;közép;rendes;Igen;magyar;5;86;43;megjelent;-;-;-;-;-;-;-;22;8;13;43
2020;1;Borsod-Abaúj-Zemplén;12;gimnázium;nő;nappali;magyar nyelv és irodalom;közép;rendes;Nem;magyar;5;95;95;megjelent;38;10;23;15;7;2;95;-;-;-;-
2020;1;Borsod-Abaúj-Zemplén;12;gimnázium;nő;nappali;magyar nyelv és irodalom;közép;rendes;Igen;magyar;4;72;36;megjelent;-;-;-;-;-;-;-;18;8;10;36
2020;1;Borsod-Abaúj-Zemplén;12;gimnázium;nő;nappali;magyar nyelv és irodalom;közép;rendes;Nem;magyar;5;97;97;megjelent;39;10;25;15;6;2;97;-;-;-;-
2020;1;Borsod-Abaúj-Zemplén;12;gimnázium;nő;nappali;magyar nyelv és irodalom;közép;rendes;Nem;magyar;5;83;83;megjelent;33;8;17;15;8;2;83;-;-;-;-
2020;1;Borsod-Abaúj-Zemplén;12;gimnázium;nő;nappali;magyar nyelv és irodalom;közép;rendes;Nem;magyar;5;81;81;megjelent;36;9;16;12;7;1;81;-;-;-;-
2020;1;Borsod-Abaúj-Zemplén;12;gimnázium;férfi;nappali;magyar nyelv és irodalom;közép;rendes;Nem;magyar;4;75;75;megjelent;35;8;17;12;3;0;75;-;-;-;-
2020;1;Borsod-Abaúj-Zemplén;12;gimnázium;nő;nappali;magyar nyelv és irodalom;közép;rendes;Nem;magyar;5;93;93;megjelent;34;10;25;15;7;2;93;-;-;-;-
2020;1;Borsod-Abaúj-Zemplén;12;gimnázium;nő;nappali;magyar nyelv és irodalom;közép;rendes;Nem;magyar;5;96;96;megjelent;39;9;23;15;8;2;96;-;-;-;-
2020;1;Borsod-Abaúj-Zemplén;12;gimnázium;férfi;nappali;magyar nyelv és irodalom;közép;rendes;Nem;magyar;4;64;64;megjelent;26;8;15;13;0;2;64;-;-;-;-
2020;1;Borsod-Abaúj-Zemplén;12;gimnázium;nő;nappali;magyar nyelv és irodalom;közép;rendes;Nem;magyar;5;81;81;megjelent;31;9;18;14;7;2;81;-;-;-;-
2020;1;Borsod-Abaúj-Zemplén;12;gimnázium;nő;nappali;magyar nyelv és irodalom;közép;rendes;Nem;magyar;4;75;75;megjelent;32;9;16;12;4;2;75;-;-;-;-
2020;1;Borsod-Abaúj-Zemplén;12;gimnázium;nő;nappali;magyar nyelv és irodalom;közép;rendes;Nem;magyar;5;97;97;megjelent;39;9;25;15;7;2;97;-;-;-;-
2020;1;Borsod-Abaúj-Zemplén;12;gimnázium;férfi;nappali;magyar nyelv és irodalom;közép;rendes;Nem;magyar;5;93;93;megjelent;36;9;25;14;7;2;93;-;-;-;-
2020;1;Borsod-Abaúj-Zemplén;12;szakgimnázium/szakközépiskola (2016.09.01-től kifutó rendszerben);férfi;nappali;magyar nyelv és irodalom;közép;rendes;Igen;magyar;2;28;26;megjelent;15;4;4;3;0;0;26;-;-;-;-
2020;1;Borsod-Abaúj-Zemplén;12;gimnázium;férfi;nappali;magyar nyelv és irodalom;közép;rendes;Nem;magyar;4;70;70;megjelent;29;8;15;10;6;2;70;-;-;-;-
2020;1;Borsod-Abaúj-Zemplén;12;gimnázium;férfi;nappali;magyar nyelv és irodalom;közép;rendes;Nem;magyar;5;81;81;megjelent;35;9;19;15;1;2;81;-;-;-;-
2020;1;Borsod-Abaúj-Zemplén;12;gimnázium;nő;nappali;magyar nyelv és irodalom;közép;rendes;Nem;magyar;4;72;72;megjelent;32;9;14;12;3;2;72;-;-;-;-
2020;1;Borsod-Abaúj-Zemplén;12;gimnázium;férfi;nappali;magyar nyelv és irodalom;közép;rendes;Nem;magyar;4;62;62;megjelent;28;9;10;13;0;2;62;-;-;-;-
2020;1;Borsod-Abaúj-Zemplén;12;gimnázium;férfi;nappali;magyar nyelv és irodalom;közép;rendes;Nem;magyar;5;82;82;megjelent;35;8;18;14;6;1;82;-;-;-;-
2020;1;Borsod-Abaúj-Zemplén;12;gimnázium;férfi;nappali;magyar nyelv és irodalom;közép;rendes;Nem;magyar;5;85;85;megjelent;35;9;18;13;8;2;85;-;-;-;-
2020;1;Borsod-Abaúj-Zemplén;12;szakgimnázium/szakközépiskola (2016.09.01-től kifutó rendszerben);férfi;nappali;magyar nyelv és irodalom;közép;rendes;Nem;magyar;3;55;55;megjelent;26;6;14;8;0;1;55;-;-;-;-
2020;1;Borsod-Abaúj-Zemplén;12;szakgimnázium/szakközépiskola (2016.09.01-től kifutó rendszerben);férfi;nappali;magyar nyelv és irodalom;közép;rendes;Nem;magyar;3;52;52;megjelent;21;7;15;8;0;1;52;-;-;-;-
2020;1;Borsod-Abaúj-Zemplén;12;szakgimnázium/szakközépiskola (2016.09.01-től kifutó rendszerben);nő;nappali;magyar nyelv és irodalom;közép;rendes;Nem;magyar;4;61;61;megjelent;22;9;19;10;0;1;61;-;-;-;-
2020;1;Borsod-Abaúj-Zemplén;12;szakgimnázium/szakközépiskola (2016.09.01-től kifutó rendszerben);férfi;nappali;magyar nyelv és irodalom;közép;rendes;Nem;magyar;2;25;25;megjelent;8;5;6;5;0;1;25;-;-;-;-
2020;1;Borsod-Abaúj-Zemplén;12;szakgimnázium/szakközépiskola (2016.09.01-től kifutó rendszerben);férfi;nappali;magyar nyelv és irodalom;közép;rendes;Nem;magyar;2;34;34;megjelent;19;4;6;4;0;1;34;-;-;-;-
2020;1;Borsod-Abaúj-Zemplén;12;szakgimnázium/szakközépiskola (2016.09.01-től kifutó rendszerben);férfi;nappali;magyar nyelv és irodalom;közép;rendes;Nem;magyar;3;40;40;megjelent;18;5;9;7;0;1;40;-;-;-;-
2020;1;Borsod-Abaúj-Zemplén;12;szakgimnázium/szakközépiskola (2016.09.01-től kifutó rendszerben);férfi;nappali;magyar nyelv és irodalom;közép;rendes;Nem;magyar;4;61;61;megjelent;31;8;13;8;0;1;61;-;-;-;-
2020;1;Borsod-Abaúj-Zemplén;12;gimnázium;férfi;nappali;magyar nyelv és irodalom;közép;rendes;Nem;magyar;5;87;87;megjelent;36;9;21;14;7;0;87;-;-;-;-
2020;1;Borsod-Abaúj-Zemplén;12;gimnázium;férfi;nappali;magyar nyelv és irodalom;közép;rendes;Nem;magyar;5;81;81;megjelent;34;8;19;12;6;2;81;-;-;-;-
2020;1;Borsod-Abaúj-Zemplén;12;gimnázium;férfi;nappali;magyar nyelv és irodalom;közép;rendes;Nem;magyar;4;77;77;megjelent;37;8;17;13;0;2;77;-;-;-;-
2020;1;Borsod-Abaúj-Zemplén;12;gimnázium;férfi;nappali;magyar nyelv és irodalom;közép;rendes;Nem;magyar;4;63;63;megjelent;27;7;15;10;2;2;63;-;-;-;-
2020;1;Borsod-Abaúj-Zemplén;12;gimnázium;nő;nappali;magyar nyelv és irodalom;közép;rendes;Nem;magyar;5;87;87;megjelent;35;8;23;14;5;2;87;-;-;-;-
2020;1;Borsod-Abaúj-Zemplén;12;gimnázium;férfi;nappali;magyar nyelv és irodalom;közép;rendes;Nem;magyar;4;75;75;megjelent;37;8;18;11;0;1;75;-;-;-;-
2020;1;Borsod-Abaúj-Zemplén;12;gimnázium;nő;nappali;magyar nyelv és irodalom;közép;rendes;Nem;magyar;5;87;87;megjelent;34;10;23;15;3;2;87;-;-;-;-
2020;1;Borsod-Abaúj-Zemplén;12;gimnázium;férfi;nappali;magyar nyelv és irodalom;közép;rendes;Nem;magyar;4;72;72;megjelent;34;9;16;11;0;2;72;-;-;-;-
2020;1;Borsod-Abaúj-Zemplén;12;gimnázium;férfi;nappali;magyar nyelv és irodalom;közép;rendes;Nem;magyar;4;76;76;megjelent;31;9;20;14;0;2;76;-;-;-;-
2020;1;Borsod-Abaúj-Zemplén;12;gimnázium;nő;nappali;magyar nyelv és irodalom;közép;rendes;Nem;magyar;5;85;85;megjelent;36;10;19;14;5;1;85;-;-;-;-
2020;1;Borsod-Abaúj-Zemplén;12;gimnázium;nő;nappali;magyar nyelv és irodalom;közép;rendes;Nem;magyar;5;90;90;megjelent;39;9;24;12;4;2;90;-;-;-;-
2020;1;Borsod-Abaúj-Zemplén;12;gimnázium;nő;nappali;magyar nyelv és irodalom;közép;rendes;Nem;magyar;4;60;60;megjelent;27;8;13;11;0;1;60;-;-;-;-
2020;1;Borsod-Abaúj-Zemplén;12;gimnázium;nő;nappali;magyar nyelv és irodalom;közép;rendes;Nem;magyar;5;81;81;megjelent;33;8;19;14;6;1;81;-;-;-;-
2020;1;Borsod-Abaúj-Zemplén;12;gimnázium;férfi;nappali;magyar nyelv és irodalom;közép;rendes;Nem;magyar;5;80;80;megjelent;35;8;19;12;4;2;80;-;-;-;-
2020;1;Borsod-Abaúj-Zemplén;12;gimnázium;férfi;nappali;magyar nyelv és irodalom;közép;rendes;Nem;magyar;5;87;87;megjelent;36;9;20;14;6;2;87;-;-;-;-
2020;1;Borsod-Abaúj-Zemplén;12;gimnázium;nő;nappali;magyar nyelv és irodalom;közép;rendes;Nem;magyar;5;85;85;megjelent;33;8;21;14;7;2;85;-;-;-;-
2020;1;Borsod-Abaúj-Zemplén;12;gimnázium;férfi;nappali;magyar nyelv és irodalom;közép;rendes;Nem;magyar;5;94;94;megjelent;34;10;25;15;8;2;94;-;-;-;-
2020;1;Borsod-Abaúj-Zemplén;12;gimnázium;férfi;nappali;magyar nyelv és irodalom;közép;rendes;Nem;magyar;5;88;88;megjelent;39;8;21;14;4;2;88;-;-;-;-
2020;1;Borsod-Abaúj-Zemplén;12;gimnázium;férfi;nappali;magyar nyelv és irodalom;közép;rendes;Nem;magyar;4;67;67;megjelent;35;9;13;10;0;0;67;-;-;-;-
2020;1;Borsod-Abaúj-Zemplén;12;gimnázium;férfi;nappali;magyar nyelv és irodalom;közép;rendes;Nem;magyar;4;77;77;megjelent;32;7;20;11;5;2;77;-;-;-;-
2020;1;Borsod-Abaúj-Zemplén;12;gimnázium;nő;nappali;magyar nyelv és irodalom;közép;rendes;Nem;magyar;5;84;84;megjelent;36;8;19;12;8;1;84;-;-;-;-
2020;1;Borsod-Abaúj-Zemplén;12;gimnázium;nő;nappali;magyar nyelv és irodalom;közép;rendes;Nem;magyar;5;95;95;megjelent;37;10;24;15;7;2;95;-;-;-;-
2020;1;Borsod-Abaúj-Zemplén;12;gimnázium;férfi;nappali;magyar nyelv és irodalom;közép;rendes;Nem;magyar;5;92;92;megjelent;34;10;24;15;7;2;92;-;-;-;-
2020;1;Borsod-Abaúj-Zemplén;12;gimnázium;nő;nappali;magyar nyelv és irodalom;közép;rendes;Nem;magyar;5;80;80;megjelent;35;8;18;13;4;2;80;-;-;-;-
2020;1;Borsod-Abaúj-Zemplén;12;gimnázium;férfi;nappali;magyar nyelv és irodalom;közép;rendes;Nem;magyar;5;80;80;megjelent;34;7;20;11;6;2;80;-;-;-;-
2020;1;Borsod-Abaúj-Zemplén;12;gimnázium;nő;nappali;magyar nyelv és irodalom;közép;rendes;Nem;magyar;4;61;61;megjelent;28;8;14;10;0;1;61;-;-;-;-
2020;1;Borsod-Abaúj-Zemplén;12;szakgimnázium/szakközépiskola (2016.09.01-től kifutó rendszerben);férfi;nappali;magyar nyelv és irodalom;közép;rendes;Nem;magyar;4;62;62;megjelent;32;5;16;9;0;0;62;-;-;-;-
2020;1;Borsod-Abaúj-Zemplén;12;gimnázium;férfi;nappali;magyar nyelv és irodalom;közép;rendes;Nem;magyar;4;69;69;megjelent;36;6;16;9;0;2;69;-;-;-;-
2020;1;Borsod-Abaúj-Zemplén;12;gimnázium;férfi;nappali;magyar nyelv és irodalom;közép;rendes;Nem;magyar;5;90;90;megjelent;35;9;23;14;7;2;90;-;-;-;-
2020;1;Borsod-Abaúj-Zemplén;12;gimnázium;nő;nappali;magyar nyelv és irodalom;közép;rendes;Nem;magyar;5;95;95;megjelent;35;10;25;15;8;2;95;-;-;-;-
2020;1;Borsod-Abaúj-Zemplén;12;szakgimnázium/szakközépiskola (2016.09.01-től kifutó rendszerben);nő;nappali;magyar nyelv és irodalom;közép;rendes;Nem;magyar;4;61;61;megjelent;33;5;12;9;0;2;61;-;-;-;-
2020;1;Borsod-Abaúj-Zemplén;12;szakgimnázium/szakközépiskola (2016.09.01-től kifutó rendszerben);nő;nappali;magyar nyelv és irodalom;közép;rendes;Nem;magyar;3;45;45;megjelent;25;3;9;7;0;1;45;-;-;-;-
2020;1;Borsod-Abaúj-Zemplén;12;szakgimnázium/szakközépiskola (2016.09.01-től kifutó rendszerben);nő;nappali;magyar nyelv és irodalom;közép;rendes;Nem;magyar;5;80;80;megjelent;35;6;21;12;6;0;80;-;-;-;-
2020;1;Borsod-Abaúj-Zemplén;12;szakgimnázium/szakközépiskola (2016.09.01-től kifutó rendszerben);nő;nappali;magyar nyelv és irodalom;közép;rendes;Nem;magyar;4;72;72;megjelent;28;8;23;12;0;1;72;-;-;-;-
2020;1;Borsod-Abaúj-Zemplén;12;szakgimnázium/szakközépiskola (2016.09.01-től kifutó rendszerben);nő;nappali;magyar nyelv és irodalom;közép;rendes;Nem;magyar;5;83;83;megjelent;32;9;23;14;4;1;83;-;-;-;-
2020;1;Borsod-Abaúj-Zemplén;12;szakgimnázium/szakközépiskola (2016.09.01-től kifutó rendszerben);nő;nappali;magyar nyelv és irodalom;közép;rendes;Nem;magyar;3;58;58;megjelent;32;6;10;9;0;1;58;-;-;-;-
2020;1;Borsod-Abaúj-Zemplén;12;szakgimnázium/szakközépiskola (2016.09.01-től kifutó rendszerben);nő;nappali;magyar nyelv és irodalom;közép;rendes;Nem;magyar;3;51;51;megjelent;23;6;12;9;0;1;51;-;-;-;-
2020;1;Borsod-Abaúj-Zemplén;12;szakgimnázium/szakközépiskola (2016.09.01-től kifutó rendszerben);nő;nappali;magyar nyelv és irodalom;közép;rendes;Nem;magyar;3;42;42;megjelent;23;3;8;7;0;1;42;-;-;-;-
2020;1;Borsod-Abaúj-Zemplén;12;szakgimnázium/szakközépiskola (2016.09.01-től kifutó rendszerben);nő;nappali;magyar nyelv és irodalom;közép;rendes;Nem;magyar;4;61;61;megjelent;34;7;11;9;0;0;61;-;-;-;-
2020;1;Borsod-Abaúj-Zemplén;12;szakgimnázium/szakközépiskola (2016.09.01-től kifutó rendszerben);nő;nappali;magyar nyelv és irodalom;közép;rendes;Nem;magyar;4;63;63;megjelent;34;7;12;6;2;2;63;-;-;-;-
2020;1;Borsod-Abaúj-Zemplén;12;szakgimnázium/szakközépiskola (2016.09.01-től kifutó rendszerben);nő;nappali;magyar nyelv és irodalom;közép;rendes;Nem;magyar;4;60;60;megjelent;22;5;15;9;7;2;60;-;-;-;-
2020;1;Borsod-Abaúj-Zemplén;12;gimnázium;férfi;nappali;magyar nyelv és irodalom;közép;rendes;Igen;magyar;4;67;61;megjelent;32;8;10;11;0;0;61;-;-;-;-
2020;1;Borsod-Abaúj-Zemplén;12;gimnázium;férfi;nappali;magyar nyelv és irodalom;közép;rendes;Igen;magyar;4;68;62;megjelent;34;8;9;11;0;0;62;-;-;-;-
2020;1;Borsod-Abaúj-Zemplén;12;gimnázium;férfi;nappali;magyar nyelv és irodalom;közép;rendes;Nem;magyar;4;67;67;megjelent;34;8;14;10;0;1;67;-;-;-;-
2020;1;Borsod-Abaúj-Zemplén;12;gimnázium;nő;nappali;magyar nyelv és irodalom;közép;rendes;Nem;magyar;3;41;41;megjelent;23;4;6;6;0;2;41;-;-;-;-
2020;1;Borsod-Abaúj-Zemplén;12;gimnázium;férfi;nappali;magyar nyelv és irodalom;közép;rendes;Nem;magyar;4;66;66;megjelent;29;8;17;11;0;1;66;-;-;-;-
2020;1;Borsod-Abaúj-Zemplén;12;gimnázium;nő;nappali;magyar nyelv és irodalom;közép;rendes;Nem;magyar;5;82;82;megjelent;34;7;23;14;2;2;82;-;-;-;-
2020;1;Borsod-Abaúj-Zemplén;12;gimnázium;férfi;nappali;magyar nyelv és irodalom;közép;rendes;Nem;magyar;4;66;66;megjelent;30;5;22;8;0;1;66;-;-;-;-
2020;1;Borsod-Abaúj-Zemplén;12;gimnázium;nő;nappali;magyar nyelv és irodalom;közép;rendes;Nem;magyar;3;57;57;megjelent;30;5;7;5;8;2;57;-;-;-;-
2020;1;Borsod-Abaúj-Zemplén;12;gimnázium;nő;nappali;magyar nyelv és irodalom;közép;rendes;Nem;magyar;5;91;91;megjelent;39;8;24;13;5;2;91;-;-;-;-
2020;1;Borsod-Abaúj-Zemplén;12;gimnázium;férfi;nappali;magyar nyelv és irodalom;közép;rendes;Nem;magyar;5;85;85;megjelent;36;7;20;15;5;2;85;-;-;-;-
2020;1;Borsod-Abaúj-Zemplén;12;gimnázium;nő;nappali;magyar nyelv és irodalom;közép;rendes;Nem;magyar;5;84;84;megjelent;34;9;23;13;3;2;84;-;-;-;-
2020;1;Borsod-Abaúj-Zemplén;12;gimnázium;nő;nappali;magyar nyelv és irodalom;közép;rendes;Nem;magyar;5;89;89;megjelent;38;9;25;14;1;2;89;-;-;-;-
2020;1;Borsod-Abaúj-Zemplén;12;gimnázium;nő;nappali;magyar nyelv és irodalom;közép;rendes;Nem;magyar;4;61;61;megjelent;31;8;10;5;5;2;61;-;-;-;-
2020;1;Borsod-Abaúj-Zemplén;12;gimnázium;nő;nappali;magyar nyelv és irodalom;közép;rendes;Nem;magyar;5;81;81;megjelent;31;10;19;14;5;2;81;-;-;-;-
2020;1;Borsod-Abaúj-Zemplén;12;gimnázium;férfi;nappali;magyar nyelv és irodalom;közép;rendes;Nem;magyar;5;95;95;megjelent;36;10;25;15;7;2;95;-;-;-;-
2020;1;Borsod-Abaúj-Zemplén;12;gimnázium;nő;nappali;magyar nyelv és irodalom;közép;rendes;Nem;magyar;4;72;72;megjelent;36;10;10;11;3;2;72;-;-;-;-
2020;1;Borsod-Abaúj-Zemplén;12;gimnázium;férfi;nappali;magyar nyelv és irodalom;közép;rendes;Nem;magyar;4;65;65;megjelent;30;7;19;8;0;1;65;-;-;-;-
2020;1;Borsod-Abaúj-Zemplén;12;gimnázium;férfi;nappali;magyar nyelv és irodalom;közép;rendes;Nem;magyar;4;61;61;megjelent;33;8;11;8;0;1;61;-;-;-;-
2020;1;Borsod-Abaúj-Zemplén;12;gimnázium;férfi;nappali;magyar nyelv és irodalom;közép;rendes;Nem;magyar;4;64;64;megjelent;29;8;10;8;7;2;64;-;-;-;-
2020;1;Borsod-Abaúj-Zemplén;12;gimnázium;férfi;nappali;magyar nyelv és irodalom;közép;rendes;Nem;magyar;3;52;52;megjelent;31;0;14;6;0;1;52;-;-;-;-
2020;1;Borsod-Abaúj-Zemplén;12;szakgimnázium/szakközépiskola (2016.09.01-től kifutó rendszerben);férfi;nappali;magyar nyelv és irodalom;közép;rendes;Nem;magyar;4;68;68;megjelent;29;7;19;12;0;1;68;-;-;-;-
2020;1;Borsod-Abaúj-Zemplén;12;gimnázium;férfi;nappali;magyar nyelv és irodalom;közép;rendes;Nem;magyar;3;58;58;megjelent;34;6;9;8;0;1;58;-;-;-;-
2020;1;Borsod-Abaúj-Zemplén;12;szakgimnázium/szakközépiskola (2016.09.01-től kifutó rendszerben);férfi;nappali;magyar nyelv és irodalom;közép;előrehozott;Nem;magyar;3;46;46;megjelent;22;0;10;9;4;1;46;-;-;-;-
2020;1;Borsod-Abaúj-Zemplén;12;gimnázium;férfi;nappali;magyar nyelv és irodalom;közép;rendes;Nem;magyar;5;83;83;megjelent;33;9;17;14;8;2;83;-;-;-;-
2020;1;Borsod-Abaúj-Zemplén;12;gimnázium;férfi;nappali;magyar nyelv és irodalom;közép;rendes;Nem;magyar;5;91;91;megjelent;37;9;24;13;6;2;91;-;-;-;-
2020;1;Borsod-Abaúj-Zemplén;12;szakgimnázium/szakközépiskola (2016.09.01-től kifutó rendszerben);férfi;nappali;magyar nyelv és irodalom;közép;rendes;Nem;magyar;3;43;43;megjelent;21;6;10;6;0;0;43;-;-;-;-
2020;1;Borsod-Abaúj-Zemplén;12;gimnázium;nő;nappali;magyar nyelv és irodalom;közép;rendes;Nem;magyar;4;63;63;megjelent;29;8;12;12;0;2;63;-;-;-;-
2020;1;Borsod-Abaúj-Zemplén;12;gimnázium;férfi;nappali;magyar nyelv és irodalom;közép;rendes;Nem;magyar;4;70;70;megjelent;36;6;16;10;0;2;70;-;-;-;-
2020;1;Borsod-Abaúj-Zemplén;12;gimnázium;nő;nappali;magyar nyelv és irodalom;közép;rendes;Nem;magyar;3;42;42;megjelent;22;5;8;5;0;2;42;-;-;-;-
2020;1;Borsod-Abaúj-Zemplén;12;gimnázium;férfi;nappali;magyar nyelv és irodalom;közép;rendes;Nem;magyar;5;82;82;megjelent;32;10;19;15;4;2;82;-;-;-;-
2020;1;Borsod-Abaúj-Zemplén;12;gimnázium;nő;nappali;magyar nyelv és irodalom;közép;rendes;Nem;magyar;5;91;91;megjelent;36;10;25;15;3;2;91;-;-;-;-
2020;1;Borsod-Abaúj-Zemplén;12;gimnázium;nő;nappali;magyar nyelv és irodalom;közép;rendes;Nem;magyar;5;93;93;megjelent;33;10;25;15;8;2;93;-;-;-;-
2020;1;Borsod-Abaúj-Zemplén;12;gimnázium;férfi;nappali;magyar nyelv és irodalom;közép;rendes;Nem;magyar;5;93;93;megjelent;38;9;23;15;6;2;93;-;-;-;-
2020;1;Borsod-Abaúj-Zemplén;12;gimnázium;nő;nappali;magyar nyelv és irodalom;közép;rendes;Nem;magyar;5;84;84;megjelent;34;9;19;12;8;2;84;-;-;-;-
2020;1;Borsod-Abaúj-Zemplén;12;gimnázium;nő;nappali;magyar nyelv és irodalom;közép;rendes;Nem;magyar;5;94;94;megjelent;37;10;25;13;7;2;94;-;-;-;-
2020;1;Borsod-Abaúj-Zemplén;12;gimnázium;nő;nappali;magyar nyelv és irodalom;közép;rendes;Nem;magyar;5;82;82;megjelent;35;7;22;13;3;2;82;-;-;-;-
2020;1;Borsod-Abaúj-Zemplén;12;gimnázium;nő;nappali;magyar nyelv és irodalom;közép;rendes;Nem;magyar;3;56;56;megjelent;33;4;12;7;0;0;56;-;-;-;-
2020;1;Borsod-Abaúj-Zemplén;12;gimnázium;férfi;nappali;magyar nyelv és irodalom;közép;rendes;Nem;magyar;4;64;64;megjelent;34;7;14;7;0;2;64;-;-;-;-
2020;1;Borsod-Abaúj-Zemplén;12;gimnázium;nő;nappali;magyar nyelv és irodalom;közép;rendes;Nem;magyar;3;41;41;megjelent;7;10;12;10;0;2;41;-;-;-;-
2020;1;Borsod-Abaúj-Zemplén;12;gimnázium;férfi;nappali;magyar nyelv és irodalom;közép;rendes;Nem;magyar;5;84;84;megjelent;36;10;22;14;0;2;84;-;-;-;-
2020;1;Borsod-Abaúj-Zemplén;12;gimnázium;férfi;nappali;magyar nyelv és irodalom;közép;rendes;Nem;magyar;2;27;27;megjelent;12;6;2;5;0;2;27;-;-;-;-
2020;1;Borsod-Abaúj-Zemplén;12;gimnázium;nő;nappali;magyar nyelv és irodalom;közép;rendes;Nem;magyar;5;80;80;megjelent;33;8;20;12;5;2;80;-;-;-;-
2020;1;Borsod-Abaúj-Zemplén;12;gimnázium;nő;nappali;magyar nyelv és irodalom;közép;rendes;Nem;magyar;5;80;80;megjelent;37;10;19;12;0;2;80;-;-;-;-
2020;1;Borsod-Abaúj-Zemplén;12;gimnázium;nő;nappali;magyar nyelv és irodalom;közép;rendes;Nem;magyar;5;80;80;megjelent;37;8;18;10;5;2;80;-;-;-;-
2020;1;Borsod-Abaúj-Zemplén;12;gimnázium;férfi;nappali;magyar nyelv és irodalom;közép;rendes;Nem;magyar;5;82;82;megjelent;37;8;21;12;2;2;82;-;-;-;-
2020;1;Borsod-Abaúj-Zemplén;12;szakgimnázium/szakközépiskola (2016.09.01-től kifutó rendszerben);férfi;nappali;magyar nyelv és irodalom;közép;rendes;Nem;magyar;4;77;77;megjelent;34;8;18;10;6;1;77;-;-;-;-
2020;1;Borsod-Abaúj-Zemplén;12;gimnázium;férfi;nappali;magyar nyelv és irodalom;közép;rendes;Nem;magyar;3;50;50;megjelent;33;4;5;6;1;1;50;-;-;-;-
2020;1;Borsod-Abaúj-Zemplén;12;gimnázium;nő;nappali;magyar nyelv és irodalom;közép;rendes;Nem;magyar;5;89;89;megjelent;37;9;22;12;7;2;89;-;-;-;-
2020;1;Borsod-Abaúj-Zemplén;12;gimnázium;nő;nappali;magyar nyelv és irodalom;közép;rendes;Nem;magyar;5;97;97;megjelent;37;10;25;15;8;2;97;-;-;-;-
2020;1;Borsod-Abaúj-Zemplén;12;szakgimnázium/szakközépiskola (2016.09.01-től kifutó rendszerben);nő;nappali;magyar nyelv és irodalom;közép;rendes;Nem;magyar;4;77;77;megjelent;35;8;17;8;8;1;77;-;-;-;-
2020;1;Borsod-Abaúj-Zemplén;12;gimnázium;nő;nappali;magyar nyelv és irodalom;közép;rendes;Nem;magyar;5;95;95;megjelent;38;10;24;14;8;1;95;-;-;-;-
2020;1;Borsod-Abaúj-Zemplén;12;szakgimnázium/szakközépiskola (2016.09.01-től kifutó rendszerben);nő;nappali;magyar nyelv és irodalom;közép;rendes;Nem;magyar;2;35;35;megjelent;13;5;8;7;0;2;35;-;-;-;-
2020;1;Borsod-Abaúj-Zemplén;12;gimnázium;férfi;nappali;magyar nyelv és irodalom;közép;rendes;Nem;magyar;4;68;68;megjelent;31;7;19;10;0;1;68;-;-;-;-
2020;1;Borsod-Abaúj-Zemplén;12;gimnázium;férfi;nappali;magyar nyelv és irodalom;közép;rendes;Nem;magyar;5;91;91;megjelent;36;10;20;15;8;2;91;-;-;-;-
2020;1;Borsod-Abaúj-Zemplén;12;gimnázium;férfi;nappali;magyar nyelv és irodalom;közép;rendes;Nem;magyar;5;83;83;megjelent;36;8;19;11;8;1;83;-;-;-;-
2020;1;Borsod-Abaúj-Zemplén;12;szakgimnázium/szakközépiskola (2016.09.01-től kifutó rendszerben);nő;nappali;magyar nyelv és irodalom;közép;rendes;Nem;magyar;5;80;80;megjelent;30;8;23;13;4;2;80;-;-;-;-
2020;1;Borsod-Abaúj-Zemplén;12;gimnázium;férfi;nappali;magyar nyelv és irodalom;közép;rendes;Nem;magyar;5;80;80;megjelent;33;8;24;14;0;1;80;-;-;-;-
2020;1;Borsod-Abaúj-Zemplén;12;gimnázium;férfi;nappali;magyar nyelv és irodalom;közép;rendes;Nem;magyar;4;64;64;megjelent;29;9;10;11;3;2;64;-;-;-;-
2020;1;Borsod-Abaúj-Zemplén;12;gimnázium;férfi;nappali;magyar nyelv és irodalom;közép;rendes;Nem;magyar;5;87;87;megjelent;37;9;19;13;7;2;87;-;-;-;-
2020;1;Borsod-Abaúj-Zemplén;12;gimnázium;férfi;nappali;magyar nyelv és irodalom;közép;rendes;Nem;magyar;4;73;73;megjelent;30;9;20;13;0;1;73;-;-;-;-
2020;1;Borsod-Abaúj-Zemplén;12;gimnázium;nő;nappali;magyar nyelv és irodalom;közép;rendes;Nem;magyar;4;77;77;megjelent;34;8;17;11;5;2;77;-;-;-;-
2020;1;Borsod-Abaúj-Zemplén;12;szakgimnázium/szakközépiskola (2016.09.01-től kifutó rendszerben);férfi;nappali;magyar nyelv és irodalom;közép;rendes;Nem;magyar;3;53;53;megjelent;25;7;9;6;6;0;53;-;-;-;-
2020;1;Borsod-Abaúj-Zemplén;12;gimnázium;férfi;nappali;magyar nyelv és irodalom;közép;rendes;Nem;magyar;4;74;74;megjelent;34;9;16;11;4;0;74;-;-;-;-
2020;1;Borsod-Abaúj-Zemplén;12;gimnázium;nő;nappali;magyar nyelv és irodalom;közép;rendes;Nem;magyar;4;75;75;megjelent;31;8;15;13;6;2;75;-;-;-;-
2020;1;Borsod-Abaúj-Zemplén;12;gimnázium;férfi;nappali;magyar nyelv és irodalom;közép;rendes;Nem;magyar;5;84;84;megjelent;35;8;21;13;5;2;84;-;-;-;-
2020;1;Borsod-Abaúj-Zemplén;12;gimnázium;férfi;nappali;magyar nyelv és irodalom;közép;rendes;Nem;magyar;4;67;67;megjelent;32;8;15;10;0;2;67;-;-;-;-
2020;1;Borsod-Abaúj-Zemplén;12;gimnázium;férfi;nappali;magyar nyelv és irodalom;közép;rendes;Nem;magyar;4;62;62;megjelent;28;8;10;10;4;2;62;-;-;-;-
2020;1;Borsod-Abaúj-Zemplén;12;gimnázium;férfi;nappali;magyar nyelv és irodalom;közép;rendes;Nem;magyar;5;83;83;megjelent;37;10;20;15;0;1;83;-;-;-;-
2020;1;Borsod-Abaúj-Zemplén;12;gimnázium;nő;nappali;magyar nyelv és irodalom;közép;rendes;Nem;magyar;5;81;81;megjelent;35;9;16;14;5;2;81;-;-;-;-
2020;1;Borsod-Abaúj-Zemplén;12;gimnázium;férfi;nappali;magyar nyelv és irodalom;közép;rendes;Nem;magyar;5;89;89;megjelent;37;9;23;15;3;2;89;-;-;-;-
2020;1;Borsod-Abaúj-Zemplén;12;gimnázium;férfi;nappali;magyar nyelv és irodalom;közép;rendes;Nem;magyar;5;83;83;megjelent;38;9;19;12;3;2;83;-;-;-;-
2020;1;Borsod-Abaúj-Zemplén;12;szakgimnázium/szakközépiskola (2016.09.01-től kifutó rendszerben);férfi;nappali;magyar nyelv és irodalom;közép;rendes;Nem;magyar;3;44;44;megjelent;25;3;9;7;0;0;44;-;-;-;-
2020;1;Borsod-Abaúj-Zemplén;12;gimnázium;nő;nappali;magyar nyelv és irodalom;közép;rendes;Nem;magyar;5;87;87;megjelent;35;9;20;15;6;2;87;-;-;-;-
2020;1;Borsod-Abaúj-Zemplén;12;gimnázium;nő;nappali;magyar nyelv és irodalom;közép;rendes;Nem;magyar;4;68;68;megjelent;37;9;10;11;0;1;68;-;-;-;-
2020;1;Borsod-Abaúj-Zemplén;12;szakgimnázium/szakközépiskola (2016.09.01-től kifutó rendszerben);férfi;nappali;magyar nyelv és irodalom;közép;rendes;Nem;magyar;3;57;57;megjelent;26;5;17;8;0;1;57;-;-;-;-
2020;1;Borsod-Abaúj-Zemplén;12;gimnázium;nő;nappali;magyar nyelv és irodalom;közép;rendes;Nem;magyar;3;46;46;megjelent;28;3;9;5;0;1;46;-;-;-;-
2020;1;Borsod-Abaúj-Zemplén;12;gimnázium;nő;nappali;magyar nyelv és irodalom;közép;rendes;Nem;magyar;5;80;80;megjelent;27;9;22;12;8;2;80;-;-;-;-
2020;1;Borsod-Abaúj-Zemplén;12;gimnázium;nő;nappali;magyar nyelv és irodalom;közép;rendes;Nem;magyar;5;97;97;megjelent;38;9;25;15;8;2;97;-;-;-;-
2020;1;Borsod-Abaúj-Zemplén;12;gimnázium;nő;nappali;magyar nyelv és irodalom;közép;rendes;Nem;magyar;4;60;60;megjelent;29;8;14;7;1;1;60;-;-;-;-
2020;1;Borsod-Abaúj-Zemplén;12;gimnázium;nő;nappali;magyar nyelv és irodalom;közép;rendes;Nem;magyar;3;46;46;megjelent;25;3;11;7;0;0;46;-;-;-;-
2020;1;Borsod-Abaúj-Zemplén;2;szakközép;nő;nappali;magyar nyelv és irodalom;közép;rendes;Nem;magyar;2;30;30;megjelent;23;0;4;3;0;0;30;-;-;-;-
2020;1;Borsod-Abaúj-Zemplén;12;gimnázium;férfi;nappali;magyar nyelv és irodalom;közép;rendes;Nem;magyar;4;73;73;megjelent;37;8;16;9;3;0;73;-;-;-;-
2020;1;Borsod-Abaúj-Zemplén;2;szakközép;férfi;nappali;magyar nyelv és irodalom;közép;rendes;Nem;magyar;4;68;68;megjelent;35;6;15;8;4;0;68;-;-;-;-
2020;1;Borsod-Abaúj-Zemplén;2;szakközép;nő;nappali;magyar nyelv és irodalom;közép;rendes;Igen;magyar;2;28;40;megjelent;12;0;0;0;0;0;12;14;8;6;28
2020;1;Borsod-Abaúj-Zemplén;2;szakközép;férfi;nappali;magyar nyelv és irodalom;közép;rendes;Nem;magyar;3;57;57;megjelent;22;8;15;8;4;0;57;-;-;-;-
2020;1;Borsod-Abaúj-Zemplén;12;gimnázium;férfi;nappali;magyar nyelv és irodalom;közép;rendes;Nem;magyar;4;76;76;megjelent;39;9;14;10;3;1;76;-;-;-;-
2020;1;Borsod-Abaúj-Zemplén;2;szakközép;nő;nappali;magyar nyelv és irodalom;közép;rendes;Nem;magyar;3;58;58;megjelent;22;8;14;6;7;1;58;-;-;-;-
2020;1;Borsod-Abaúj-Zemplén;2;szakközép;férfi;nappali;magyar nyelv és irodalom;közép;rendes;Nem;magyar;4;61;61;megjelent;32;0;19;10;0;0;61;-;-;-;-
2020;1;Borsod-Abaúj-Zemplén;12;gimnázium;nő;nappali;magyar nyelv és irodalom;közép;rendes;Nem;magyar;4;60;60;megjelent;32;5;13;9;0;1;60;-;-;-;-
2020;1;Borsod-Abaúj-Zemplén;12;gimnázium;férfi;nappali;magyar nyelv és irodalom;közép;rendes;Nem;magyar;4;73;73;megjelent;38;7;18;9;1;0;73;-;-;-;-
2020;1;Borsod-Abaúj-Zemplén;12;gimnázium;férfi;nappali;magyar nyelv és irodalom;közép;rendes;Nem;magyar;5;86;86;megjelent;37;10;19;12;7;1;86;-;-;-;-
2020;1;Borsod-Abaúj-Zemplén;12;gimnázium;nő;nappali;magyar nyelv és irodalom;közép;rendes;Nem;magyar;3;50;50;megjelent;29;3;10;8;0;0;50;-;-;-;-
2020;1;Borsod-Abaúj-Zemplén;12;gimnázium;férfi;nappali;magyar nyelv és irodalom;közép;rendes;Nem;magyar;5;87;87;megjelent;36;9;21;14;5;2;87;-;-;-;-
2020;1;Borsod-Abaúj-Zemplén;12;gimnázium;férfi;nappali;magyar nyelv és irodalom;közép;rendes;Nem;magyar;4;68;68;megjelent;28;9;15;14;0;2;68;-;-;-;-
2020;1;Borsod-Abaúj-Zemplén;12;gimnázium;nő;nappali;magyar nyelv és irodalom;közép;rendes;Nem;magyar;5;92;92;megjelent;39;10;20;13;8;2;92;-;-;-;-
2020;1;Borsod-Abaúj-Zemplén;12;gimnázium;nő;nappali;magyar nyelv és irodalom;közép;rendes;Nem;magyar;5;91;91;megjelent;35;9;25;14;6;2;91;-;-;-;-
2020;1;Borsod-Abaúj-Zemplén;12;gimnázium;férfi;nappali;magyar nyelv és irodalom;közép;rendes;Nem;magyar;4;61;61;megjelent;33;7;13;7;0;1;61;-;-;-;-
2020;1;Borsod-Abaúj-Zemplén;12;gimnázium;nő;nappali;magyar nyelv és irodalom;közép;rendes;Nem;magyar;5;97;97;megjelent;38;10;25;15;7;2;97;-;-;-;-
2020;1;Borsod-Abaúj-Zemplén;12;gimnázium;férfi;nappali;magyar nyelv és irodalom;közép;rendes;Nem;magyar;4;75;75;megjelent;34;8;19;12;0;2;75;-;-;-;-
2020;1;Borsod-Abaúj-Zemplén;12;gimnázium;férfi;nappali;magyar nyelv és irodalom;közép;rendes;Nem;magyar;4;72;72;megjelent;33;10;15;12;0;2;72;-;-;-;-
2020;1;Borsod-Abaúj-Zemplén;12;gimnázium;férfi;nappali;magyar nyelv és irodalom;közép;rendes;Nem;magyar;3;49;49;megjelent;26;7;10;6;0;0;49;-;-;-;-
2020;1;Borsod-Abaúj-Zemplén;12;gimnázium;férfi;nappali;magyar nyelv és irodalom;közép;rendes;Nem;magyar;4;63;63;megjelent;33;7;8;10;3;2;63;-;-;-;-
2020;1;Borsod-Abaúj-Zemplén;12;gimnázium;nő;nappali;magyar nyelv és irodalom;közép;rendes;Nem;magyar;5;87;87;megjelent;36;10;22;14;3;2;87;-;-;-;-
2020;1;Borsod-Abaúj-Zemplén;12;gimnázium;férfi;nappali;magyar nyelv és irodalom;közép;rendes;Nem;magyar;4;66;66;megjelent;33;9;16;7;0;1;66;-;-;-;-
2020;1;Borsod-Abaúj-Zemplén;12;gimnázium;férfi;nappali;magyar nyelv és irodalom;közép;rendes;Nem;magyar;5;86;86;megjelent;32;10;22;14;7;1;86;-;-;-;-
2020;1;Borsod-Abaúj-Zemplén;12;gimnázium;férfi;nappali;magyar nyelv és irodalom;közép;rendes;Igen;magyar;4;65;65;megjelent;24;7;15;10;8;1;65;-;-;-;-
2020;1;Borsod-Abaúj-Zemplén;12;gimnázium;férfi;nappali;magyar nyelv és irodalom;közép;rendes;Nem;magyar;5;81;81;megjelent;32;10;21;14;2;2;81;-;-;-;-
2020;1;Borsod-Abaúj-Zemplén;12;gimnázium;nő;nappali;magyar nyelv és irodalom;közép;rendes;Nem;magyar;4;72;72;megjelent;34;7;17;11;2;1;72;-;-;-;-
2020;1;Borsod-Abaúj-Zemplén;12;gimnázium;nő;nappali;magyar nyelv és irodalom;közép;rendes;Nem;magyar;4;60;60;megjelent;26;5;17;11;0;1;60;-;-;-;-
2020;1;Borsod-Abaúj-Zemplén;12;gimnázium;férfi;nappali;magyar nyelv és irodalom;közép;rendes;Nem;magyar;4;70;70;megjelent;29;9;21;9;0;2;70;-;-;-;-
2020;1;Borsod-Abaúj-Zemplén;12;gimnázium;férfi;nappali;magyar nyelv és irodalom;közép;rendes;Nem;magyar;5;87;87;megjelent;37;10;20;13;6;1;87;-;-;-;-
2020;1;Borsod-Abaúj-Zemplén;12;gimnázium;nő;nappali;magyar nyelv és irodalom;közép;rendes;Nem;magyar;5;84;84;megjelent;32;10;23;14;3;2;84;-;-;-;-
2020;1;Borsod-Abaúj-Zemplén;12;gimnázium;férfi;nappali;magyar nyelv és irodalom;közép;rendes;Igen;magyar;5;83;75;megjelent;33;10;20;12;0;0;75;-;-;-;-
2020;1;Borsod-Abaúj-Zemplén;12;gimnázium;férfi;nappali;magyar nyelv és irodalom;közép;rendes;Nem;magyar;3;52;52;megjelent;21;5;14;10;0;2;52;-;-;-;-
2020;1;Borsod-Abaúj-Zemplén;12;gimnázium;nő;nappali;magyar nyelv és irodalom;közép;rendes;Nem;magyar;2;27;27;megjelent;10;3;7;5;0;2;27;-;-;-;-
2020;1;Borsod-Abaúj-Zemplén;12;gimnázium;nő;nappali;magyar nyelv és irodalom;közép;rendes;Nem;magyar;2;31;31;megjelent;15;2;11;2;0;1;31;-;-;-;-
2020;1;Borsod-Abaúj-Zemplén;12;gimnázium;nő;nappali;magyar nyelv és irodalom;közép;rendes;Nem;magyar;4;60;60;megjelent;22;7;19;10;0;2;60;-;-;-;-
2020;1;Borsod-Abaúj-Zemplén;12;gimnázium;nő;nappali;magyar nyelv és irodalom;közép;rendes;Nem;magyar;3;41;41;megjelent;17;7;8;5;2;2;41;-;-;-;-
2020;1;Borsod-Abaúj-Zemplén;12;gimnázium;férfi;nappali;magyar nyelv és irodalom;közép;rendes;Nem;magyar;3;54;54;megjelent;20;5;17;11;0;1;54;-;-;-;-
2020;1;Borsod-Abaúj-Zemplén;12;gimnázium;nő;nappali;magyar nyelv és irodalom;közép;rendes;Nem;magyar;4;64;64;megjelent;29;6;15;9;4;1;64;-;-;-;-
2020;1;Borsod-Abaúj-Zemplén;12;gimnázium;nő;nappali;magyar nyelv és irodalom;közép;rendes;Nem;magyar;5;83;83;megjelent;33;9;17;14;8;2;83;-;-;-;-
2020;1;Borsod-Abaúj-Zemplén;12;gimnázium;férfi;nappali;magyar nyelv és irodalom;közép;rendes;Nem;magyar;4;73;73;megjelent;32;10;16;12;2;1;73;-;-;-;-
2020;1;Borsod-Abaúj-Zemplén;12;gimnázium;nő;nappali;magyar nyelv és irodalom;közép;rendes;Nem;magyar;4;74;74;megjelent;30;8;16;13;5;2;74;-;-;-;-
2020;1;Borsod-Abaúj-Zemplén;12;gimnázium;nő;nappali;magyar nyelv és irodalom;közép;rendes;Nem;magyar;4;73;73;megjelent;31;9;22;9;0;2;73;-;-;-;-
2020;1;Borsod-Abaúj-Zemplén;12;gimnázium;férfi;nappali;magyar nyelv és irodalom;közép;rendes;Nem;magyar;5;82;82;megjelent;35;9;17;12;7;2;82;-;-;-;-
2020;1;Borsod-Abaúj-Zemplén;12;gimnázium;férfi;nappali;magyar nyelv és irodalom;közép;rendes;Nem;magyar;4;68;68;megjelent;32;8;14;12;0;2;68;-;-;-;-
2020;1;Borsod-Abaúj-Zemplén;12;gimnázium;férfi;nappali;magyar nyelv és irodalom;közép;rendes;Nem;magyar;5;81;81;megjelent;35;9;16;13;7;1;81;-;-;-;-
2020;1;Borsod-Abaúj-Zemplén;12;gimnázium;nő;nappali;magyar nyelv és irodalom;közép;rendes;Nem;magyar;5;96;96;megjelent;38;10;25;15;6;2;96;-;-;-;-
2020;1;Borsod-Abaúj-Zemplén;12;gimnázium;nő;nappali;magyar nyelv és irodalom;közép;rendes;Nem;magyar;4;72;72;megjelent;31;10;15;14;1;1;72;-;-;-;-
2020;1;Borsod-Abaúj-Zemplén;12;gimnázium;nő;nappali;magyar nyelv és irodalom;közép;rendes;Nem;magyar;5;90;90;megjelent;38;10;25;15;0;2;90;-;-;-;-
2020;1;Borsod-Abaúj-Zemplén;12;gimnázium;nő;nappali;magyar nyelv és irodalom;közép;rendes;Nem;magyar;5;84;84;megjelent;30;9;23;14;6;2;84;-;-;-;-
2020;1;Borsod-Abaúj-Zemplén;12;gimnázium;férfi;nappali;magyar nyelv és irodalom;közép;rendes;Nem;magyar;4;78;78;megjelent;34;7;21;13;3;0;78;-;-;-;-
2020;1;Borsod-Abaúj-Zemplén;12;gimnázium;férfi;nappali;magyar nyelv és irodalom;közép;rendes;Nem;magyar;5;91;91;megjelent;38;10;21;14;8;0;91;-;-;-;-
2020;1;Borsod-Abaúj-Zemplén;12;gimnázium;nő;nappali;magyar nyelv és irodalom;közép;rendes;Nem;magyar;3;45;45;megjelent;23;4;7;6;3;2;45;-;-;-;-
2020;1;Borsod-Abaúj-Zemplén;12;gimnázium;férfi;nappali;magyar nyelv és irodalom;közép;rendes;Nem;magyar;5;84;84;megjelent;39;9;21;12;3;0;84;-;-;-;-
2020;1;Borsod-Abaúj-Zemplén;12;gimnázium;nő;nappali;magyar nyelv és irodalom;közép;rendes;Nem;magyar;4;73;73;megjelent;33;9;10;13;6;2;73;-;-;-;-
2020;1;Borsod-Abaúj-Zemplén;12;gimnázium;férfi;nappali;magyar nyelv és irodalom;közép;rendes;Igen;magyar;5;80;72;megjelent;34;7;19;12;0;0;72;-;-;-;-
2020;1;Borsod-Abaúj-Zemplén;12;gimnázium;férfi;nappali;magyar nyelv és irodalom;közép;rendes;Nem;magyar;3;40;40;megjelent;11;6;11;10;0;2;40;-;-;-;-
2020;1;Borsod-Abaúj-Zemplén;12;gimnázium;férfi;nappali;magyar nyelv és irodalom;közép;rendes;Nem;magyar;3;57;57;megjelent;26;9;13;9;0;0;57;-;-;-;-
2020;1;Borsod-Abaúj-Zemplén;12;gimnázium;nő;nappali;magyar nyelv és irodalom;közép;rendes;Nem;magyar;4;63;63;megjelent;21;10;14;12;4;2;63;-;-;-;-
2020;1;Borsod-Abaúj-Zemplén;12;gimnázium;férfi;nappali;magyar nyelv és irodalom;közép;rendes;Nem;magyar;5;89;89;megjelent;36;9;20;14;8;2;89;-;-;-;-
2020;1;Borsod-Abaúj-Zemplén;12;gimnázium;férfi;nappali;magyar nyelv és irodalom;közép;rendes;Nem;magyar;4;64;64;megjelent;28;10;16;9;0;1;64;-;-;-;-
2020;1;Borsod-Abaúj-Zemplén;12;gimnázium;férfi;nappali;magyar nyelv és irodalom;közép;rendes;Nem;magyar;4;70;70;megjelent;33;7;17;11;0;2;70;-;-;-;-
2020;1;Borsod-Abaúj-Zemplén;12;gimnázium;nő;nappali;magyar nyelv és irodalom;közép;rendes;Nem;magyar;5;81;81;megjelent;31;9;24;13;2;2;81;-;-;-;-
2020;1;Borsod-Abaúj-Zemplén;12;gimnázium;nő;nappali;magyar nyelv és irodalom;közép;rendes;Nem;magyar;5;89;89;megjelent;36;9;21;14;7;2;89;-;-;-;-
2020;1;Borsod-Abaúj-Zemplén;12;gimnázium;férfi;nappali;magyar nyelv és irodalom;közép;rendes;Nem;magyar;5;80;80;megjelent;35;9;21;12;2;1;80;-;-;-;-
2020;1;Borsod-Abaúj-Zemplén;12;gimnázium;nő;nappali;magyar nyelv és irodalom;közép;rendes;Nem;magyar;4;62;62;megjelent;28;4;17;12;0;1;62;-;-;-;-
2020;1;Borsod-Abaúj-Zemplén;12;gimnázium;nő;nappali;magyar nyelv és irodalom;közép;rendes;Nem;magyar;3;52;52;megjelent;23;7;13;7;0;2;52;-;-;-;-
2020;1;Borsod-Abaúj-Zemplén;12;gimnázium;nő;nappali;magyar nyelv és irodalom;közép;rendes;Igen;magyar;3;56;52;megjelent;21;5;14;10;0;2;52;-;-;-;-
2020;1;Borsod-Abaúj-Zemplén;12;gimnázium;nő;nappali;magyar nyelv és irodalom;közép;rendes;Nem;magyar;4;69;69;megjelent;26;9;16;10;6;2;69;-;-;-;-
2020;1;Borsod-Abaúj-Zemplén;12;gimnázium;férfi;nappali;magyar nyelv és irodalom;közép;rendes;Nem;magyar;3;46;46;megjelent;25;6;6;4;4;1;46;-;-;-;-
2020;1;Borsod-Abaúj-Zemplén;12;szakgimnázium/szakközépiskola (2016.09.01-től kifutó rendszerben);férfi;nappali;magyar nyelv és irodalom;közép;rendes;Igen;magyar;5;80;40;megjelent;-;-;-;-;-;-;-;20;8;12;40
2020;1;Borsod-Abaúj-Zemplén;12;gimnázium;nő;nappali;magyar nyelv és irodalom;közép;rendes;Nem;magyar;5;90;90;megjelent;40;9;19;14;6;2;90;-;-;-;-
2020;1;Borsod-Abaúj-Zemplén;12;gimnázium;férfi;nappali;magyar nyelv és irodalom;közép;rendes;Nem;magyar;5;91;91;megjelent;37;10;20;14;8;2;91;-;-;-;-
2020;1;Borsod-Abaúj-Zemplén;12;gimnázium;nő;nappali;magyar nyelv és irodalom;közép;rendes;Nem;magyar;5;83;83;megjelent;35;10;18;12;6;2;83;-;-;-;-
2020;1;Borsod-Abaúj-Zemplén;12;gimnázium;férfi;nappali;magyar nyelv és irodalom;közép;rendes;Nem;magyar;5;83;83;megjelent;38;10;21;13;0;1;83;-;-;-;-
2020;1;Borsod-Abaúj-Zemplén;12;gimnázium;nő;nappali;magyar nyelv és irodalom;közép;rendes;Nem;magyar;5;88;88;megjelent;35;9;21;13;8;2;88;-;-;-;-
2020;1;Borsod-Abaúj-Zemplén;12;gimnázium;nő;nappali;magyar nyelv és irodalom;közép;rendes;Nem;magyar;5;84;84;megjelent;33;9;23;13;4;2;84;-;-;-;-
2020;1;Borsod-Abaúj-Zemplén;12;gimnázium;férfi;nappali;magyar nyelv és irodalom;közép;rendes;Nem;magyar;4;65;65;megjelent;31;9;14;9;0;2;65;-;-;-;-
2020;1;Borsod-Abaúj-Zemplén;12;gimnázium;férfi;nappali;magyar nyelv és irodalom;közép;rendes;Nem;magyar;4;63;63;megjelent;34;0;19;9;0;1;63;-;-;-;-
2020;1;Borsod-Abaúj-Zemplén;12;gimnázium;férfi;nappali;magyar nyelv és irodalom;közép;rendes;Nem;magyar;5;92;92;megjelent;33;10;25;15;7;2;92;-;-;-;-
2020;1;Borsod-Abaúj-Zemplén;12;szakgimnázium/szakközépiskola (2016.09.01-től kifutó rendszerben);nő;nappali;magyar nyelv és irodalom;közép;rendes;Nem;magyar;4;62;62;megjelent;30;9;12;9;0;2;62;-;-;-;-
2020;1;Borsod-Abaúj-Zemplén;12;szakgimnázium/szakközépiskola (2016.09.01-től kifutó rendszerben);nő;nappali;magyar nyelv és irodalom;közép;rendes;Nem;magyar;3;48;48;megjelent;32;0;10;5;0;1;48;-;-;-;-
2020;1;Borsod-Abaúj-Zemplén;12;szakgimnázium/szakközépiskola (2016.09.01-től kifutó rendszerben);nő;nappali;magyar nyelv és irodalom;közép;rendes;Nem;magyar;5;80;80;megjelent;30;9;20;14;5;2;80;-;-;-;-
2020;1;Borsod-Abaúj-Zemplén;12;szakgimnázium/szakközépiskola (2016.09.01-től kifutó rendszerben);nő;nappali;magyar nyelv és irodalom;közép;rendes;Nem;magyar;3;53;53;megjelent;24;9;10;8;0;2;53;-;-;-;-
2020;1;Borsod-Abaúj-Zemplén;12;szakgimnázium/szakközépiskola (2016.09.01-től kifutó rendszerben);férfi;nappali;magyar nyelv és irodalom;közép;rendes;Nem;magyar;3;56;56;megjelent;27;8;13;7;0;1;56;-;-;-;-
2020;1;Borsod-Abaúj-Zemplén;12;szakgimnázium/szakközépiskola (2016.09.01-től kifutó rendszerben);nő;nappali;magyar nyelv és irodalom;közép;rendes;Nem;magyar;4;60;60;megjelent;29;8;15;6;0;2;60;-;-;-;-
2020;1;Borsod-Abaúj-Zemplén;12;szakgimnázium/szakközépiskola (2016.09.01-től kifutó rendszerben);férfi;nappali;magyar nyelv és irodalom;közép;rendes;Nem;magyar;4;66;66;megjelent;31;8;16;9;0;2;66;-;-;-;-
2020;1;Borsod-Abaúj-Zemplén;12;szakgimnázium/szakközépiskola (2016.09.01-től kifutó rendszerben);férfi;nappali;magyar nyelv és irodalom;közép;rendes;Nem;magyar;3;51;51;megjelent;24;4;13;8;0;2;51;-;-;-;-
2020;1;Borsod-Abaúj-Zemplén;12;szakgimnázium/szakközépiskola (2016.09.01-től kifutó rendszerben);nő;nappali;magyar nyelv és irodalom;közép;rendes;Nem;magyar;4;74;74;megjelent;31;9;16;11;5;2;74;-;-;-;-
2020;1;Borsod-Abaúj-Zemplén;12;szakgimnázium/szakközépiskola (2016.09.01-től kifutó rendszerben);férfi;nappali;magyar nyelv és irodalom;közép;rendes;Nem;magyar;4;63;63;megjelent;32;6;14;9;0;2;63;-;-;-;-
2020;1;Borsod-Abaúj-Zemplén;12;szakgimnázium/szakközépiskola (2016.09.01-től kifutó rendszerben);férfi;nappali;magyar nyelv és irodalom;közép;rendes;Igen;magyar;4;61;57;megjelent;27;7;13;9;0;1;57;-;-;-;-
2020;1;Borsod-Abaúj-Zemplén;12;gimnázium;nő;nappali;magyar nyelv és irodalom;közép;rendes;Nem;magyar;5;82;82;megjelent;33;9;18;15;6;1;82;-;-;-;-
2020;1;Borsod-Abaúj-Zemplén;12;gimnázium;férfi;nappali;magyar nyelv és irodalom;közép;rendes;Nem;magyar;3;50;50;megjelent;32;8;6;4;0;0;50;-;-;-;-
2020;1;Borsod-Abaúj-Zemplén;12;gimnázium;nő;nappali;magyar nyelv és irodalom;közép;rendes;Nem;magyar;5;100;100;megjelent;40;10;25;15;8;2;100;-;-;-;-
2020;1;Borsod-Abaúj-Zemplén;12;gimnázium;nő;nappali;magyar nyelv és irodalom;közép;rendes;Nem;magyar;2;26;26;megjelent;14;4;4;4;0;0;26;-;-;-;-
2020;1;Borsod-Abaúj-Zemplén;12;gimnázium;nő;nappali;magyar nyelv és irodalom;közép;rendes;Nem;magyar;3;46;46;megjelent;26;8;6;6;0;0;46;-;-;-;-
2020;1;Borsod-Abaúj-Zemplén;12;gimnázium;nő;nappali;magyar nyelv és irodalom;közép;rendes;Nem;magyar;4;65;65;megjelent;32;10;9;7;6;1;65;-;-;-;-
2020;1;Borsod-Abaúj-Zemplén;12;gimnázium;nő;nappali;magyar nyelv és irodalom;közép;rendes;Nem;magyar;2;28;28;megjelent;15;4;4;5;0;0;28;-;-;-;-
2020;1;Borsod-Abaúj-Zemplén;12;gimnázium;nő;nappali;magyar nyelv és irodalom;közép;rendes;Nem;magyar;4;73;73;megjelent;31;9;17;11;3;2;73;-;-;-;-
2020;1;Borsod-Abaúj-Zemplén;12;gimnázium;nő;nappali;magyar nyelv és irodalom;közép;rendes;Nem;magyar;5;81;81;megjelent;39;9;19;13;0;1;81;-;-;-;-
2020;1;Borsod-Abaúj-Zemplén;12;gimnázium;férfi;nappali;magyar nyelv és irodalom;közép;rendes;Nem;magyar;4;76;76;megjelent;38;10;18;10;0;0;76;-;-;-;-
2020;1;Borsod-Abaúj-Zemplén;12;gimnázium;férfi;nappali;magyar nyelv és irodalom;közép;rendes;Nem;magyar;3;43;43;megjelent;24;4;9;6;0;0;43;-;-;-;-
2020;1;Borsod-Abaúj-Zemplén;12;gimnázium;nő;nappali;magyar nyelv és irodalom;közép;rendes;Nem;magyar;2;34;34;megjelent;18;0;9;5;1;1;34;-;-;-;-
2020;1;Borsod-Abaúj-Zemplén;12;gimnázium;nő;nappali;magyar nyelv és irodalom;közép;rendes;Nem;magyar;2;28;28;megjelent;20;0;3;4;0;1;28;-;-;-;-
2020;1;Borsod-Abaúj-Zemplén;12;gimnázium;nő;nappali;magyar nyelv és irodalom;közép;rendes;Nem;magyar;2;25;25;megjelent;13;5;4;3;0;0;25;-;-;-;-
2020;1;Borsod-Abaúj-Zemplén;12;gimnázium;nő;nappali;magyar nyelv és irodalom;közép;rendes;Nem;magyar;2;29;29;megjelent;18;0;4;5;0;2;29;-;-;-;-
2020;1;Borsod-Abaúj-Zemplén;12;gimnázium;férfi;nappali;magyar nyelv és irodalom;közép;rendes;Nem;magyar;2;25;25;megjelent;10;2;8;5;0;0;25;-;-;-;-
2020;1;Borsod-Abaúj-Zemplén;12;szakgimnázium/szakközépiskola (2016.09.01-től kifutó rendszerben);férfi;nappali;magyar nyelv és irodalom;közép;előrehozott;Nem;magyar;2;30;30;megjelent;21;3;3;3;0;0;30;-;-;-;-
2020;1;Borsod-Abaúj-Zemplén;12;gimnázium;nő;nappali;magyar nyelv és irodalom;közép;rendes;Nem;magyar;5;91;91;megjelent;38;10;21;13;7;2;91;-;-;-;-
2020;1;Borsod-Abaúj-Zemplén;12;szakgimnázium/szakközépiskola (2016.09.01-től kifutó rendszerben);férfi;nappali;magyar nyelv és irodalom;közép;rendes;Nem;magyar;3;48;48;megjelent;32;6;4;6;0;0;48;-;-;-;-
2020;1;Borsod-Abaúj-Zemplén;12;szakgimnázium/szakközépiskola (2016.09.01-től kifutó rendszerben);nő;nappali;magyar nyelv és irodalom;közép;rendes;Igen;magyar;5;82;41;megjelent;-;-;-;-;-;-;-;23;10;8;41
2020;1;Borsod-Abaúj-Zemplén;12;gimnázium;nő;nappali;magyar nyelv és irodalom;közép;rendes;Nem;magyar;4;72;72;megjelent;35;10;14;11;0;2;72;-;-;-;-
2020;1;Borsod-Abaúj-Zemplén;12;gimnázium;nő;nappali;magyar nyelv és irodalom;közép;rendes;Nem;magyar;3;46;46;megjelent;25;5;9;6;0;1;46;-;-;-;-
2020;1;Borsod-Abaúj-Zemplén;12;gimnázium;nő;nappali;magyar nyelv és irodalom;közép;rendes;Nem;magyar;5;91;91;megjelent;37;10;22;15;5;2;91;-;-;-;-
2020;1;Borsod-Abaúj-Zemplén;12;szakgimnázium/szakközépiskola (2016.09.01-től kifutó rendszerben);nő;nappali;magyar nyelv és irodalom;közép;rendes;Nem;magyar;3;54;54;megjelent;29;4;14;7;0;0;54;-;-;-;-
2020;1;Borsod-Abaúj-Zemplén;12;szakgimnázium/szakközépiskola (2016.09.01-től kifutó rendszerben);nő;nappali;magyar nyelv és irodalom;közép;rendes;Nem;magyar;4;71;71;megjelent;32;8;19;11;0;1;71;-;-;-;-
2020;1;Borsod-Abaúj-Zemplén;12;gimnázium;férfi;nappali;magyar nyelv és irodalom;közép;rendes;Nem;magyar;3;49;49;megjelent;33;2;9;5;0;0;49;-;-;-;-
2020;1;Borsod-Abaúj-Zemplén;12;szakgimnázium/szakközépiskola (2016.09.01-től kifutó rendszerben);férfi;nappali;magyar nyelv és irodalom;közép;rendes;Igen;magyar;3;42;21;megjelent;-;-;-;-;-;-;-;12;3;6;21
2020;1;Borsod-Abaúj-Zemplén;12;szakgimnázium/szakközépiskola (2016.09.01-től kifutó rendszerben);nő;nappali;magyar nyelv és irodalom;közép;rendes;Nem;magyar;2;30;30;megjelent;20;3;1;4;0;2;30;-;-;-;-
2020;1;Borsod-Abaúj-Zemplén;12;szakgimnázium/szakközépiskola (2016.09.01-től kifutó rendszerben);férfi;nappali;magyar nyelv és irodalom;közép;rendes;Nem;magyar;3;55;55;megjelent;25;7;14;9;0;0;55;-;-;-;-
2020;1;Borsod-Abaúj-Zemplén;12;gimnázium;nő;nappali;magyar nyelv és irodalom;közép;rendes;Nem;magyar;5;83;83;megjelent;35;10;21;15;1;1;83;-;-;-;-
2020;1;Borsod-Abaúj-Zemplén;12;szakgimnázium/szakközépiskola (2016.09.01-től kifutó rendszerben);férfi;nappali;magyar nyelv és irodalom;közép;rendes;Nem;magyar;2;25;38;megjelent;11;0;2;3;0;0;16;8;6;8;22
2020;1;Borsod-Abaúj-Zemplén;12;gimnázium;nő;nappali;magyar nyelv és irodalom;közép;rendes;Nem;magyar;4;64;64;megjelent;25;7;18;12;0;2;64;-;-;-;-
2020;1;Borsod-Abaúj-Zemplén;12;szakgimnázium/szakközépiskola (2016.09.01-től kifutó rendszerben);férfi;nappali;magyar nyelv és irodalom;közép;rendes;Nem;magyar;2;34;34;megjelent;20;6;4;3;0;1;34;-;-;-;-
2020;1;Borsod-Abaúj-Zemplén;12;szakgimnázium/szakközépiskola (2016.09.01-től kifutó rendszerben);férfi;nappali;magyar nyelv és irodalom;közép;rendes;Nem;magyar;3;42;42;megjelent;23;4;9;6;0;0;42;-;-;-;-
2020;1;Borsod-Abaúj-Zemplén;12;gimnázium;férfi;nappali;magyar nyelv és irodalom;közép;rendes;Nem;magyar;3;48;48;megjelent;26;6;9;7;0;0;48;-;-;-;-
2020;1;Borsod-Abaúj-Zemplén;12;szakgimnázium/szakközépiskola (2016.09.01-től kifutó rendszerben);férfi;nappali;magyar nyelv és irodalom;közép;rendes;Nem;magyar;4;60;60;megjelent;21;6;19;12;0;2;60;-;-;-;-
2020;1;Borsod-Abaúj-Zemplén;12;gimnázium;nő;nappali;magyar nyelv és irodalom;közép;rendes;Nem;magyar;2;28;28;megjelent;16;0;6;6;0;0;28;-;-;-;-
2020;1;Borsod-Abaúj-Zemplén;12;szakgimnázium/szakközépiskola (2016.09.01-től kifutó rendszerben);férfi;nappali;magyar nyelv és irodalom;közép;rendes;Nem;magyar;2;25;25;megjelent;18;0;4;3;0;0;25;-;-;-;-
2020;1;Borsod-Abaúj-Zemplén;12;szakgimnázium/szakközépiskola (2016.09.01-től kifutó rendszerben);férfi;nappali;magyar nyelv és irodalom;közép;rendes;Nem;magyar;2;32;32;megjelent;23;3;3;3;0;0;32;-;-;-;-
2020;1;Borsod-Abaúj-Zemplén;12;gimnázium;nő;nappali;magyar nyelv és irodalom;közép;rendes;Nem;magyar;2;26;26;megjelent;14;5;2;4;0;1;26;-;-;-;-
2020;1;Borsod-Abaúj-Zemplén;12;szakgimnázium/szakközépiskola (2016.09.01-től kifutó rendszerben);férfi;nappali;magyar nyelv és irodalom;közép;előrehozott;Nem;magyar;2;35;35;megjelent;23;0;7;5;0;0;35;-;-;-;-
2020;1;Borsod-Abaúj-Zemplén;12;szakgimnázium/szakközépiskola (2016.09.01-től kifutó rendszerben);férfi;nappali;magyar nyelv és irodalom;közép;rendes;Nem;magyar;3;52;52;megjelent;26;6;14;6;0;0;52;-;-;-;-
2020;1;Borsod-Abaúj-Zemplén;12;gimnázium;férfi;nappali;magyar nyelv és irodalom;közép;rendes;Nem;magyar;3;42;42;megjelent;22;1;11;7;0;1;42;-;-;-;-
2020;1;Borsod-Abaúj-Zemplén;12;szakgimnázium/szakközépiskola (2016.09.01-től kifutó rendszerben);nő;nappali;magyar nyelv és irodalom;közép;rendes;Nem;magyar;2;30;30;megjelent;14;4;4;6;0;2;30;-;-;-;-
2020;1;Borsod-Abaúj-Zemplén;12;szakgimnázium/szakközépiskola (2016.09.01-től kifutó rendszerben);férfi;nappali;magyar nyelv és irodalom;közép;rendes;Nem;magyar;4;62;62;megjelent;29;7;17;8;0;1;62;-;-;-;-
2020;1;Borsod-Abaúj-Zemplén;12;gimnázium;nő;nappali;magyar nyelv és irodalom;közép;rendes;Nem;magyar;5;80;80;megjelent;35;10;17;12;4;2;80;-;-;-;-
2020;1;Borsod-Abaúj-Zemplén;12;gimnázium;férfi;nappali;magyar nyelv és irodalom;közép;rendes;Nem;magyar;3;41;41;megjelent;26;5;5;5;0;0;41;-;-;-;-
2020;1;Borsod-Abaúj-Zemplén;12;gimnázium;férfi;nappali;magyar nyelv és irodalom;közép;rendes;Nem;magyar;4;75;75;megjelent;31;10;18;15;0;1;75;-;-;-;-
2020;1;Borsod-Abaúj-Zemplén;12;gimnázium;férfi;nappali;magyar nyelv és irodalom;közép;rendes;Nem;magyar;4;68;68;megjelent;34;8;13;11;0;2;68;-;-;-;-
2020;1;Borsod-Abaúj-Zemplén;12;gimnázium;nő;nappali;magyar nyelv és irodalom;közép;rendes;Nem;magyar;3;48;48;megjelent;29;6;5;6;0;2;48;-;-;-;-
2020;1;Borsod-Abaúj-Zemplén;12;gimnázium;nő;nappali;magyar nyelv és irodalom;közép;rendes;Nem;magyar;5;90;90;megjelent;33;10;23;15;7;2;90;-;-;-;-
2020;1;Borsod-Abaúj-Zemplén;12;gimnázium;nő;nappali;magyar nyelv és irodalom;közép;rendes;Nem;magyar;4;60;60;megjelent;25;5;17;11;0;2;60;-;-;-;-
2020;1;Borsod-Abaúj-Zemplén;12;gimnázium;férfi;nappali;magyar nyelv és irodalom;közép;rendes;Nem;magyar;4;72;72;megjelent;36;9;14;12;0;1;72;-;-;-;-
2020;1;Borsod-Abaúj-Zemplén;12;gimnázium;nő;nappali;magyar nyelv és irodalom;közép;rendes;Nem;magyar;5;89;89;megjelent;36;10;24;15;2;2;89;-;-;-;-
2020;1;Borsod-Abaúj-Zemplén;12;gimnázium;férfi;nappali;magyar nyelv és irodalom;közép;rendes;Nem;magyar;3;56;56;megjelent;30;5;13;8;0;0;56;-;-;-;-
2020;1;Borsod-Abaúj-Zemplén;12;gimnázium;nő;nappali;magyar nyelv és irodalom;közép;rendes;Nem;magyar;4;69;69;megjelent;29;9;17;12;0;2;69;-;-;-;-
2020;1;Borsod-Abaúj-Zemplén;12;gimnázium;férfi;nappali;magyar nyelv és irodalom;közép;rendes;Nem;magyar;3;51;51;megjelent;32;4;7;4;3;1;51;-;-;-;-
2020;1;Borsod-Abaúj-Zemplén;12;gimnázium;nő;nappali;magyar nyelv és irodalom;közép;rendes;Nem;magyar;5;80;80;megjelent;33;7;23;15;0;2;80;-;-;-;-
2020;1;Borsod-Abaúj-Zemplén;12;gimnázium;férfi;nappali;magyar nyelv és irodalom;közép;rendes;Nem;magyar;5;80;80;megjelent;33;10;20;15;0;2;80;-;-;-;-
2020;1;Borsod-Abaúj-Zemplén;12;szakgimnázium/szakközépiskola (2016.09.01-től kifutó rendszerben);nő;nappali;magyar nyelv és irodalom;közép;rendes;Nem;magyar;5;80;80;megjelent;30;10;21;15;2;2;80;-;-;-;-
2020;1;Borsod-Abaúj-Zemplén;12;gimnázium;férfi;nappali;magyar nyelv és irodalom;közép;rendes;Nem;magyar;4;68;68;megjelent;26;10;14;11;5;2;68;-;-;-;-
2020;1;Borsod-Abaúj-Zemplén;12;gimnázium;férfi;nappali;magyar nyelv és irodalom;közép;rendes;Nem;magyar;5;83;83;megjelent;28;8;23;14;8;2;83;-;-;-;-
2020;1;Borsod-Abaúj-Zemplén;12;szakgimnázium/szakközépiskola (2016.09.01-től kifutó rendszerben);férfi;nappali;magyar nyelv és irodalom;közép;rendes;Nem;magyar;4;71;71;megjelent;34;7;18;10;0;2;71;-;-;-;-
2020;1;Borsod-Abaúj-Zemplén;12;gimnázium;nő;nappali;magyar nyelv és irodalom;közép;rendes;Nem;magyar;5;80;80;megjelent;33;10;20;15;0;2;80;-;-;-;-
2020;1;Borsod-Abaúj-Zemplén;12;gimnázium;nő;nappali;magyar nyelv és irodalom;közép;rendes;Nem;magyar;5;90;90;megjelent;36;9;24;14;5;2;90;-;-;-;-
2020;1;Borsod-Abaúj-Zemplén;12;szakgimnázium/szakközépiskola (2016.09.01-től kifutó rendszerben);férfi;nappali;magyar nyelv és irodalom;közép;rendes;Igen;magyar;2;31;29;megjelent;20;6;2;0;0;1;29;-;-;-;-
2020;1;Borsod-Abaúj-Zemplén;12;gimnázium;nő;nappali;magyar nyelv és irodalom;közép;rendes;Nem;magyar;5;80;80;megjelent;31;10;23;13;1;2;80;-;-;-;-
2020;1;Borsod-Abaúj-Zemplén;12;gimnázium;férfi;nappali;magyar nyelv és irodalom;közép;rendes;Nem;magyar;4;67;67;megjelent;31;9;15;11;0;1;67;-;-;-;-
2020;1;Borsod-Abaúj-Zemplén;12;gimnázium;nő;nappali;magyar nyelv és irodalom;közép;rendes;Nem;magyar;4;60;60;megjelent;28;7;8;10;5;2;60;-;-;-;-
2020;1;Borsod-Abaúj-Zemplén;12;gimnázium;nő;nappali;magyar nyelv és irodalom;közép;rendes;Nem;magyar;4;72;72;megjelent;30;7;20;11;4;0;72;-;-;-;-
2020;1;Borsod-Abaúj-Zemplén;12;gimnázium;férfi;nappali;magyar nyelv és irodalom;közép;rendes;Nem;magyar;4;73;73;megjelent;31;8;19;11;2;2;73;-;-;-;-
2020;1;Borsod-Abaúj-Zemplén;12;gimnázium;nő;nappali;magyar nyelv és irodalom;közép;rendes;Nem;magyar;5;96;96;megjelent;37;10;25;15;7;2;96;-;-;-;-
2020;1;Borsod-Abaúj-Zemplén;12;gimnázium;férfi;nappali;magyar nyelv és irodalom;közép;rendes;Nem;magyar;4;69;69;megjelent;32;9;16;9;2;1;69;-;-;-;-
2020;1;Borsod-Abaúj-Zemplén;12;gimnázium;férfi;nappali;magyar nyelv és irodalom;közép;rendes;Nem;magyar;4;68;68;megjelent;35;10;7;11;4;1;68;-;-;-;-
2020;1;Borsod-Abaúj-Zemplén;12;szakgimnázium/szakközépiskola (2016.09.01-től kifutó rendszerben);férfi;nappali;magyar nyelv és irodalom;közép;rendes;Nem;magyar;4;62;62;megjelent;32;6;16;7;0;1;62;-;-;-;-
2020;1;Borsod-Abaúj-Zemplén;12;gimnázium;férfi;nappali;magyar nyelv és irodalom;közép;rendes;Nem;magyar;4;75;75;megjelent;34;6;21;12;0;2;75;-;-;-;-
2020;1;Borsod-Abaúj-Zemplén;12;gimnázium;férfi;nappali;magyar nyelv és irodalom;közép;rendes;Nem;magyar;3;56;56;megjelent;32;2;12;9;0;1;56;-;-;-;-
2020;1;Borsod-Abaúj-Zemplén;12;gimnázium;nő;nappali;magyar nyelv és irodalom;közép;rendes;Nem;magyar;4;69;69;megjelent;33;10;8;10;7;1;69;-;-;-;-
2020;1;Borsod-Abaúj-Zemplén;12;gimnázium;férfi;nappali;magyar nyelv és irodalom;közép;rendes;Nem;magyar;4;78;78;megjelent;34;9;21;13;1;0;78;-;-;-;-
2020;1;Borsod-Abaúj-Zemplén;12;gimnázium;nő;nappali;magyar nyelv és irodalom;közép;rendes;Nem;magyar;5;87;87;megjelent;37;10;23;15;0;2;87;-;-;-;-
2020;1;Borsod-Abaúj-Zemplén;12;gimnázium;nő;nappali;magyar nyelv és irodalom;közép;rendes;Nem;magyar;5;83;83;megjelent;30;9;25;15;2;2;83;-;-;-;-
2020;1;Borsod-Abaúj-Zemplén;12;gimnázium;nő;nappali;magyar nyelv és irodalom;közép;rendes;Nem;magyar;5;87;87;megjelent;34;10;25;15;1;2;87;-;-;-;-
2020;1;Borsod-Abaúj-Zemplén;12;szakgimnázium/szakközépiskola (2016.09.01-től kifutó rendszerben);nő;nappali;magyar nyelv és irodalom;közép;rendes;Nem;magyar;3;46;46;megjelent;21;6;12;6;0;1;46;-;-;-;-
2020;1;Borsod-Abaúj-Zemplén;12;szakgimnázium/szakközépiskola (2016.09.01-től kifutó rendszerben);férfi;nappali;magyar nyelv és irodalom;közép;rendes;Igen;magyar;3;48;24;megjelent;-;-;-;-;-;-;-;15;3;6;24
2020;1;Borsod-Abaúj-Zemplén;12;gimnázium;férfi;nappali;magyar nyelv és irodalom;közép;rendes;Nem;magyar;3;51;51;megjelent;33;3;8;7;0;0;51;-;-;-;-
2020;1;Borsod-Abaúj-Zemplén;12;gimnázium;nő;nappali;magyar nyelv és irodalom;közép;rendes;Nem;magyar;4;62;62;megjelent;29;7;16;9;0;1;62;-;-;-;-
2020;1;Borsod-Abaúj-Zemplén;12;gimnázium;férfi;nappali;magyar nyelv és irodalom;közép;rendes;Nem;magyar;4;73;73;megjelent;30;8;21;12;0;2;73;-;-;-;-
2020;1;Borsod-Abaúj-Zemplén;12;gimnázium;férfi;nappali;magyar nyelv és irodalom;közép;rendes;Nem;magyar;4;60;60;megjelent;24;7;16;12;0;1;60;-;-;-;-
2020;1;Borsod-Abaúj-Zemplén;12;gimnázium;férfi;nappali;magyar nyelv és irodalom;közép;rendes;Nem;magyar;3;50;50;megjelent;28;6;9;6;0;1;50;-;-;-;-
2020;1;Borsod-Abaúj-Zemplén;12;gimnázium;férfi;nappali;magyar nyelv és irodalom;közép;rendes;Nem;magyar;5;80;80;megjelent;36;10;20;12;0;2;80;-;-;-;-
2020;1;Borsod-Abaúj-Zemplén;12;gimnázium;férfi;nappali;magyar nyelv és irodalom;közép;rendes;Nem;magyar;2;34;34;megjelent;17;4;6;6;0;1;34;-;-;-;-
2020;1;Borsod-Abaúj-Zemplén;12;gimnázium;férfi;nappali;magyar nyelv és irodalom;közép;rendes;Nem;magyar;4;64;64;megjelent;30;5;17;11;0;1;64;-;-;-;-
2020;1;Borsod-Abaúj-Zemplén;12;gimnázium;nő;nappali;magyar nyelv és irodalom;közép;rendes;Nem;magyar;5;96;96;megjelent;38;10;25;15;6;2;96;-;-;-;-
2020;1;Borsod-Abaúj-Zemplén;12;gimnázium;nő;nappali;magyar nyelv és irodalom;közép;rendes;Nem;magyar;5;83;83;megjelent;32;10;20;15;4;2;83;-;-;-;-
2020;1;Borsod-Abaúj-Zemplén;12;gimnázium;férfi;nappali;magyar nyelv és irodalom;közép;rendes;Igen;magyar;3;42;39;megjelent;21;3;8;6;0;1;39;-;-;-;-
2020;1;Borsod-Abaúj-Zemplén;12;gimnázium;nő;nappali;magyar nyelv és irodalom;közép;rendes;Nem;magyar;4;60;60;megjelent;28;6;14;10;0;2;60;-;-;-;-
2020;1;Borsod-Abaúj-Zemplén;12;gimnázium;férfi;nappali;magyar nyelv és irodalom;közép;rendes;Nem;magyar;4;72;72;megjelent;30;6;19;11;5;1;72;-;-;-;-
2020;1;Borsod-Abaúj-Zemplén;12;gimnázium;férfi;nappali;magyar nyelv és irodalom;közép;rendes;Nem;magyar;4;76;76;megjelent;29;8;21;12;4;2;76;-;-;-;-
2020;1;Borsod-Abaúj-Zemplén;12;gimnázium;férfi;nappali;magyar nyelv és irodalom;közép;rendes;Nem;magyar;4;76;76;megjelent;34;8;15;11;6;2;76;-;-;-;-
2020;1;Borsod-Abaúj-Zemplén;12;gimnázium;férfi;nappali;magyar nyelv és irodalom;közép;rendes;Nem;magyar;3;56;56;megjelent;28;5;12;10;0;1;56;-;-;-;-
2020;1;Borsod-Abaúj-Zemplén;12;gimnázium;férfi;nappali;magyar nyelv és irodalom;közép;rendes;Nem;magyar;4;61;61;megjelent;30;4;15;10;0;2;61;-;-;-;-
2020;1;Borsod-Abaúj-Zemplén;12;gimnázium;nő;nappali;magyar nyelv és irodalom;közép;rendes;Nem;magyar;3;44;44;megjelent;15;4;13;10;0;2;44;-;-;-;-
2020;1;Borsod-Abaúj-Zemplén;12;gimnázium;férfi;nappali;magyar nyelv és irodalom;közép;rendes;Nem;magyar;3;48;48;megjelent;21;4;12;9;0;2;48;-;-;-;-
2020;1;Borsod-Abaúj-Zemplén;12;gimnázium;nő;nappali;magyar nyelv és irodalom;közép;rendes;Nem;magyar;5;86;86;megjelent;35;10;21;14;4;2;86;-;-;-;-
2020;1;Borsod-Abaúj-Zemplén;12;gimnázium;férfi;nappali;magyar nyelv és irodalom;közép;rendes;Nem;magyar;3;53;53;megjelent;32;4;10;6;0;1;53;-;-;-;-
2020;1;Borsod-Abaúj-Zemplén;12;gimnázium;nő;nappali;magyar nyelv és irodalom;közép;rendes;Nem;magyar;5;83;83;megjelent;35;10;22;15;0;1;83;-;-;-;-
2020;1;Borsod-Abaúj-Zemplén;12;gimnázium;férfi;nappali;magyar nyelv és irodalom;közép;rendes;Nem;magyar;5;82;82;megjelent;34;7;20;13;6;2;82;-;-;-;-
2020;1;Borsod-Abaúj-Zemplén;12;gimnázium;nő;nappali;magyar nyelv és irodalom;közép;rendes;Nem;magyar;5;81;81;megjelent;35;9;17;11;7;2;81;-;-;-;-
2020;1;Borsod-Abaúj-Zemplén;12;gimnázium;nő;nappali;magyar nyelv és irodalom;közép;rendes;Nem;magyar;5;80;80;megjelent;36;10;18;14;0;2;80;-;-;-;-
2020;1;Borsod-Abaúj-Zemplén;12;gimnázium;férfi;nappali;magyar nyelv és irodalom;közép;rendes;Nem;magyar;4;75;75;megjelent;34;9;16;12;2;2;75;-;-;-;-
2020;1;Borsod-Abaúj-Zemplén;12;gimnázium;nő;nappali;magyar nyelv és irodalom;közép;rendes;Nem;magyar;4;67;67;megjelent;35;9;14;8;0;1;67;-;-;-;-
2020;1;Borsod-Abaúj-Zemplén;12;szakgimnázium/szakközépiskola (2016.09.01-től kifutó rendszerben);nő;nappali;magyar nyelv és irodalom;közép;rendes;Nem;magyar;2;38;38;megjelent;18;2;9;8;0;1;38;-;-;-;-
2020;1;Borsod-Abaúj-Zemplén;12;szakgimnázium/szakközépiskola (2016.09.01-től kifutó rendszerben);nő;nappali;magyar nyelv és irodalom;közép;rendes;Nem;magyar;2;30;30;megjelent;14;6;4;4;0;2;30;-;-;-;-
2020;1;Borsod-Abaúj-Zemplén;12;szakgimnázium/szakközépiskola (2016.09.01-től kifutó rendszerben);férfi;nappali;magyar nyelv és irodalom;közép;rendes;Nem;magyar;3;40;40;megjelent;20;4;9;6;0;1;40;-;-;-;-
2020;1;Borsod-Abaúj-Zemplén;12;szakgimnázium/szakközépiskola (2016.09.01-től kifutó rendszerben);férfi;nappali;magyar nyelv és irodalom;közép;rendes;Nem;magyar;4;72;72;megjelent;28;9;19;14;0;2;72;-;-;-;-
2020;1;Borsod-Abaúj-Zemplén;12;szakgimnázium/szakközépiskola (2016.09.01-től kifutó rendszerben);nő;nappali;magyar nyelv és irodalom;közép;rendes;Nem;magyar;4;61;61;megjelent;30;8;10;12;0;1;61;-;-;-;-
2020;1;Borsod-Abaúj-Zemplén;12;szakgimnázium/szakközépiskola (2016.09.01-től kifutó rendszerben);férfi;nappali;magyar nyelv és irodalom;közép;rendes;Nem;magyar;3;45;45;megjelent;21;8;9;6;0;1;45;-;-;-;-
2020;1;Borsod-Abaúj-Zemplén;12;szakgimnázium/szakközépiskola (2016.09.01-től kifutó rendszerben);nő;nappali;magyar nyelv és irodalom;közép;rendes;Nem;magyar;3;54;54;megjelent;27;7;10;10;0;0;54;-;-;-;-
2020;1;Borsod-Abaúj-Zemplén;12;szakgimnázium/szakközépiskola (2016.09.01-től kifutó rendszerben);férfi;nappali;magyar nyelv és irodalom;közép;rendes;Nem;magyar;4;64;64;megjelent;27;10;12;13;0;2;64;-;-;-;-
2020;1;Borsod-Abaúj-Zemplén;12;szakgimnázium/szakközépiskola (2016.09.01-től kifutó rendszerben);nő;nappali;magyar nyelv és irodalom;közép;rendes;Nem;magyar;5;83;83;megjelent;31;7;24;15;4;2;83;-;-;-;-
2020;1;Borsod-Abaúj-Zemplén;12;szakgimnázium/szakközépiskola (2016.09.01-től kifutó rendszerben);férfi;nappali;magyar nyelv és irodalom;közép;rendes;Nem;magyar;3;41;41;megjelent;26;4;4;7;0;0;41;-;-;-;-
2020;1;Borsod-Abaúj-Zemplén;12;szakgimnázium/szakközépiskola (2016.09.01-től kifutó rendszerben);nő;nappali;magyar nyelv és irodalom;közép;rendes;Nem;magyar;3;43;43;megjelent;14;7;9;12;0;1;43;-;-;-;-
2020;1;Borsod-Abaúj-Zemplén;12;szakgimnázium/szakközépiskola (2016.09.01-től kifutó rendszerben);férfi;nappali;magyar nyelv és irodalom;közép;rendes;Nem;magyar;4;74;74;megjelent;31;9;20;14;0;0;74;-;-;-;-
2020;1;Borsod-Abaúj-Zemplén;12;szakgimnázium/szakközépiskola (2016.09.01-től kifutó rendszerben);férfi;nappali;magyar nyelv és irodalom;közép;rendes;Nem;magyar;3;50;50;megjelent;29;8;4;8;0;1;50;-;-;-;-
2020;1;Borsod-Abaúj-Zemplén;12;szakgimnázium/szakközépiskola (2016.09.01-től kifutó rendszerben);férfi;nappali;magyar nyelv és irodalom;közép;rendes;Nem;magyar;4;65;65;megjelent;34;8;14;8;0;1;65;-;-;-;-
2020;1;Borsod-Abaúj-Zemplén;13;gimnázium;nő;nappali;magyar nyelv és irodalom;közép;rendes;Nem;magyar;5;93;93;megjelent;35;10;23;15;8;2;93;-;-;-;-
2020;1;Borsod-Abaúj-Zemplén;13;gimnázium;nő;nappali;magyar nyelv és irodalom;közép;rendes;Nem;magyar;5;90;90;megjelent;34;10;21;15;8;2;90;-;-;-;-
2020;1;Borsod-Abaúj-Zemplén;13;gimnázium;nő;nappali;magyar nyelv és irodalom;közép;rendes;Nem;magyar;5;93;93;megjelent;36;10;22;15;8;2;93;-;-;-;-
2020;1;Borsod-Abaúj-Zemplén;13;gimnázium;férfi;nappali;magyar nyelv és irodalom;közép;rendes;Nem;magyar;5;84;84;megjelent;37;10;23;12;0;2;84;-;-;-;-
2020;1;Borsod-Abaúj-Zemplén;12;szakgimnázium/szakközépiskola (2016.09.01-től kifutó rendszerben);nő;nappali;magyar nyelv és irodalom;közép;rendes;Nem;magyar;2;27;27;megjelent;13;5;3;5;0;1;27;-;-;-;-
2020;1;Borsod-Abaúj-Zemplén;13;gimnázium;nő;nappali;magyar nyelv és irodalom;közép;rendes;Igen;magyar;4;71;66;megjelent;30;8;16;10;0;2;66;-;-;-;-
2020;1;Borsod-Abaúj-Zemplén;12;szakgimnázium/szakközépiskola (2016.09.01-től kifutó rendszerben);nő;nappali;magyar nyelv és irodalom;közép;rendes;Nem;magyar;4;60;60;megjelent;29;7;13;10;0;1;60;-;-;-;-
2020;1;Borsod-Abaúj-Zemplén;12;szakgimnázium/szakközépiskola (2016.09.01-től kifutó rendszerben);nő;nappali;magyar nyelv és irodalom;közép;rendes;Nem;magyar;3;53;53;megjelent;29;7;5;11;0;1;53;-;-;-;-
2020;1;Borsod-Abaúj-Zemplén;12;szakgimnázium/szakközépiskola (2016.09.01-től kifutó rendszerben);nő;nappali;magyar nyelv és irodalom;közép;rendes;Nem;magyar;4;72;72;megjelent;32;10;9;13;6;2;72;-;-;-;-
2020;1;Borsod-Abaúj-Zemplén;12;szakgimnázium/szakközépiskola (2016.09.01-től kifutó rendszerben);nő;nappali;magyar nyelv és irodalom;közép;rendes;Nem;magyar;2;33;33;megjelent;13;5;9;5;0;1;33;-;-;-;-
2020;1;Borsod-Abaúj-Zemplén;12;szakgimnázium/szakközépiskola (2016.09.01-től kifutó rendszerben);nő;nappali;magyar nyelv és irodalom;közép;rendes;Nem;magyar;3;50;50;megjelent;26;8;8;7;0;1;50;-;-;-;-
2020;1;Borsod-Abaúj-Zemplén;12;gimnázium;férfi;nappali;magyar nyelv és irodalom;közép;rendes;Nem;magyar;3;54;54;megjelent;29;7;8;8;2;0;54;-;-;-;-
2020;1;Borsod-Abaúj-Zemplén;13;gimnázium;férfi;nappali;magyar nyelv és irodalom;közép;rendes;Igen;magyar;4;74;37;megjelent;-;-;-;-;-;-;-;20;7;10;37
2020;1;Borsod-Abaúj-Zemplén;13;gimnázium;nő;nappali;magyar nyelv és irodalom;közép;rendes;Nem;magyar;4;71;71;megjelent;33;9;17;10;0;2;71;-;-;-;-
2020;1;Borsod-Abaúj-Zemplén;12;szakgimnázium/szakközépiskola (2016.09.01-től kifutó rendszerben);férfi;nappali;magyar nyelv és irodalom;közép;rendes;Nem;magyar;3;56;56;megjelent;32;6;5;12;0;1;56;-;-;-;-
2020;1;Borsod-Abaúj-Zemplén;12;szakgimnázium/szakközépiskola (2016.09.01-től kifutó rendszerben);férfi;nappali;magyar nyelv és irodalom;közép;rendes;Nem;magyar;2;33;33;megjelent;15;5;4;8;0;1;33;-;-;-;-
2020;1;Borsod-Abaúj-Zemplén;12;szakgimnázium/szakközépiskola (2016.09.01-től kifutó rendszerben);férfi;nappali;magyar nyelv és irodalom;közép;rendes;Nem;magyar;2;39;39;megjelent;25;5;3;5;0;1;39;-;-;-;-
2020;1;Borsod-Abaúj-Zemplén;12;szakgimnázium/szakközépiskola (2016.09.01-től kifutó rendszerben);nő;nappali;magyar nyelv és irodalom;közép;rendes;Nem;magyar;3;51;51;megjelent;30;9;4;6;0;2;51;-;-;-;-
2020;1;Borsod-Abaúj-Zemplén;13;gimnázium;férfi;nappali;magyar nyelv és irodalom;közép;rendes;Igen;magyar;3;43;40;megjelent;25;0;5;8;0;2;40;-;-;-;-
2020;1;Borsod-Abaúj-Zemplén;12;szakgimnázium/szakközépiskola (2016.09.01-től kifutó rendszerben);nő;nappali;magyar nyelv és irodalom;közép;rendes;Nem;magyar;4;66;66;megjelent;25;7;19;13;0;2;66;-;-;-;-
2020;1;Borsod-Abaúj-Zemplén;12;szakgimnázium/szakközépiskola (2016.09.01-től kifutó rendszerben);férfi;nappali;magyar nyelv és irodalom;közép;rendes;Nem;magyar;3;51;51;megjelent;23;5;10;11;0;2;51;-;-;-;-
2020;1;Borsod-Abaúj-Zemplén;12;szakgimnázium/szakközépiskola (2016.09.01-től kifutó rendszerben);nő;nappali;magyar nyelv és irodalom;közép;rendes;Nem;magyar;3;55;55;megjelent;32;3;8;8;2;2;55;-;-;-;-
2020;1;Borsod-Abaúj-Zemplén;12;szakgimnázium/szakközépiskola (2016.09.01-től kifutó rendszerben);nő;nappali;magyar nyelv és irodalom;közép;rendes;Nem;magyar;2;37;37;megjelent;22;3;2;4;4;2;37;-;-;-;-
2020;1;Borsod-Abaúj-Zemplén;12;szakgimnázium/szakközépiskola (2016.09.01-től kifutó rendszerben);férfi;nappali;magyar nyelv és irodalom;közép;rendes;Nem;magyar;3;57;57;megjelent;28;4;8;8;7;2;57;-;-;-;-
2020;1;Borsod-Abaúj-Zemplén;12;szakgimnázium/szakközépiskola (2016.09.01-től kifutó rendszerben);nő;nappali;magyar nyelv és irodalom;közép;rendes;Nem;magyar;3;46;46;megjelent;19;8;5;8;4;2;46;-;-;-;-
2020;1;Borsod-Abaúj-Zemplén;12;szakgimnázium/szakközépiskola (2016.09.01-től kifutó rendszerben);nő;nappali;magyar nyelv és irodalom;közép;rendes;Nem;magyar;3;47;47;megjelent;11;6;15;8;5;2;47;-;-;-;-
2020;1;Borsod-Abaúj-Zemplén;12;szakgimnázium/szakközépiskola (2016.09.01-től kifutó rendszerben);nő;nappali;magyar nyelv és irodalom;közép;rendes;Nem;magyar;3;56;56;megjelent;19;8;9;12;6;2;56;-;-;-;-
2020;1;Borsod-Abaúj-Zemplén;12;szakgimnázium/szakközépiskola (2016.09.01-től kifutó rendszerben);nő;nappali;magyar nyelv és irodalom;közép;rendes;Nem;magyar;5;87;87;megjelent;33;10;23;15;4;2;87;-;-;-;-
2020;1;Borsod-Abaúj-Zemplén;12;szakgimnázium/szakközépiskola (2016.09.01-től kifutó rendszerben);férfi;nappali;magyar nyelv és irodalom;közép;rendes;Nem;magyar;5;80;80;megjelent;36;8;19;14;1;2;80;-;-;-;-
2020;1;Borsod-Abaúj-Zemplén;12;szakgimnázium/szakközépiskola (2016.09.01-től kifutó rendszerben);férfi;nappali;magyar nyelv és irodalom;közép;rendes;Nem;magyar;3;54;54;megjelent;22;4;15;12;0;1;54;-;-;-;-
2020;1;Borsod-Abaúj-Zemplén;12;szakgimnázium/szakközépiskola (2016.09.01-től kifutó rendszerben);férfi;nappali;magyar nyelv és irodalom;közép;rendes;Nem;magyar;5;81;81;megjelent;31;9;19;14;6;2;81;-;-;-;-
2020;1;Borsod-Abaúj-Zemplén;12;szakgimnázium/szakközépiskola (2016.09.01-től kifutó rendszerben);nő;nappali;magyar nyelv és irodalom;közép;rendes;Nem;magyar;4;60;60;megjelent;24;8;12;11;3;2;60;-;-;-;-
2020;1;Borsod-Abaúj-Zemplén;12;szakgimnázium/szakközépiskola (2016.09.01-től kifutó rendszerben);férfi;nappali;magyar nyelv és irodalom;közép;rendes;Nem;magyar;3;48;48;megjelent;24;5;5;9;4;1;48;-;-;-;-
2020;1;Borsod-Abaúj-Zemplén;12;szakgimnázium/szakközépiskola (2016.09.01-től kifutó rendszerben);nő;nappali;magyar nyelv és irodalom;közép;rendes;Nem;magyar;5;86;86;megjelent;32;10;20;15;7;2;86;-;-;-;-
2020;1;Borsod-Abaúj-Zemplén;12;szakgimnázium/szakközépiskola (2016.09.01-től kifutó rendszerben);férfi;nappali;magyar nyelv és irodalom;közép;rendes;Nem;magyar;5;83;83;megjelent;30;10;23;15;4;1;83;-;-;-;-
2020;1;Borsod-Abaúj-Zemplén;12;szakgimnázium/szakközépiskola (2016.09.01-től kifutó rendszerben);nő;nappali;magyar nyelv és irodalom;közép;rendes;Nem;magyar;4;75;75;megjelent;33;9;15;15;1;2;75;-;-;-;-
2020;1;Borsod-Abaúj-Zemplén;12;szakgimnázium/szakközépiskola (2016.09.01-től kifutó rendszerben);nő;nappali;magyar nyelv és irodalom;közép;rendes;Nem;magyar;5;85;85;megjelent;33;9;20;15;6;2;85;-;-;-;-
2020;1;Borsod-Abaúj-Zemplén;12;szakgimnázium/szakközépiskola (2016.09.01-től kifutó rendszerben);férfi;nappali;magyar nyelv és irodalom;közép;rendes;Nem;magyar;4;67;67;megjelent;28;10;13;14;0;2;67;-;-;-;-
2020;1;Borsod-Abaúj-Zemplén;12;szakgimnázium/szakközépiskola (2016.09.01-től kifutó rendszerben);férfi;nappali;magyar nyelv és irodalom;közép;rendes;Nem;magyar;3;49;49;megjelent;28;6;4;9;0;2;49;-;-;-;-
2020;1;Borsod-Abaúj-Zemplén;12;szakgimnázium/szakközépiskola (2016.09.01-től kifutó rendszerben);férfi;nappali;magyar nyelv és irodalom;közép;rendes;Igen;magyar;3;56;52;megjelent;26;9;9;7;0;1;52;-;-;-;-
2020;1;Borsod-Abaúj-Zemplén;12;szakgimnázium/szakközépiskola (2016.09.01-től kifutó rendszerben);férfi;nappali;magyar nyelv és irodalom;közép;rendes;Igen;magyar;3;43;40;megjelent;24;4;6;5;0;1;40;-;-;-;-
2020;1;Borsod-Abaúj-Zemplén;12;szakgimnázium/szakközépiskola (2016.09.01-től kifutó rendszerben);férfi;nappali;magyar nyelv és irodalom;közép;rendes;Nem;magyar;3;51;51;megjelent;29;7;10;5;0;0;51;-;-;-;-
2020;1;Borsod-Abaúj-Zemplén;12;szakgimnázium/szakközépiskola (2016.09.01-től kifutó rendszerben);férfi;nappali;magyar nyelv és irodalom;közép;rendes;Nem;magyar;3;57;57;megjelent;24;5;18;9;0;1;57;-;-;-;-
2020;1;Borsod-Abaúj-Zemplén;12;szakgimnázium/szakközépiskola (2016.09.01-től kifutó rendszerben);nő;nappali;magyar nyelv és irodalom;közép;rendes;Nem;magyar;2;35;35;megjelent;12;4;13;4;0;2;35;-;-;-;-
2020;1;Borsod-Abaúj-Zemplén;12;szakgimnázium/szakközépiskola (2016.09.01-től kifutó rendszerben);férfi;nappali;magyar nyelv és irodalom;közép;rendes;Nem;magyar;3;52;52;megjelent;27;8;10;6;0;1;52;-;-;-;-
2020;1;Borsod-Abaúj-Zemplén;12;szakgimnázium/szakközépiskola (2016.09.01-től kifutó rendszerben);nő;nappali;magyar nyelv és irodalom;közép;rendes;Nem;magyar;3;46;46;megjelent;27;5;9;3;0;2;46;-;-;-;-
2020;1;Borsod-Abaúj-Zemplén;12;szakgimnázium/szakközépiskola (2016.09.01-től kifutó rendszerben);nő;nappali;magyar nyelv és irodalom;közép;rendes;Nem;magyar;4;60;60;megjelent;31;6;14;7;0;2;60;-;-;-;-
2020;1;Borsod-Abaúj-Zemplén;12;szakgimnázium/szakközépiskola (2016.09.01-től kifutó rendszerben);férfi;nappali;magyar nyelv és irodalom;közép;rendes;Nem;magyar;3;51;51;megjelent;24;7;12;7;0;1;51;-;-;-;-
2020;1;Borsod-Abaúj-Zemplén;12;szakgimnázium/szakközépiskola (2016.09.01-től kifutó rendszerben);nő;nappali;magyar nyelv és irodalom;közép;rendes;Nem;magyar;4;66;66;megjelent;29;8;18;9;0;2;66;-;-;-;-
2020;1;Borsod-Abaúj-Zemplén;12;szakgimnázium/szakközépiskola (2016.09.01-től kifutó rendszerben);férfi;nappali;magyar nyelv és irodalom;közép;rendes;Nem;magyar;3;52;52;megjelent;26;5;12;7;0;2;52;-;-;-;-
2020;1;Borsod-Abaúj-Zemplén;12;szakgimnázium/szakközépiskola (2016.09.01-től kifutó rendszerben);nő;nappali;magyar nyelv és irodalom;közép;rendes;Nem;magyar;5;83;83;megjelent;34;10;23;14;0;2;83;-;-;-;-
2020;1;Borsod-Abaúj-Zemplén;12;szakgimnázium/szakközépiskola (2016.09.01-től kifutó rendszerben);férfi;nappali;magyar nyelv és irodalom;közép;rendes;Nem;magyar;4;60;60;megjelent;29;8;13;8;0;2;60;-;-;-;-
2020;1;Borsod-Abaúj-Zemplén;12;szakgimnázium/szakközépiskola (2016.09.01-től kifutó rendszerben);férfi;nappali;magyar nyelv és irodalom;közép;rendes;Nem;magyar;3;57;57;megjelent;30;7;11;7;2;0;57;-;-;-;-
2020;1;Borsod-Abaúj-Zemplén;12;szakgimnázium/szakközépiskola (2016.09.01-től kifutó rendszerben);nő;nappali;magyar nyelv és irodalom;közép;rendes;Nem;magyar;3;58;58;megjelent;28;6;14;9;0;1;58;-;-;-;-
2020;1;Borsod-Abaúj-Zemplén;12;szakgimnázium/szakközépiskola (2016.09.01-től kifutó rendszerben);nő;nappali;magyar nyelv és irodalom;közép;rendes;Nem;magyar;4;60;60;megjelent;25;6;19;8;0;2;60;-;-;-;-
2020;1;Borsod-Abaúj-Zemplén;12;gimnázium;nő;nappali;magyar nyelv és irodalom;közép;rendes;Nem;magyar;5;95;95;megjelent;35;10;25;15;8;2;95;-;-;-;-
2020;1;Borsod-Abaúj-Zemplén;12;gimnázium;nő;nappali;magyar nyelv és irodalom;közép;rendes;Nem;magyar;5;98;98;megjelent;38;10;25;15;8;2;98;-;-;-;-
2020;1;Borsod-Abaúj-Zemplén;12;gimnázium;nő;nappali;magyar nyelv és irodalom;közép;rendes;Nem;magyar;4;75;75;megjelent;32;9;17;13;3;1;75;-;-;-;-
2020;1;Borsod-Abaúj-Zemplén;12;gimnázium;nő;nappali;magyar nyelv és irodalom;közép;rendes;Nem;magyar;5;88;88;megjelent;38;10;17;14;8;1;88;-;-;-;-
2020;1;Borsod-Abaúj-Zemplén;12;gimnázium;nő;nappali;magyar nyelv és irodalom;közép;rendes;Nem;magyar;4;74;74;megjelent;34;9;16;10;4;1;74;-;-;-;-
2020;1;Borsod-Abaúj-Zemplén;12;gimnázium;nő;nappali;magyar nyelv és irodalom;közép;rendes;Nem;magyar;4;74;74;megjelent;33;8;15;9;7;2;74;-;-;-;-
2020;1;Borsod-Abaúj-Zemplén;12;gimnázium;férfi;nappali;magyar nyelv és irodalom;közép;rendes;Nem;magyar;5;85;85;megjelent;36;10;18;12;7;2;85;-;-;-;-
2020;1;Borsod-Abaúj-Zemplén;12;gimnázium;férfi;nappali;magyar nyelv és irodalom;közép;rendes;Nem;magyar;5;90;90;megjelent;37;10;20;15;6;2;90;-;-;-;-
2020;1;Borsod-Abaúj-Zemplén;12;szakgimnázium/szakközépiskola (2016.09.01-től kifutó rendszerben);férfi;nappali;magyar nyelv és irodalom;közép;rendes;Nem;magyar;3;58;58;megjelent;28;6;14;9;0;1;58;-;-;-;-
2020;1;Borsod-Abaúj-Zemplén;12;szakgimnázium/szakközépiskola (2016.09.01-től kifutó rendszerben);férfi;nappali;magyar nyelv és irodalom;közép;rendes;Nem;magyar;3;50;50;megjelent;26;7;9;6;0;2;50;-;-;-;-
2020;1;Borsod-Abaúj-Zemplén;12;szakgimnázium/szakközépiskola (2016.09.01-től kifutó rendszerben);nő;nappali;magyar nyelv és irodalom;közép;rendes;Nem;magyar;3;50;50;megjelent;15;6;14;13;0;2;50;-;-;-;-
2020;1;Borsod-Abaúj-Zemplén;12;szakgimnázium/szakközépiskola (2016.09.01-től kifutó rendszerben);férfi;nappali;magyar nyelv és irodalom;közép;rendes;Nem;magyar;3;51;51;megjelent;26;5;14;5;0;1;51;-;-;-;-
2020;1;Borsod-Abaúj-Zemplén;12;szakgimnázium/szakközépiskola (2016.09.01-től kifutó rendszerben);férfi;nappali;magyar nyelv és irodalom;közép;rendes;Nem;magyar;3;46;46;megjelent;22;8;9;6;0;1;46;-;-;-;-
2020;1;Borsod-Abaúj-Zemplén;12;szakgimnázium/szakközépiskola (2016.09.01-től kifutó rendszerben);férfi;nappali;magyar nyelv és irodalom;közép;rendes;Nem;magyar;5;81;81;megjelent;33;7;20;13;6;2;81;-;-;-;-
2020;1;Borsod-Abaúj-Zemplén;12;gimnázium;férfi;nappali;magyar nyelv és irodalom;közép;rendes;Nem;magyar;2;30;30;megjelent;15;5;5;5;0;0;30;-;-;-;-
2020;1;Borsod-Abaúj-Zemplén;12;szakgimnázium/szakközépiskola (2016.09.01-től kifutó rendszerben);férfi;nappali;magyar nyelv és irodalom;közép;rendes;Nem;magyar;3;52;52;megjelent;24;8;9;9;0;2;52;-;-;-;-
2020;1;Borsod-Abaúj-Zemplén;12;szakgimnázium/szakközépiskola (2016.09.01-től kifutó rendszerben);férfi;nappali;magyar nyelv és irodalom;közép;rendes;Nem;magyar;4;66;66;megjelent;28;1;19;13;3;2;66;-;-;-;-
2020;1;Borsod-Abaúj-Zemplén;12;szakgimnázium/szakközépiskola (2016.09.01-től kifutó rendszerben);nő;nappali;magyar nyelv és irodalom;közép;rendes;Nem;magyar;4;75;75;megjelent;30;10;19;14;0;2;75;-;-;-;-
2020;1;Borsod-Abaúj-Zemplén;12;szakgimnázium/szakközépiskola (2016.09.01-től kifutó rendszerben);nő;nappali;magyar nyelv és irodalom;közép;rendes;Nem;magyar;3;59;59;megjelent;24;0;15;13;5;2;59;-;-;-;-
2020;1;Borsod-Abaúj-Zemplén;12;gimnázium;nő;nappali;magyar nyelv és irodalom;közép;rendes;Nem;magyar;3;52;52;megjelent;26;8;9;8;0;1;52;-;-;-;-
2020;1;Borsod-Abaúj-Zemplén;12;szakgimnázium/szakközépiskola (2016.09.01-től kifutó rendszerben);férfi;nappali;magyar nyelv és irodalom;közép;rendes;Nem;magyar;2;35;35;megjelent;27;5;1;2;0;0;35;-;-;-;-
2020;1;Borsod-Abaúj-Zemplén;12;gimnázium;nő;nappali;magyar nyelv és irodalom;közép;rendes;Nem;magyar;5;80;80;megjelent;36;10;18;13;1;2;80;-;-;-;-
2020;1;Borsod-Abaúj-Zemplén;12;gimnázium;nő;nappali;magyar nyelv és irodalom;közép;rendes;Nem;magyar;5;87;87;megjelent;37;10;19;14;5;2;87;-;-;-;-
2020;1;Borsod-Abaúj-Zemplén;12;gimnázium;nő;nappali;magyar nyelv és irodalom;közép;rendes;Nem;magyar;5;90;90;megjelent;35;8;23;15;7;2;90;-;-;-;-
2020;1;Borsod-Abaúj-Zemplén;12;gimnázium;nő;nappali;magyar nyelv és irodalom;közép;rendes;Nem;magyar;4;77;77;megjelent;35;8;16;13;3;2;77;-;-;-;-
2020;1;Borsod-Abaúj-Zemplén;12;gimnázium;nő;nappali;magyar nyelv és irodalom;közép;rendes;Nem;magyar;4;74;74;megjelent;32;10;13;11;7;1;74;-;-;-;-
2020;1;Borsod-Abaúj-Zemplén;12;szakgimnázium/szakközépiskola (2016.09.01-től kifutó rendszerben);férfi;nappali;magyar nyelv és irodalom;közép;rendes;Nem;magyar;2;38;38;megjelent;12;7;13;6;0;0;38;-;-;-;-
2020;1;Borsod-Abaúj-Zemplén;12;szakgimnázium/szakközépiskola (2016.09.01-től kifutó rendszerben);férfi;nappali;magyar nyelv és irodalom;közép;rendes;Nem;magyar;3;58;58;megjelent;29;0;9;13;5;2;58;-;-;-;-
2020;1;Borsod-Abaúj-Zemplén;12;gimnázium;nő;nappali;magyar nyelv és irodalom;közép;rendes;Nem;magyar;5;81;81;megjelent;32;8;16;15;8;2;81;-;-;-;-
2020;1;Borsod-Abaúj-Zemplén;12;szakgimnázium/szakközépiskola (2016.09.01-től kifutó rendszerben);férfi;nappali;magyar nyelv és irodalom;közép;rendes;Nem;magyar;3;42;42;megjelent;25;6;2;5;3;1;42;-;-;-;-
2020;1;Borsod-Abaúj-Zemplén;12;gimnázium;nő;nappali;magyar nyelv és irodalom;közép;rendes;Nem;magyar;5;89;89;megjelent;35;10;20;15;8;1;89;-;-;-;-
2020;1;Borsod-Abaúj-Zemplén;12;szakgimnázium/szakközépiskola (2016.09.01-től kifutó rendszerben);férfi;nappali;magyar nyelv és irodalom;közép;rendes;Nem;magyar;5;81;81;megjelent;31;8;23;14;3;2;81;-;-;-;-
2020;1;Borsod-Abaúj-Zemplén;12;gimnázium;nő;nappali;magyar nyelv és irodalom;közép;rendes;Nem;magyar;5;97;97;megjelent;37;10;25;15;8;2;97;-;-;-;-
2020;1;Borsod-Abaúj-Zemplén;12;szakgimnázium/szakközépiskola (2016.09.01-től kifutó rendszerben);férfi;nappali;magyar nyelv és irodalom;közép;rendes;Nem;magyar;2;29;29;megjelent;23;2;3;1;0;0;29;-;-;-;-
2020;1;Borsod-Abaúj-Zemplén;12;gimnázium;nő;nappali;magyar nyelv és irodalom;közép;rendes;Nem;magyar;4;75;75;megjelent;35;8;16;11;3;2;75;-;-;-;-
2020;1;Borsod-Abaúj-Zemplén;12;szakgimnázium/szakközépiskola (2016.09.01-től kifutó rendszerben);nő;nappali;magyar nyelv és irodalom;közép;rendes;Nem;magyar;5;82;82;megjelent;33;8;18;15;6;2;82;-;-;-;-
2020;1;Borsod-Abaúj-Zemplén;12;gimnázium;nő;nappali;magyar nyelv és irodalom;közép;rendes;Nem;magyar;5;81;81;megjelent;34;9;17;11;8;2;81;-;-;-;-
2020;1;Borsod-Abaúj-Zemplén;12;szakgimnázium/szakközépiskola (2016.09.01-től kifutó rendszerben);férfi;nappali;magyar nyelv és irodalom;közép;rendes;Nem;magyar;3;44;44;megjelent;33;6;0;5;0;0;44;-;-;-;-
2020;1;Borsod-Abaúj-Zemplén;12;gimnázium;nő;nappali;magyar nyelv és irodalom;közép;rendes;Nem;magyar;5;83;83;megjelent;36;10;19;15;1;2;83;-;-;-;-
2020;1;Borsod-Abaúj-Zemplén;12;szakgimnázium/szakközépiskola (2016.09.01-től kifutó rendszerben);nő;nappali;magyar nyelv és irodalom;közép;rendes;Igen;magyar;5;89;82;megjelent;37;9;21;13;0;2;82;-;-;-;-
2020;1;Borsod-Abaúj-Zemplén;12;gimnázium;nő;nappali;magyar nyelv és irodalom;közép;rendes;Nem;magyar;5;80;80;megjelent;36;8;18;12;4;2;80;-;-;-;-
2020;1;Borsod-Abaúj-Zemplén;12;szakgimnázium/szakközépiskola (2016.09.01-től kifutó rendszerben);nő;nappali;magyar nyelv és irodalom;közép;rendes;Nem;magyar;2;32;32;megjelent;18;5;4;4;0;1;32;-;-;-;-
2020;1;Borsod-Abaúj-Zemplén;12;szakgimnázium/szakközépiskola (2016.09.01-től kifutó rendszerben);férfi;nappali;magyar nyelv és irodalom;közép;rendes;Nem;magyar;2;35;35;megjelent;26;4;4;1;0;0;35;-;-;-;-
2020;1;Borsod-Abaúj-Zemplén;12;gimnázium;férfi;nappali;magyar nyelv és irodalom;közép;rendes;Nem;magyar;3;55;55;megjelent;36;5;6;7;0;1;55;-;-;-;-
2020;1;Borsod-Abaúj-Zemplén;12;szakgimnázium/szakközépiskola (2016.09.01-től kifutó rendszerben);nő;nappali;magyar nyelv és irodalom;közép;rendes;Nem;magyar;2;33;33;megjelent;14;6;8;5;0;0;33;-;-;-;-
2020;1;Borsod-Abaúj-Zemplén;12;gimnázium;férfi;nappali;magyar nyelv és irodalom;közép;rendes;Nem;magyar;3;46;46;megjelent;21;7;12;5;0;1;46;-;-;-;-
2020;1;Borsod-Abaúj-Zemplén;12;gimnázium;férfi;nappali;magyar nyelv és irodalom;közép;rendes;Nem;magyar;4;68;68;megjelent;33;6;18;9;1;1;68;-;-;-;-
2020;1;Borsod-Abaúj-Zemplén;12;gimnázium;férfi;nappali;magyar nyelv és irodalom;közép;rendes;Nem;magyar;5;80;80;megjelent;36;8;16;13;5;2;80;-;-;-;-
2020;1;Borsod-Abaúj-Zemplén;12;szakgimnázium/szakközépiskola (2016.09.01-től kifutó rendszerben);nő;nappali;magyar nyelv és irodalom;közép;rendes;Nem;magyar;3;52;52;megjelent;21;8;9;12;0;2;52;-;-;-;-
2020;1;Borsod-Abaúj-Zemplén;12;szakgimnázium/szakközépiskola (2016.09.01-től kifutó rendszerben);nő;nappali;magyar nyelv és irodalom;közép;rendes;Nem;magyar;2;26;26;megjelent;14;5;2;3;1;1;26;-;-;-;-
2020;1;Borsod-Abaúj-Zemplén;12;gimnázium;férfi;nappali;magyar nyelv és irodalom;közép;rendes;Nem;magyar;5;80;80;megjelent;40;8;16;9;5;2;80;-;-;-;-
2020;1;Borsod-Abaúj-Zemplén;12;szakgimnázium/szakközépiskola (2016.09.01-től kifutó rendszerben);nő;nappali;magyar nyelv és irodalom;közép;rendes;Nem;magyar;4;63;63;megjelent;26;9;12;14;0;2;63;-;-;-;-
2020;1;Borsod-Abaúj-Zemplén;12;szakgimnázium/szakközépiskola (2016.09.01-től kifutó rendszerben);nő;nappali;magyar nyelv és irodalom;közép;rendes;Nem;magyar;2;26;26;megjelent;14;3;4;4;0;1;26;-;-;-;-
2020;1;Borsod-Abaúj-Zemplén;12;szakgimnázium/szakközépiskola (2016.09.01-től kifutó rendszerben);nő;nappali;magyar nyelv és irodalom;közép;rendes;Nem;magyar;4;65;65;megjelent;24;10;14;14;1;2;65;-;-;-;-
2020;1;Borsod-Abaúj-Zemplén;12;gimnázium;férfi;nappali;magyar nyelv és irodalom;közép;rendes;Nem;magyar;4;62;62;megjelent;31;8;13;8;0;2;62;-;-;-;-
2020;1;Borsod-Abaúj-Zemplén;12;szakgimnázium/szakközépiskola (2016.09.01-től kifutó rendszerben);férfi;nappali;magyar nyelv és irodalom;közép;rendes;Nem;magyar;2;35;35;megjelent;21;4;4;5;0;1;35;-;-;-;-
2020;1;Borsod-Abaúj-Zemplén;12;szakgimnázium/szakközépiskola (2016.09.01-től kifutó rendszerben);nő;nappali;magyar nyelv és irodalom;közép;rendes;Nem;magyar;4;78;78;megjelent;31;10;14;14;7;2;78;-;-;-;-
2020;1;Borsod-Abaúj-Zemplén;12;gimnázium;férfi;nappali;magyar nyelv és irodalom;közép;rendes;Nem;magyar;3;53;53;megjelent;27;6;11;7;1;1;53;-;-;-;-
2020;1;Borsod-Abaúj-Zemplén;12;gimnázium;nő;nappali;magyar nyelv és irodalom;közép;rendes;Nem;magyar;4;69;69;megjelent;30;10;16;12;0;1;69;-;-;-;-
2020;1;Borsod-Abaúj-Zemplén;13;szakközép;nő;nappali;magyar nyelv és irodalom;közép;rendes;Nem;magyar;3;48;48;megjelent;23;6;11;6;0;2;48;-;-;-;-
2020;1;Borsod-Abaúj-Zemplén;12;szakgimnázium/szakközépiskola (2016.09.01-től kifutó rendszerben);férfi;nappali;magyar nyelv és irodalom;közép;rendes;Nem;magyar;4;61;61;megjelent;28;9;12;10;0;2;61;-;-;-;-
2020;1;Borsod-Abaúj-Zemplén;12;szakgimnázium/szakközépiskola (2016.09.01-től kifutó rendszerben);nő;nappali;magyar nyelv és irodalom;közép;rendes;Nem;magyar;5;80;80;megjelent;34;10;14;13;7;2;80;-;-;-;-
2020;1;Borsod-Abaúj-Zemplén;12;szakgimnázium/szakközépiskola (2016.09.01-től kifutó rendszerben);férfi;nappali;magyar nyelv és irodalom;közép;rendes;Nem;magyar;4;74;74;megjelent;34;8;15;13;2;2;74;-;-;-;-
2020;1;Borsod-Abaúj-Zemplén;12;gimnázium;nő;nappali;magyar nyelv és irodalom;közép;rendes;Nem;magyar;4;67;67;megjelent;35;6;13;8;3;2;67;-;-;-;-
2020;1;Borsod-Abaúj-Zemplén;12;gimnázium;férfi;nappali;magyar nyelv és irodalom;közép;rendes;Nem;magyar;5;100;100;megjelent;40;10;25;15;8;2;100;-;-;-;-
2020;1;Borsod-Abaúj-Zemplén;12;szakgimnázium/szakközépiskola (2016.09.01-től kifutó rendszerben);férfi;nappali;magyar nyelv és irodalom;közép;rendes;Nem;magyar;4;76;76;megjelent;31;10;17;14;2;2;76;-;-;-;-
2020;1;Borsod-Abaúj-Zemplén;12;gimnázium;nő;nappali;magyar nyelv és irodalom;közép;rendes;Nem;magyar;5;84;84;megjelent;32;10;22;13;5;2;84;-;-;-;-
2020;1;Borsod-Abaúj-Zemplén;12;szakgimnázium/szakközépiskola (2016.09.01-től kifutó rendszerben);nő;nappali;magyar nyelv és irodalom;közép;rendes;Nem;magyar;5;89;89;megjelent;35;10;25;15;2;2;89;-;-;-;-
2020;1;Borsod-Abaúj-Zemplén;12;gimnázium;nő;nappali;magyar nyelv és irodalom;közép;rendes;Nem;magyar;5;94;94;megjelent;36;10;25;14;7;2;94;-;-;-;-
2020;1;Borsod-Abaúj-Zemplén;12;szakgimnázium/szakközépiskola (2016.09.01-től kifutó rendszerben);nő;nappali;magyar nyelv és irodalom;közép;rendes;Nem;magyar;4;62;62;megjelent;32;8;5;10;5;2;62;-;-;-;-
2020;1;Borsod-Abaúj-Zemplén;12;szakgimnázium/szakközépiskola (2016.09.01-től kifutó rendszerben);férfi;nappali;magyar nyelv és irodalom;közép;rendes;Nem;magyar;2;37;37;megjelent;22;4;4;6;0;1;37;-;-;-;-
2020;1;Borsod-Abaúj-Zemplén;12;szakgimnázium/szakközépiskola (2016.09.01-től kifutó rendszerben);férfi;nappali;magyar nyelv és irodalom;közép;rendes;Nem;magyar;4;66;66;megjelent;32;9;5;13;5;2;66;-;-;-;-
2020;1;Borsod-Abaúj-Zemplén;12;szakgimnázium/szakközépiskola (2016.09.01-től kifutó rendszerben);nő;nappali;magyar nyelv és irodalom;közép;rendes;Nem;magyar;3;48;48;megjelent;28;9;3;6;0;2;48;-;-;-;-
2020;1;Borsod-Abaúj-Zemplén;12;szakgimnázium/szakközépiskola (2016.09.01-től kifutó rendszerben);nő;nappali;magyar nyelv és irodalom;közép;rendes;Nem;magyar;5;82;82;megjelent;33;10;19;13;5;2;82;-;-;-;-
2020;1;Borsod-Abaúj-Zemplén;12;szakgimnázium/szakközépiskola (2016.09.01-től kifutó rendszerben);nő;nappali;magyar nyelv és irodalom;közép;rendes;Nem;magyar;3;41;41;megjelent;20;5;4;10;0;2;41;-;-;-;-
2020;1;Borsod-Abaúj-Zemplén;12;szakgimnázium/szakközépiskola (2016.09.01-től kifutó rendszerben);férfi;nappali;magyar nyelv és irodalom;közép;rendes;Nem;magyar;4;77;77;megjelent;38;10;13;14;0;2;77;-;-;-;-
2020;1;Borsod-Abaúj-Zemplén;12;gimnázium;férfi;nappali;magyar nyelv és irodalom;közép;rendes;Nem;magyar;4;69;69;megjelent;31;9;15;14;0;0;69;-;-;-;-
2020;1;Borsod-Abaúj-Zemplén;12;gimnázium;férfi;nappali;magyar nyelv és irodalom;közép;rendes;Nem;magyar;3;49;49;megjelent;32;4;4;8;0;1;49;-;-;-;-
2020;1;Borsod-Abaúj-Zemplén;12;gimnázium;nő;nappali;magyar nyelv és irodalom;közép;rendes;Nem;magyar;3;46;46;megjelent;22;7;7;9;0;1;46;-;-;-;-
2020;1;Borsod-Abaúj-Zemplén;12;gimnázium;nő;nappali;magyar nyelv és irodalom;közép;rendes;Nem;magyar;3;52;52;megjelent;26;5;9;10;0;2;52;-;-;-;-
2020;1;Borsod-Abaúj-Zemplén;12;szakgimnázium/szakközépiskola (2016.09.01-től kifutó rendszerben);nő;nappali;magyar nyelv és irodalom;közép;rendes;Nem;magyar;2;36;36;megjelent;29;0;2;5;0;0;36;-;-;-;-
2020;1;Borsod-Abaúj-Zemplén;12;gimnázium;nő;nappali;magyar nyelv és irodalom;közép;rendes;Nem;magyar;4;70;70;megjelent;33;7;17;12;0;1;70;-;-;-;-
2020;1;Borsod-Abaúj-Zemplén;12;szakgimnázium/szakközépiskola (2016.09.01-től kifutó rendszerben);nő;nappali;magyar nyelv és irodalom;közép;rendes;Nem;magyar;3;53;53;megjelent;30;5;8;8;0;2;53;-;-;-;-
2020;1;Borsod-Abaúj-Zemplén;12;szakgimnázium/szakközépiskola (2016.09.01-től kifutó rendszerben);nő;nappali;magyar nyelv és irodalom;közép;rendes;Nem;magyar;4;78;78;megjelent;36;9;14;11;6;2;78;-;-;-;-
2020;1;Borsod-Abaúj-Zemplén;12;gimnázium;férfi;nappali;magyar nyelv és irodalom;közép;rendes;Nem;magyar;4;71;71;megjelent;30;8;19;12;0;2;71;-;-;-;-
2020;1;Borsod-Abaúj-Zemplén;12;gimnázium;férfi;nappali;magyar nyelv és irodalom;közép;rendes;Nem;magyar;3;52;52;megjelent;29;8;5;9;0;1;52;-;-;-;-
2020;1;Borsod-Abaúj-Zemplén;12;szakgimnázium/szakközépiskola (2016.09.01-től kifutó rendszerben);férfi;nappali;magyar nyelv és irodalom;közép;rendes;Nem;magyar;2;27;27;megjelent;18;2;4;3;0;0;27;-;-;-;-
2020;1;Borsod-Abaúj-Zemplén;12;szakgimnázium/szakközépiskola (2016.09.01-től kifutó rendszerben);férfi;nappali;magyar nyelv és irodalom;közép;rendes;Nem;magyar;2;27;27;megjelent;18;0;5;4;0;0;27;-;-;-;-
2020;1;Borsod-Abaúj-Zemplén;12;szakgimnázium/szakközépiskola (2016.09.01-től kifutó rendszerben);nő;nappali;magyar nyelv és irodalom;közép;rendes;Nem;magyar;3;45;45;megjelent;27;6;7;5;0;0;45;-;-;-;-
2020;1;Borsod-Abaúj-Zemplén;12;szakgimnázium/szakközépiskola (2016.09.01-től kifutó rendszerben);férfi;nappali;magyar nyelv és irodalom;közép;rendes;Nem;magyar;4;64;64;megjelent;33;8;6;7;8;2;64;-;-;-;-
2020;1;Borsod-Abaúj-Zemplén;12;szakgimnázium/szakközépiskola (2016.09.01-től kifutó rendszerben);férfi;nappali;magyar nyelv és irodalom;közép;rendes;Nem;magyar;2;26;26;megjelent;13;6;4;3;0;0;26;-;-;-;-
2020;1;Borsod-Abaúj-Zemplén;12;szakgimnázium/szakközépiskola (2016.09.01-től kifutó rendszerben);férfi;nappali;magyar nyelv és irodalom;közép;rendes;Nem;magyar;2;26;26;megjelent;19;0;3;4;0;0;26;-;-;-;-
2020;1;Borsod-Abaúj-Zemplén;12;szakgimnázium/szakközépiskola (2016.09.01-től kifutó rendszerben);nő;nappali;magyar nyelv és irodalom;közép;rendes;Nem;magyar;4;71;71;megjelent;32;10;14;12;1;2;71;-;-;-;-
2020;1;Borsod-Abaúj-Zemplén;12;gimnázium;nő;nappali;magyar nyelv és irodalom;közép;rendes;Igen;magyar;4;74;37;megjelent;-;-;-;-;-;-;-;20;5;12;37
2020;1;Borsod-Abaúj-Zemplén;12;szakgimnázium/szakközépiskola (2016.09.01-től kifutó rendszerben);nő;nappali;magyar nyelv és irodalom;közép;rendes;Nem;magyar;5;82;82;megjelent;33;9;21;13;4;2;82;-;-;-;-
2020;1;Borsod-Abaúj-Zemplén;12;szakgimnázium/szakközépiskola (2016.09.01-től kifutó rendszerben);nő;nappali;magyar nyelv és irodalom;közép;rendes;Nem;magyar;4;76;76;megjelent;30;10;12;14;8;2;76;-;-;-;-
2020;1;Borsod-Abaúj-Zemplén;12;gimnázium;férfi;nappali;magyar nyelv és irodalom;közép;rendes;Nem;magyar;3;55;55;megjelent;33;7;9;6;0;0;55;-;-;-;-
2020;1;Borsod-Abaúj-Zemplén;12;gimnázium;nő;nappali;magyar nyelv és irodalom;közép;rendes;Nem;magyar;5;93;93;megjelent;35;10;25;15;7;1;93;-;-;-;-
2020;1;Borsod-Abaúj-Zemplén;12;gimnázium;nő;nappali;magyar nyelv és irodalom;közép;rendes;Nem;magyar;5;90;90;megjelent;37;10;19;15;8;1;90;-;-;-;-
2020;1;Borsod-Abaúj-Zemplén;12;gimnázium;nő;nappali;magyar nyelv és irodalom;közép;rendes;Nem;magyar;4;70;70;megjelent;34;9;10;9;7;1;70;-;-;-;-
2020;1;Borsod-Abaúj-Zemplén;12;gimnázium;nő;nappali;magyar nyelv és irodalom;közép;rendes;Nem;magyar;5;97;97;megjelent;37;10;25;15;8;2;97;-;-;-;-
2020;1;Borsod-Abaúj-Zemplén;12;gimnázium;nő;nappali;magyar nyelv és irodalom;közép;rendes;Nem;magyar;4;67;67;megjelent;33;10;9;8;6;1;67;-;-;-;-
2020;1;Borsod-Abaúj-Zemplén;12;gimnázium;nő;nappali;magyar nyelv és irodalom;közép;rendes;Nem;magyar;4;76;76;megjelent;32;9;18;13;3;1;76;-;-;-;-
2020;1;Borsod-Abaúj-Zemplén;12;gimnázium;férfi;nappali;magyar nyelv és irodalom;közép;rendes;Nem;magyar;5;82;82;megjelent;36;7;22;13;2;2;82;-;-;-;-
2020;1;Borsod-Abaúj-Zemplén;12;szakgimnázium/szakközépiskola (2016.09.01-től kifutó rendszerben);nő;nappali;magyar nyelv és irodalom;közép;rendes;Nem;magyar;4;75;75;megjelent;36;8;13;11;5;2;75;-;-;-;-
2020;1;Borsod-Abaúj-Zemplén;12;szakgimnázium/szakközépiskola (2016.09.01-től kifutó rendszerben);férfi;nappali;magyar nyelv és irodalom;közép;rendes;Nem;magyar;3;47;47;megjelent;29;3;4;7;3;1;47;-;-;-;-
2020;1;Borsod-Abaúj-Zemplén;12;gimnázium;nő;nappali;magyar nyelv és irodalom;közép;rendes;Nem;magyar;5;80;80;megjelent;32;10;22;14;0;2;80;-;-;-;-
2020;1;Borsod-Abaúj-Zemplén;12;szakgimnázium/szakközépiskola (2016.09.01-től kifutó rendszerben);férfi;nappali;magyar nyelv és irodalom;közép;rendes;Nem;magyar;4;60;60;megjelent;24;8;14;9;3;2;60;-;-;-;-
2020;1;Borsod-Abaúj-Zemplén;12;szakgimnázium/szakközépiskola (2016.09.01-től kifutó rendszerben);nő;nappali;magyar nyelv és irodalom;közép;rendes;Nem;magyar;2;38;38;megjelent;23;5;3;3;3;1;38;-;-;-;-
2020;1;Borsod-Abaúj-Zemplén;12;szakgimnázium/szakközépiskola (2016.09.01-től kifutó rendszerben);nő;nappali;magyar nyelv és irodalom;közép;rendes;Nem;magyar;5;82;82;megjelent;34;7;20;12;7;2;82;-;-;-;-
2020;1;Borsod-Abaúj-Zemplén;12;szakgimnázium/szakközépiskola (2016.09.01-től kifutó rendszerben);nő;nappali;magyar nyelv és irodalom;közép;rendes;Nem;magyar;3;56;56;megjelent;32;5;10;7;0;2;56;-;-;-;-
2020;1;Borsod-Abaúj-Zemplén;12;szakgimnázium/szakközépiskola (2016.09.01-től kifutó rendszerben);nő;nappali;magyar nyelv és irodalom;közép;rendes;Nem;magyar;3;50;50;megjelent;25;8;7;8;0;2;50;-;-;-;-
2020;1;Borsod-Abaúj-Zemplén;12;szakgimnázium/szakközépiskola (2016.09.01-től kifutó rendszerben);nő;nappali;magyar nyelv és irodalom;közép;rendes;Nem;magyar;5;90;90;megjelent;37;10;19;14;8;2;90;-;-;-;-
2020;1;Borsod-Abaúj-Zemplén;12;szakgimnázium/szakközépiskola (2016.09.01-től kifutó rendszerben);férfi;nappali;magyar nyelv és irodalom;közép;rendes;Nem;magyar;3;40;40;megjelent;27;4;4;4;0;1;40;-;-;-;-
2020;1;Borsod-Abaúj-Zemplén;12;szakgimnázium/szakközépiskola (2016.09.01-től kifutó rendszerben);nő;nappali;magyar nyelv és irodalom;közép;rendes;Nem;magyar;5;80;80;megjelent;32;9;19;13;5;2;80;-;-;-;-
2020;1;Borsod-Abaúj-Zemplén;12;gimnázium;nő;nappali;magyar nyelv és irodalom;közép;rendes;Nem;magyar;3;50;50;megjelent;25;9;5;10;0;1;50;-;-;-;-
2020;1;Borsod-Abaúj-Zemplén;12;gimnázium;nő;nappali;magyar nyelv és irodalom;közép;rendes;Nem;magyar;4;64;64;megjelent;24;8;16;14;0;2;64;-;-;-;-
2020;1;Borsod-Abaúj-Zemplén;12;szakgimnázium/szakközépiskola (2016.09.01-től kifutó rendszerben);nő;nappali;magyar nyelv és irodalom;közép;rendes;Nem;magyar;2;34;34;megjelent;24;6;1;0;3;0;34;-;-;-;-
2020;1;Borsod-Abaúj-Zemplén;12;gimnázium;férfi;nappali;magyar nyelv és irodalom;közép;rendes;Igen;magyar;3;50;46;megjelent;30;4;6;5;0;1;46;-;-;-;-
2020;1;Borsod-Abaúj-Zemplén;12;gimnázium;nő;nappali;magyar nyelv és irodalom;közép;rendes;Nem;magyar;4;70;70;megjelent;32;7;19;10;0;2;70;-;-;-;-
2020;1;Borsod-Abaúj-Zemplén;12;gimnázium;férfi;nappali;magyar nyelv és irodalom;közép;rendes;Nem;magyar;4;76;76;megjelent;35;7;20;12;0;2;76;-;-;-;-
2020;1;Borsod-Abaúj-Zemplén;12;gimnázium;férfi;nappali;magyar nyelv és irodalom;közép;rendes;Nem;magyar;3;49;49;megjelent;28;4;7;9;0;1;49;-;-;-;-
2020;1;Borsod-Abaúj-Zemplén;12;szakgimnázium/szakközépiskola (2016.09.01-től kifutó rendszerben);férfi;nappali;magyar nyelv és irodalom;közép;előrehozott;Nem;magyar;2;25;25;megjelent;19;0;3;3;0;0;25;-;-;-;-
2020;1;Borsod-Abaúj-Zemplén;12;gimnázium;nő;nappali;magyar nyelv és irodalom;közép;rendes;Nem;magyar;4;74;74;megjelent;27;8;19;13;5;2;74;-;-;-;-
2020;1;Borsod-Abaúj-Zemplén;12;gimnázium;férfi;nappali;magyar nyelv és irodalom;közép;rendes;Nem;magyar;4;61;61;megjelent;31;8;13;8;0;1;61;-;-;-;-
2020;1;Borsod-Abaúj-Zemplén;12;gimnázium;férfi;nappali;magyar nyelv és irodalom;közép;rendes;Nem;magyar;4;70;70;megjelent;29;9;19;11;0;2;70;-;-;-;-
2020;1;Borsod-Abaúj-Zemplén;12;gimnázium;nő;nappali;magyar nyelv és irodalom;közép;rendes;Nem;magyar;5;80;80;megjelent;29;9;23;15;2;2;80;-;-;-;-
2020;1;Borsod-Abaúj-Zemplén;12;gimnázium;nő;nappali;magyar nyelv és irodalom;közép;rendes;Nem;magyar;5;83;83;megjelent;33;8;23;14;3;2;83;-;-;-;-
2020;1;Borsod-Abaúj-Zemplén;12;gimnázium;férfi;nappali;magyar nyelv és irodalom;közép;rendes;Nem;magyar;4;60;60;megjelent;22;5;15;11;5;2;60;-;-;-;-
2020;1;Borsod-Abaúj-Zemplén;12;gimnázium;férfi;nappali;magyar nyelv és irodalom;közép;rendes;Nem;magyar;4;75;75;megjelent;32;5;19;11;6;2;75;-;-;-;-
2020;1;Borsod-Abaúj-Zemplén;12;gimnázium;férfi;nappali;magyar nyelv és irodalom;közép;rendes;Nem;magyar;5;80;80;megjelent;33;10;20;15;0;2;80;-;-;-;-
2020;1;Borsod-Abaúj-Zemplén;12;gimnázium;nő;nappali;magyar nyelv és irodalom;közép;rendes;Nem;magyar;5;81;81;megjelent;32;10;20;14;3;2;81;-;-;-;-
2020;1;Borsod-Abaúj-Zemplén;12;gimnázium;férfi;nappali;magyar nyelv és irodalom;közép;rendes;Nem;magyar;5;90;90;megjelent;31;10;25;14;8;2;90;-;-;-;-
2020;1;Borsod-Abaúj-Zemplén;12;gimnázium;nő;nappali;magyar nyelv és irodalom;közép;rendes;Nem;magyar;5;92;92;megjelent;34;10;25;15;6;2;92;-;-;-;-
2020;1;Borsod-Abaúj-Zemplén;12;gimnázium;nő;nappali;magyar nyelv és irodalom;közép;rendes;Nem;magyar;5;90;90;megjelent;33;10;23;15;7;2;90;-;-;-;-
2020;1;Borsod-Abaúj-Zemplén;12;gimnázium;nő;nappali;magyar nyelv és irodalom;közép;rendes;Nem;magyar;5;83;83;megjelent;30;10;20;15;6;2;83;-;-;-;-
2020;1;Borsod-Abaúj-Zemplén;12;gimnázium;nő;nappali;magyar nyelv és irodalom;közép;rendes;Nem;magyar;5;91;91;megjelent;37;10;22;15;5;2;91;-;-;-;-
2020;1;Borsod-Abaúj-Zemplén;12;gimnázium;férfi;nappali;magyar nyelv és irodalom;közép;rendes;Nem;magyar;5;80;80;megjelent;35;9;22;13;0;1;80;-;-;-;-
2020;1;Borsod-Abaúj-Zemplén;12;gimnázium;férfi;nappali;magyar nyelv és irodalom;közép;rendes;Nem;magyar;5;90;90;megjelent;34;9;23;14;8;2;90;-;-;-;-
2020;1;Borsod-Abaúj-Zemplén;12;gimnázium;nő;nappali;magyar nyelv és irodalom;közép;rendes;Nem;magyar;5;90;90;megjelent;33;10;22;15;8;2;90;-;-;-;-
2020;1;Borsod-Abaúj-Zemplén;12;gimnázium;nő;nappali;magyar nyelv és irodalom;közép;rendes;Nem;magyar;5;92;92;megjelent;35;10;23;14;8;2;92;-;-;-;-
2020;1;Borsod-Abaúj-Zemplén;12;gimnázium;nő;nappali;magyar nyelv és irodalom;közép;rendes;Nem;magyar;5;88;88;megjelent;34;9;23;14;6;2;88;-;-;-;-
2020;1;Borsod-Abaúj-Zemplén;12;gimnázium;férfi;nappali;magyar nyelv és irodalom;közép;rendes;Nem;magyar;5;82;82;megjelent;32;9;22;14;3;2;82;-;-;-;-
2020;1;Borsod-Abaúj-Zemplén;12;gimnázium;férfi;nappali;magyar nyelv és irodalom;közép;rendes;Nem;magyar;5;95;95;megjelent;38;10;25;15;5;2;95;-;-;-;-
2020;1;Borsod-Abaúj-Zemplén;12;gimnázium;férfi;nappali;magyar nyelv és irodalom;közép;rendes;Nem;magyar;5;92;92;megjelent;33;10;25;14;8;2;92;-;-;-;-
2020;1;Borsod-Abaúj-Zemplén;12;gimnázium;férfi;nappali;magyar nyelv és irodalom;közép;rendes;Nem;magyar;4;75;75;megjelent;35;8;18;14;0;0;75;-;-;-;-
2020;1;Borsod-Abaúj-Zemplén;12;gimnázium;nő;nappali;magyar nyelv és irodalom;közép;rendes;Nem;magyar;5;81;81;megjelent;35;9;19;15;1;2;81;-;-;-;-
2020;1;Borsod-Abaúj-Zemplén;12;gimnázium;nő;nappali;magyar nyelv és irodalom;közép;rendes;Nem;magyar;5;80;80;megjelent;34;8;20;15;2;1;80;-;-;-;-
2020;1;Borsod-Abaúj-Zemplén;12;gimnázium;nő;nappali;magyar nyelv és irodalom;közép;rendes;Nem;magyar;5;89;89;megjelent;36;9;20;15;7;2;89;-;-;-;-
2020;1;Borsod-Abaúj-Zemplén;12;gimnázium;nő;nappali;magyar nyelv és irodalom;közép;rendes;Nem;magyar;5;85;85;megjelent;31;9;22;15;6;2;85;-;-;-;-
2020;1;Borsod-Abaúj-Zemplén;12;gimnázium;férfi;nappali;magyar nyelv és irodalom;közép;rendes;Nem;magyar;5;81;81;megjelent;36;8;20;13;3;1;81;-;-;-;-
2020;1;Borsod-Abaúj-Zemplén;12;gimnázium;nő;nappali;magyar nyelv és irodalom;közép;rendes;Nem;magyar;5;88;88;megjelent;34;10;20;15;8;1;88;-;-;-;-
2020;1;Borsod-Abaúj-Zemplén;12;gimnázium;nő;nappali;magyar nyelv és irodalom;közép;rendes;Nem;magyar;4;72;72;megjelent;27;7;15;13;8;2;72;-;-;-;-
2020;1;Borsod-Abaúj-Zemplén;12;gimnázium;nő;nappali;magyar nyelv és irodalom;közép;rendes;Nem;magyar;4;75;75;megjelent;31;9;15;13;5;2;75;-;-;-;-
2020;1;Borsod-Abaúj-Zemplén;12;gimnázium;nő;nappali;magyar nyelv és irodalom;közép;rendes;Nem;magyar;5;80;80;megjelent;35;8;19;13;3;2;80;-;-;-;-
2020;1;Borsod-Abaúj-Zemplén;12;gimnázium;férfi;nappali;magyar nyelv és irodalom;közép;rendes;Nem;magyar;3;50;50;megjelent;30;5;9;6;0;0;50;-;-;-;-
2020;1;Borsod-Abaúj-Zemplén;12;gimnázium;férfi;nappali;magyar nyelv és irodalom;közép;rendes;Nem;magyar;3;56;56;megjelent;28;7;11;10;0;0;56;-;-;-;-
2020;1;Borsod-Abaúj-Zemplén;12;gimnázium;férfi;nappali;magyar nyelv és irodalom;közép;rendes;Nem;magyar;4;71;71;megjelent;32;4;14;13;7;1;71;-;-;-;-
2020;1;Borsod-Abaúj-Zemplén;12;gimnázium;férfi;nappali;magyar nyelv és irodalom;közép;rendes;Nem;magyar;3;54;54;megjelent;29;6;11;8;0;0;54;-;-;-;-
2020;1;Borsod-Abaúj-Zemplén;12;gimnázium;férfi;nappali;magyar nyelv és irodalom;közép;rendes;Nem;magyar;4;60;60;megjelent;27;9;14;10;0;0;60;-;-;-;-
2020;1;Borsod-Abaúj-Zemplén;12;gimnázium;nő;nappali;magyar nyelv és irodalom;közép;rendes;Nem;magyar;3;50;50;megjelent;23;5;9;11;0;2;50;-;-;-;-
2020;1;Borsod-Abaúj-Zemplén;12;gimnázium;nő;nappali;magyar nyelv és irodalom;közép;rendes;Nem;magyar;3;55;55;megjelent;19;8;14;12;0;2;55;-;-;-;-
2020;1;Borsod-Abaúj-Zemplén;12;gimnázium;nő;nappali;magyar nyelv és irodalom;közép;rendes;Nem;magyar;5;84;84;megjelent;33;9;20;14;6;2;84;-;-;-;-
2020;1;Borsod-Abaúj-Zemplén;12;gimnázium;férfi;nappali;magyar nyelv és irodalom;közép;rendes;Nem;magyar;4;65;65;megjelent;34;8;13;10;0;0;65;-;-;-;-
2020;1;Borsod-Abaúj-Zemplén;12;gimnázium;nő;nappali;magyar nyelv és irodalom;közép;rendes;Nem;magyar;5;92;92;megjelent;35;10;23;15;7;2;92;-;-;-;-
2020;1;Borsod-Abaúj-Zemplén;12;gimnázium;férfi;nappali;magyar nyelv és irodalom;közép;rendes;Nem;magyar;5;82;82;megjelent;35;9;19;13;4;2;82;-;-;-;-
2020;1;Borsod-Abaúj-Zemplén;12;gimnázium;férfi;nappali;magyar nyelv és irodalom;közép;rendes;Nem;magyar;4;61;61;megjelent;30;7;14;9;0;1;61;-;-;-;-
2020;1;Borsod-Abaúj-Zemplén;12;gimnázium;nő;nappali;magyar nyelv és irodalom;közép;rendes;Nem;magyar;4;77;77;megjelent;35;10;17;13;0;2;77;-;-;-;-
2020;1;Borsod-Abaúj-Zemplén;12;gimnázium;férfi;nappali;magyar nyelv és irodalom;közép;rendes;Nem;magyar;5;87;87;megjelent;36;10;21;14;4;2;87;-;-;-;-
2020;1;Borsod-Abaúj-Zemplén;12;gimnázium;férfi;nappali;magyar nyelv és irodalom;közép;rendes;Nem;magyar;5;85;85;megjelent;26;10;25;15;7;2;85;-;-;-;-
2020;1;Borsod-Abaúj-Zemplén;12;gimnázium;nő;nappali;magyar nyelv és irodalom;közép;rendes;Nem;magyar;5;89;89;megjelent;34;10;25;13;5;2;89;-;-;-;-
2020;1;Borsod-Abaúj-Zemplén;12;gimnázium;férfi;nappali;magyar nyelv és irodalom;közép;rendes;Nem;magyar;4;75;75;megjelent;29;9;22;13;0;2;75;-;-;-;-
2020;1;Borsod-Abaúj-Zemplén;12;gimnázium;nő;nappali;magyar nyelv és irodalom;közép;rendes;Nem;magyar;5;88;88;megjelent;34;9;22;14;7;2;88;-;-;-;-
2020;1;Borsod-Abaúj-Zemplén;12;gimnázium;férfi;nappali;magyar nyelv és irodalom;közép;rendes;Nem;magyar;5;97;97;megjelent;37;10;25;15;8;2;97;-;-;-;-
2020;1;Borsod-Abaúj-Zemplén;12;gimnázium;férfi;nappali;magyar nyelv és irodalom;közép;rendes;Nem;magyar;5;81;81;megjelent;32;10;22;15;0;2;81;-;-;-;-
2020;1;Borsod-Abaúj-Zemplén;12;gimnázium;férfi;nappali;magyar nyelv és irodalom;közép;rendes;Nem;magyar;5;87;87;megjelent;35;8;20;14;8;2;87;-;-;-;-
2020;1;Borsod-Abaúj-Zemplén;12;gimnázium;férfi;nappali;magyar nyelv és irodalom;közép;rendes;Nem;magyar;5;89;89;megjelent;34;9;23;15;6;2;89;-;-;-;-
2020;1;Borsod-Abaúj-Zemplén;12;gimnázium;nő;nappali;magyar nyelv és irodalom;közép;rendes;Nem;magyar;5;82;82;megjelent;33;9;17;13;8;2;82;-;-;-;-
2020;1;Borsod-Abaúj-Zemplén;12;gimnázium;nő;nappali;magyar nyelv és irodalom;közép;rendes;Nem;magyar;5;89;89;megjelent;34;8;23;14;8;2;89;-;-;-;-
2020;1;Borsod-Abaúj-Zemplén;12;gimnázium;nő;nappali;magyar nyelv és irodalom;közép;rendes;Nem;magyar;5;84;84;megjelent;34;9;19;15;5;2;84;-;-;-;-
2020;1;Borsod-Abaúj-Zemplén;12;gimnázium;nő;nappali;magyar nyelv és irodalom;közép;rendes;Nem;magyar;5;87;87;megjelent;34;9;19;15;8;2;87;-;-;-;-
2020;1;Borsod-Abaúj-Zemplén;12;gimnázium;férfi;nappali;magyar nyelv és irodalom;közép;rendes;Nem;magyar;5;81;81;megjelent;34;9;20;14;2;2;81;-;-;-;-
2020;1;Borsod-Abaúj-Zemplén;12;gimnázium;férfi;nappali;magyar nyelv és irodalom;közép;rendes;Nem;magyar;4;74;74;megjelent;28;9;20;13;2;2;74;-;-;-;-
2020;1;Borsod-Abaúj-Zemplén;12;gimnázium;férfi;nappali;magyar nyelv és irodalom;közép;rendes;Nem;magyar;5;95;95;megjelent;36;9;25;15;8;2;95;-;-;-;-
2020;1;Borsod-Abaúj-Zemplén;12;gimnázium;férfi;nappali;magyar nyelv és irodalom;közép;rendes;Nem;magyar;5;90;90;megjelent;35;10;21;14;8;2;90;-;-;-;-
2020;1;Borsod-Abaúj-Zemplén;12;gimnázium;férfi;nappali;magyar nyelv és irodalom;közép;rendes;Nem;magyar;4;72;72;megjelent;28;7;19;14;2;2;72;-;-;-;-
2020;1;Borsod-Abaúj-Zemplén;12;gimnázium;nő;nappali;magyar nyelv és irodalom;közép;rendes;Nem;magyar;5;88;88;megjelent;36;9;20;14;7;2;88;-;-;-;-
2020;1;Borsod-Abaúj-Zemplén;12;gimnázium;férfi;nappali;magyar nyelv és irodalom;közép;rendes;Nem;magyar;5;83;83;megjelent;35;9;22;13;2;2;83;-;-;-;-
2020;1;Borsod-Abaúj-Zemplén;12;gimnázium;nő;nappali;magyar nyelv és irodalom;közép;rendes;Nem;magyar;5;94;94;megjelent;38;10;23;14;7;2;94;-;-;-;-
2020;1;Borsod-Abaúj-Zemplén;12;gimnázium;férfi;nappali;magyar nyelv és irodalom;közép;rendes;Nem;magyar;5;83;83;megjelent;32;9;23;14;3;2;83;-;-;-;-
2020;1;Borsod-Abaúj-Zemplén;12;gimnázium;férfi;nappali;magyar nyelv és irodalom;közép;rendes;Nem;magyar;4;61;61;megjelent;31;5;13;9;3;0;61;-;-;-;-
2020;1;Borsod-Abaúj-Zemplén;12;szakgimnázium/szakközépiskola (2016.09.01-től kifutó rendszerben);férfi;nappali;magyar nyelv és irodalom;közép;rendes;Nem;magyar;2;30;30;megjelent;16;6;2;5;0;1;30;-;-;-;-
2020;1;Borsod-Abaúj-Zemplén;12;gimnázium;férfi;nappali;magyar nyelv és irodalom;közép;rendes;Nem;magyar;5;80;80;megjelent;32;8;20;15;3;2;80;-;-;-;-
2020;1;Borsod-Abaúj-Zemplén;12;gimnázium;férfi;nappali;magyar nyelv és irodalom;közép;rendes;Nem;magyar;4;70;70;megjelent;33;10;14;11;0;2;70;-;-;-;-
2020;1;Borsod-Abaúj-Zemplén;12;gimnázium;férfi;nappali;magyar nyelv és irodalom;közép;rendes;Nem;magyar;4;67;67;megjelent;29;7;19;12;0;0;67;-;-;-;-
2020;1;Borsod-Abaúj-Zemplén;12;gimnázium;férfi;nappali;magyar nyelv és irodalom;közép;rendes;Nem;magyar;4;68;68;megjelent;30;9;15;12;2;0;68;-;-;-;-
2020;1;Borsod-Abaúj-Zemplén;12;gimnázium;férfi;nappali;magyar nyelv és irodalom;közép;rendes;Nem;magyar;4;65;65;megjelent;36;8;12;8;0;1;65;-;-;-;-
2020;1;Borsod-Abaúj-Zemplén;12;gimnázium;nő;nappali;magyar nyelv és irodalom;közép;rendes;Nem;magyar;5;83;83;megjelent;32;10;19;15;6;1;83;-;-;-;-
2020;1;Borsod-Abaúj-Zemplén;12;gimnázium;férfi;nappali;magyar nyelv és irodalom;közép;rendes;Nem;magyar;4;72;72;megjelent;27;9;17;14;4;1;72;-;-;-;-
2020;1;Borsod-Abaúj-Zemplén;12;gimnázium;nő;nappali;magyar nyelv és irodalom;közép;rendes;Nem;magyar;5;80;80;megjelent;34;10;19;15;0;2;80;-;-;-;-
2020;1;Borsod-Abaúj-Zemplén;12;gimnázium;férfi;nappali;magyar nyelv és irodalom;közép;rendes;Nem;magyar;4;60;60;megjelent;27;7;12;12;0;2;60;-;-;-;-
2020;1;Borsod-Abaúj-Zemplén;12;gimnázium;nő;nappali;magyar nyelv és irodalom;közép;rendes;Nem;magyar;4;74;74;megjelent;24;10;18;15;5;2;74;-;-;-;-
2020;1;Borsod-Abaúj-Zemplén;12;gimnázium;férfi;nappali;magyar nyelv és irodalom;közép;rendes;Nem;magyar;4;60;60;megjelent;32;9;9;10;0;0;60;-;-;-;-
2020;1;Borsod-Abaúj-Zemplén;12;gimnázium;nő;nappali;magyar nyelv és irodalom;közép;rendes;Nem;magyar;4;77;77;megjelent;30;9;16;12;8;2;77;-;-;-;-
2020;1;Borsod-Abaúj-Zemplén;12;gimnázium;nő;nappali;magyar nyelv és irodalom;közép;rendes;Nem;magyar;4;60;60;megjelent;27;7;16;9;0;1;60;-;-;-;-
2020;1;Borsod-Abaúj-Zemplén;12;gimnázium;nő;nappali;magyar nyelv és irodalom;közép;rendes;Nem;magyar;4;69;69;megjelent;27;8;19;11;2;2;69;-;-;-;-
2020;1;Borsod-Abaúj-Zemplén;12;gimnázium;nő;nappali;magyar nyelv és irodalom;közép;rendes;Nem;magyar;5;86;86;megjelent;32;10;22;13;7;2;86;-;-;-;-
2020;1;Borsod-Abaúj-Zemplén;12;gimnázium;férfi;nappali;magyar nyelv és irodalom;közép;rendes;Nem;magyar;3;51;51;megjelent;23;8;6;10;4;0;51;-;-;-;-
2020;1;Borsod-Abaúj-Zemplén;12;gimnázium;nő;nappali;magyar nyelv és irodalom;közép;rendes;Nem;magyar;4;73;73;megjelent;31;8;17;11;5;1;73;-;-;-;-
2020;1;Borsod-Abaúj-Zemplén;12;gimnázium;nő;nappali;magyar nyelv és irodalom;közép;rendes;Nem;magyar;5;81;81;megjelent;31;10;19;13;6;2;81;-;-;-;-
2020;1;Borsod-Abaúj-Zemplén;12;gimnázium;férfi;nappali;magyar nyelv és irodalom;közép;rendes;Nem;magyar;5;80;80;megjelent;34;10;18;12;5;1;80;-;-;-;-
2020;1;Borsod-Abaúj-Zemplén;12;gimnázium;férfi;nappali;magyar nyelv és irodalom;közép;rendes;Nem;magyar;4;70;70;megjelent;29;9;18;12;2;0;70;-;-;-;-
2020;1;Borsod-Abaúj-Zemplén;12;gimnázium;férfi;nappali;magyar nyelv és irodalom;közép;rendes;Nem;magyar;4;68;68;megjelent;28;9;18;11;0;2;68;-;-;-;-
2020;1;Borsod-Abaúj-Zemplén;12;gimnázium;férfi;nappali;magyar nyelv és irodalom;közép;rendes;Nem;magyar;4;71;71;megjelent;34;7;14;7;8;1;71;-;-;-;-
2020;1;Borsod-Abaúj-Zemplén;12;gimnázium;nő;nappali;magyar nyelv és irodalom;közép;rendes;Nem;magyar;3;56;56;megjelent;23;8;5;10;8;2;56;-;-;-;-
2020;1;Borsod-Abaúj-Zemplén;12;gimnázium;nő;nappali;magyar nyelv és irodalom;közép;rendes;Nem;magyar;5;80;80;megjelent;32;8;19;12;7;2;80;-;-;-;-
2020;1;Borsod-Abaúj-Zemplén;12;gimnázium;férfi;nappali;magyar nyelv és irodalom;közép;rendes;Igen;magyar;5;96;48;megjelent;-;-;-;-;-;-;-;24;9;15;48
2020;1;Borsod-Abaúj-Zemplén;12;gimnázium;férfi;nappali;magyar nyelv és irodalom;közép;rendes;Nem;magyar;5;88;88;megjelent;37;10;20;13;7;1;88;-;-;-;-
2020;1;Borsod-Abaúj-Zemplén;12;gimnázium;férfi;nappali;magyar nyelv és irodalom;közép;rendes;Nem;magyar;3;47;47;megjelent;22;10;6;8;0;1;47;-;-;-;-
2020;1;Borsod-Abaúj-Zemplén;12;gimnázium;férfi;nappali;magyar nyelv és irodalom;közép;rendes;Igen;magyar;5;82;41;megjelent;-;-;-;-;-;-;-;22;9;10;41
2020;1;Borsod-Abaúj-Zemplén;12;gimnázium;férfi;nappali;magyar nyelv és irodalom;közép;rendes;Nem;magyar;3;42;42;megjelent;22;8;4;8;0;0;42;-;-;-;-
2020;1;Borsod-Abaúj-Zemplén;12;gimnázium;nő;nappali;magyar nyelv és irodalom;közép;rendes;Nem;magyar;5;89;89;megjelent;36;9;22;13;7;2;89;-;-;-;-
2020;1;Borsod-Abaúj-Zemplén;12;gimnázium;férfi;nappali;magyar nyelv és irodalom;közép;rendes;Nem;magyar;3;51;51;megjelent;27;5;6;8;4;1;51;-;-;-;-
2020;1;Borsod-Abaúj-Zemplén;12;gimnázium;férfi;nappali;magyar nyelv és irodalom;közép;rendes;Nem;magyar;4;62;62;megjelent;27;10;14;11;0;0;62;-;-;-;-
2020;1;Borsod-Abaúj-Zemplén;12;gimnázium;férfi;nappali;magyar nyelv és irodalom;közép;rendes;Nem;magyar;3;41;41;megjelent;24;0;8;8;0;1;41;-;-;-;-
2020;1;Borsod-Abaúj-Zemplén;12;gimnázium;férfi;nappali;magyar nyelv és irodalom;közép;rendes;Nem;magyar;2;35;35;megjelent;23;0;5;7;0;0;35;-;-;-;-
2020;1;Borsod-Abaúj-Zemplén;12;gimnázium;férfi;nappali;magyar nyelv és irodalom;közép;rendes;Nem;magyar;5;86;86;megjelent;34;10;19;15;6;2;86;-;-;-;-
2020;1;Borsod-Abaúj-Zemplén;12;gimnázium;férfi;nappali;magyar nyelv és irodalom;közép;rendes;Nem;magyar;3;44;44;megjelent;25;8;5;6;0;0;44;-;-;-;-
2020;1;Borsod-Abaúj-Zemplén;12;gimnázium;férfi;nappali;magyar nyelv és irodalom;közép;rendes;Nem;magyar;3;41;41;megjelent;20;8;5;8;0;0;41;-;-;-;-
2020;1;Borsod-Abaúj-Zemplén;12;gimnázium;nő;nappali;magyar nyelv és irodalom;közép;rendes;Nem;magyar;4;65;65;megjelent;31;7;15;11;0;1;65;-;-;-;-
2020;1;Borsod-Abaúj-Zemplén;12;gimnázium;nő;nappali;magyar nyelv és irodalom;közép;rendes;Nem;magyar;5;84;84;megjelent;35;10;22;15;0;2;84;-;-;-;-
2020;1;Borsod-Abaúj-Zemplén;12;gimnázium;nő;nappali;magyar nyelv és irodalom;közép;rendes;Nem;magyar;5;80;80;megjelent;34;9;20;15;0;2;80;-;-;-;-
2020;1;Borsod-Abaúj-Zemplén;12;gimnázium;férfi;nappali;magyar nyelv és irodalom;közép;rendes;Nem;magyar;4;70;70;megjelent;24;9;19;13;3;2;70;-;-;-;-
2020;1;Borsod-Abaúj-Zemplén;12;gimnázium;férfi;nappali;magyar nyelv és irodalom;közép;rendes;Nem;magyar;3;55;55;megjelent;32;7;5;10;0;1;55;-;-;-;-
2020;1;Borsod-Abaúj-Zemplén;12;gimnázium;nő;nappali;magyar nyelv és irodalom;közép;rendes;Nem;magyar;5;80;80;megjelent;33;10;21;14;0;2;80;-;-;-;-
2020;1;Borsod-Abaúj-Zemplén;12;gimnázium;nő;nappali;magyar nyelv és irodalom;közép;rendes;Nem;magyar;5;82;82;megjelent;32;9;24;15;0;2;82;-;-;-;-
2020;1;Borsod-Abaúj-Zemplén;12;gimnázium;férfi;nappali;magyar nyelv és irodalom;közép;rendes;Nem;magyar;4;63;63;megjelent;34;7;9;7;4;2;63;-;-;-;-
2020;1;Borsod-Abaúj-Zemplén;12;gimnázium;nő;nappali;magyar nyelv és irodalom;közép;rendes;Nem;magyar;4;64;64;megjelent;31;9;5;11;6;2;64;-;-;-;-
2020;1;Borsod-Abaúj-Zemplén;12;gimnázium;férfi;nappali;magyar nyelv és irodalom;közép;rendes;Nem;magyar;2;31;31;megjelent;21;0;4;6;0;0;31;-;-;-;-
2020;1;Borsod-Abaúj-Zemplén;12;gimnázium;nő;nappali;magyar nyelv és irodalom;közép;rendes;Nem;magyar;5;86;86;megjelent;32;8;22;15;7;2;86;-;-;-;-
2020;1;Borsod-Abaúj-Zemplén;12;gimnázium;nő;nappali;magyar nyelv és irodalom;közép;rendes;Nem;magyar;4;75;75;megjelent;37;8;12;14;2;2;75;-;-;-;-
2020;1;Borsod-Abaúj-Zemplén;12;gimnázium;nő;nappali;magyar nyelv és irodalom;közép;rendes;Nem;magyar;5;80;80;megjelent;31;9;21;15;3;1;80;-;-;-;-
2020;1;Borsod-Abaúj-Zemplén;12;gimnázium;nő;nappali;magyar nyelv és irodalom;közép;rendes;Nem;magyar;5;89;89;megjelent;34;10;24;15;4;2;89;-;-;-;-
2020;1;Borsod-Abaúj-Zemplén;12;gimnázium;férfi;nappali;magyar nyelv és irodalom;közép;rendes;Nem;magyar;4;67;67;megjelent;30;10;13;13;0;1;67;-;-;-;-
2020;1;Borsod-Abaúj-Zemplén;12;gimnázium;férfi;nappali;magyar nyelv és irodalom;közép;rendes;Nem;magyar;4;75;75;megjelent;30;7;18;14;4;2;75;-;-;-;-
2020;1;Borsod-Abaúj-Zemplén;12;gimnázium;nő;nappali;magyar nyelv és irodalom;közép;rendes;Nem;magyar;4;66;66;megjelent;30;10;9;13;2;2;66;-;-;-;-
2020;1;Borsod-Abaúj-Zemplén;12;gimnázium;férfi;nappali;magyar nyelv és irodalom;közép;rendes;Nem;magyar;5;93;93;megjelent;35;10;24;15;7;2;93;-;-;-;-
2020;1;Borsod-Abaúj-Zemplén;12;szakgimnázium/szakközépiskola (2016.09.01-től kifutó rendszerben);nő;nappali;magyar nyelv és irodalom;közép;rendes;Nem;magyar;2;27;27;megjelent;14;3;4;5;0;1;27;-;-;-;-
2020;1;Somogy;12;gimnázium;nő;nappali;magyar nyelv és irodalom;közép;rendes;Nem;magyar;5;94;94;megjelent;39;10;20;15;8;2;94;-;-;-;-
2020;1;Somogy;12;gimnázium;férfi;nappali;magyar nyelv és irodalom;közép;rendes;Nem;magyar;5;87;87;megjelent;36;9;19;15;6;2;87;-;-;-;-
2020;1;Somogy;12;gimnázium;férfi;nappali;magyar nyelv és irodalom;közép;rendes;Nem;magyar;5;88;88;megjelent;38;9;21;13;5;2;88;-;-;-;-
2020;1;Somogy;12;gimnázium;férfi;nappali;magyar nyelv és irodalom;közép;rendes;Nem;magyar;5;80;80;megjelent;37;9;16;10;7;1;80;-;-;-;-
2020;1;Somogy;12;szakgimnázium/szakközépiskola (2016.09.01-től kifutó rendszerben);nő;nappali;magyar nyelv és irodalom;közép;rendes;Nem;magyar;2;31;31;megjelent;17;4;6;4;0;0;31;-;-;-;-
2020;1;Somogy;12;szakgimnázium/szakközépiskola (2016.09.01-től kifutó rendszerben);nő;nappali;magyar nyelv és irodalom;közép;rendes;Nem;magyar;3;44;44;megjelent;23;7;5;8;0;1;44;-;-;-;-
2020;1;Somogy;12;szakgimnázium/szakközépiskola (2016.09.01-től kifutó rendszerben);nő;nappali;magyar nyelv és irodalom;közép;rendes;Nem;magyar;4;73;73;megjelent;31;9;19;11;2;1;73;-;-;-;-
2020;1;Somogy;12;szakgimnázium/szakközépiskola (2016.09.01-től kifutó rendszerben);nő;nappali;magyar nyelv és irodalom;közép;rendes;Nem;magyar;2;36;36;megjelent;17;3;9;6;0;1;36;-;-;-;-
2020;1;Somogy;12;szakgimnázium/szakközépiskola (2016.09.01-től kifutó rendszerben);nő;nappali;magyar nyelv és irodalom;közép;rendes;Nem;magyar;3;40;40;megjelent;17;3;12;8;0;0;40;-;-;-;-
2020;1;Somogy;12;szakgimnázium/szakközépiskola (2016.09.01-től kifutó rendszerben);nő;nappali;magyar nyelv és irodalom;közép;rendes;Nem;magyar;2;35;35;megjelent;18;6;4;6;0;1;35;-;-;-;-
2020;1;Somogy;12;szakgimnázium/szakközépiskola (2016.09.01-től kifutó rendszerben);nő;nappali;magyar nyelv és irodalom;közép;rendes;Nem;magyar;3;47;47;megjelent;19;6;13;9;0;0;47;-;-;-;-
2020;1;Somogy;12;szakgimnázium/szakközépiskola (2016.09.01-től kifutó rendszerben);nő;nappali;magyar nyelv és irodalom;közép;rendes;Nem;magyar;3;48;48;megjelent;21;8;11;8;0;0;48;-;-;-;-
2020;1;Somogy;12;szakgimnázium/szakközépiskola (2016.09.01-től kifutó rendszerben);nő;nappali;magyar nyelv és irodalom;közép;rendes;Nem;magyar;2;26;26;megjelent;14;3;3;5;0;1;26;-;-;-;-
2020;1;Somogy;12;szakgimnázium/szakközépiskola (2016.09.01-től kifutó rendszerben);nő;nappali;magyar nyelv és irodalom;közép;rendes;Nem;magyar;3;55;55;megjelent;22;5;16;9;1;2;55;-;-;-;-
2020;1;Somogy;12;szakgimnázium/szakközépiskola (2016.09.01-től kifutó rendszerben);nő;nappali;magyar nyelv és irodalom;közép;rendes;Nem;magyar;4;60;60;megjelent;27;7;14;10;0;2;60;-;-;-;-
2020;1;Somogy;12;szakgimnázium/szakközépiskola (2016.09.01-től kifutó rendszerben);nő;nappali;magyar nyelv és irodalom;közép;rendes;Nem;magyar;3;43;43;megjelent;19;2;12;7;2;1;43;-;-;-;-
2020;1;Somogy;12;szakgimnázium/szakközépiskola (2016.09.01-től kifutó rendszerben);férfi;nappali;magyar nyelv és irodalom;közép;rendes;Nem;magyar;4;70;70;megjelent;27;8;19;12;3;1;70;-;-;-;-
2020;1;Somogy;12;szakgimnázium/szakközépiskola (2016.09.01-től kifutó rendszerben);nő;nappali;magyar nyelv és irodalom;közép;rendes;Nem;magyar;2;28;28;megjelent;14;4;5;5;0;0;28;-;-;-;-
2020;1;Somogy;12;szakgimnázium/szakközépiskola (2016.09.01-től kifutó rendszerben);nő;nappali;magyar nyelv és irodalom;közép;rendes;Nem;magyar;3;42;42;megjelent;19;5;9;8;0;1;42;-;-;-;-
2020;1;Somogy;12;szakgimnázium/szakközépiskola (2016.09.01-től kifutó rendszerben);nő;nappali;magyar nyelv és irodalom;közép;rendes;Nem;magyar;5;81;81;megjelent;31;9;21;13;6;1;81;-;-;-;-
2020;1;Somogy;12;szakgimnázium/szakközépiskola (2016.09.01-től kifutó rendszerben);nő;nappali;magyar nyelv és irodalom;közép;rendes;Nem;magyar;3;40;40;megjelent;20;4;10;6;0;0;40;-;-;-;-
2020;1;Somogy;12;szakgimnázium/szakközépiskola (2016.09.01-től kifutó rendszerben);nő;nappali;magyar nyelv és irodalom;közép;rendes;Nem;magyar;4;65;65;megjelent;30;8;14;11;0;2;65;-;-;-;-
2020;1;Somogy;12;szakgimnázium/szakközépiskola (2016.09.01-től kifutó rendszerben);nő;nappali;magyar nyelv és irodalom;közép;rendes;Nem;magyar;3;44;44;megjelent;22;4;8;8;0;2;44;-;-;-;-
2020;1;Somogy;12;szakgimnázium/szakközépiskola (2016.09.01-től kifutó rendszerben);nő;nappali;magyar nyelv és irodalom;közép;rendes;Nem;magyar;4;75;75;megjelent;32;9;20;11;2;1;75;-;-;-;-
2020;1;Somogy;12;szakgimnázium/szakközépiskola (2016.09.01-től kifutó rendszerben);nő;nappali;magyar nyelv és irodalom;közép;rendes;Nem;magyar;3;43;43;megjelent;26;4;5;7;0;1;43;-;-;-;-
2020;1;Somogy;12;szakgimnázium/szakközépiskola (2016.09.01-től kifutó rendszerben);férfi;nappali;magyar nyelv és irodalom;közép;rendes;Nem;magyar;4;60;60;megjelent;34;5;11;8;0;2;60;-;-;-;-
2020;1;Somogy;12;szakgimnázium/szakközépiskola (2016.09.01-től kifutó rendszerben);férfi;nappali;magyar nyelv és irodalom;közép;rendes;Nem;magyar;4;61;61;megjelent;30;6;10;11;4;0;61;-;-;-;-
2020;1;Somogy;12;szakgimnázium/szakközépiskola (2016.09.01-től kifutó rendszerben);férfi;nappali;magyar nyelv és irodalom;közép;rendes;Nem;magyar;3;46;46;megjelent;21;8;7;9;0;1;46;-;-;-;-
2020;1;Somogy;12;szakgimnázium/szakközépiskola (2016.09.01-től kifutó rendszerben);férfi;nappali;magyar nyelv és irodalom;közép;rendes;Nem;magyar;3;54;54;megjelent;28;7;10;8;0;1;54;-;-;-;-
2020;1;Somogy;12;szakgimnázium/szakközépiskola (2016.09.01-től kifutó rendszerben);férfi;nappali;magyar nyelv és irodalom;közép;rendes;Nem;magyar;3;54;54;megjelent;26;6;9;11;0;2;54;-;-;-;-
2020;1;Somogy;12;szakgimnázium/szakközépiskola (2016.09.01-től kifutó rendszerben);férfi;nappali;magyar nyelv és irodalom;közép;rendes;Nem;magyar;4;63;63;megjelent;30;8;12;12;0;1;63;-;-;-;-
2020;1;Somogy;12;szakgimnázium/szakközépiskola (2016.09.01-től kifutó rendszerben);férfi;nappali;magyar nyelv és irodalom;közép;rendes;Nem;magyar;4;61;61;megjelent;28;8;13;12;0;0;61;-;-;-;-
2020;1;Somogy;12;szakgimnázium/szakközépiskola (2016.09.01-től kifutó rendszerben);férfi;nappali;magyar nyelv és irodalom;közép;rendes;Nem;magyar;4;62;62;megjelent;33;8;9;12;0;0;62;-;-;-;-
2020;1;Somogy;12;szakgimnázium/szakközépiskola (2016.09.01-től kifutó rendszerben);férfi;nappali;magyar nyelv és irodalom;közép;rendes;Nem;magyar;3;54;54;megjelent;26;7;10;11;0;0;54;-;-;-;-
2020;1;Somogy;12;szakgimnázium/szakközépiskola (2016.09.01-től kifutó rendszerben);férfi;nappali;magyar nyelv és irodalom;közép;rendes;Nem;magyar;4;67;67;megjelent;33;8;12;13;0;1;67;-;-;-;-
2020;1;Somogy;12;szakgimnázium/szakközépiskola (2016.09.01-től kifutó rendszerben);férfi;nappali;magyar nyelv és irodalom;közép;rendes;Nem;magyar;3;47;47;megjelent;21;6;10;10;0;0;47;-;-;-;-
2020;1;Somogy;12;szakgimnázium/szakközépiskola (2016.09.01-től kifutó rendszerben);férfi;nappali;magyar nyelv és irodalom;közép;rendes;Nem;magyar;2;36;36;megjelent;22;3;5;6;0;0;36;-;-;-;-
2020;1;Somogy;12;szakgimnázium/szakközépiskola (2016.09.01-től kifutó rendszerben);férfi;nappali;magyar nyelv és irodalom;közép;rendes;Igen;magyar;2;35;33;megjelent;15;6;4;8;0;0;33;-;-;-;-
2020;1;Somogy;12;szakgimnázium/szakközépiskola (2016.09.01-től kifutó rendszerben);férfi;nappali;magyar nyelv és irodalom;közép;rendes;Nem;magyar;4;62;62;megjelent;31;7;10;13;0;1;62;-;-;-;-
2020;1;Somogy;12;szakgimnázium/szakközépiskola (2016.09.01-től kifutó rendszerben);férfi;nappali;magyar nyelv és irodalom;közép;rendes;Nem;magyar;4;60;60;megjelent;26;10;6;10;7;1;60;-;-;-;-
2020;1;Somogy;12;szakgimnázium/szakközépiskola (2016.09.01-től kifutó rendszerben);férfi;nappali;magyar nyelv és irodalom;közép;rendes;Nem;magyar;3;56;56;megjelent;29;8;7;11;0;1;56;-;-;-;-
2020;1;Somogy;12;szakgimnázium/szakközépiskola (2016.09.01-től kifutó rendszerben);férfi;nappali;magyar nyelv és irodalom;közép;rendes;Nem;magyar;3;46;46;megjelent;24;5;5;10;0;2;46;-;-;-;-
2020;1;Somogy;12;szakgimnázium/szakközépiskola (2016.09.01-től kifutó rendszerben);férfi;nappali;magyar nyelv és irodalom;közép;rendes;Nem;magyar;3;49;49;megjelent;27;5;4;10;3;0;49;-;-;-;-
2020;1;Somogy;12;szakgimnázium/szakközépiskola (2016.09.01-től kifutó rendszerben);férfi;nappali;magyar nyelv és irodalom;közép;rendes;Nem;magyar;3;55;55;megjelent;26;8;7;12;2;0;55;-;-;-;-
2020;1;Somogy;12;szakgimnázium/szakközépiskola (2016.09.01-től kifutó rendszerben);férfi;nappali;magyar nyelv és irodalom;közép;rendes;Nem;magyar;4;61;61;megjelent;34;7;8;11;0;1;61;-;-;-;-
2020;1;Somogy;12;szakgimnázium/szakközépiskola (2016.09.01-től kifutó rendszerben);férfi;nappali;magyar nyelv és irodalom;közép;rendes;Nem;magyar;3;41;41;megjelent;24;8;3;6;0;0;41;-;-;-;-
2020;1;Somogy;12;szakgimnázium/szakközépiskola (2016.09.01-től kifutó rendszerben);férfi;nappali;magyar nyelv és irodalom;közép;rendes;Nem;magyar;3;47;47;megjelent;27;5;6;9;0;0;47;-;-;-;-
2020;1;Somogy;12;szakgimnázium/szakközépiskola (2016.09.01-től kifutó rendszerben);férfi;nappali;magyar nyelv és irodalom;közép;rendes;Nem;magyar;3;41;41;megjelent;26;4;5;6;0;0;41;-;-;-;-
2020;1;Somogy;12;szakgimnázium/szakközépiskola (2016.09.01-től kifutó rendszerben);férfi;nappali;magyar nyelv és irodalom;közép;rendes;Nem;magyar;4;60;60;megjelent;30;7;12;11;0;0;60;-;-;-;-
2020;1;Somogy;12;szakgimnázium/szakközépiskola (2016.09.01-től kifutó rendszerben);férfi;nappali;magyar nyelv és irodalom;közép;rendes;Nem;magyar;3;48;48;megjelent;29;7;4;7;0;1;48;-;-;-;-
2020;1;Somogy;12;szakgimnázium/szakközépiskola (2016.09.01-től kifutó rendszerben);férfi;nappali;magyar nyelv és irodalom;közép;rendes;Nem;magyar;2;38;38;megjelent;24;6;3;5;0;0;38;-;-;-;-
2020;1;Somogy;12;szakgimnázium/szakközépiskola (2016.09.01-től kifutó rendszerben);férfi;nappali;magyar nyelv és irodalom;közép;rendes;Nem;magyar;4;63;63;megjelent;37;0;11;14;0;1;63;-;-;-;-
2020;1;Somogy;12;szakgimnázium/szakközépiskola (2016.09.01-től kifutó rendszerben);nő;nappali;magyar nyelv és irodalom;közép;rendes;Nem;magyar;4;62;62;megjelent;31;9;14;7;0;1;62;-;-;-;-
2020;1;Somogy;12;szakgimnázium/szakközépiskola (2016.09.01-től kifutó rendszerben);férfi;nappali;magyar nyelv és irodalom;közép;rendes;Nem;magyar;3;56;56;megjelent;29;7;10;7;2;1;56;-;-;-;-
2020;1;Somogy;12;szakgimnázium/szakközépiskola (2016.09.01-től kifutó rendszerben);nő;nappali;magyar nyelv és irodalom;közép;rendes;Nem;magyar;5;90;90;megjelent;36;9;24;13;7;1;90;-;-;-;-
2020;1;Somogy;12;szakgimnázium/szakközépiskola (2016.09.01-től kifutó rendszerben);nő;nappali;magyar nyelv és irodalom;közép;rendes;Nem;magyar;4;71;71;megjelent;34;7;18;10;0;2;71;-;-;-;-
2020;1;Somogy;12;szakgimnázium/szakközépiskola (2016.09.01-től kifutó rendszerben);férfi;nappali;magyar nyelv és irodalom;közép;rendes;Nem;magyar;3;59;59;megjelent;31;8;13;6;0;1;59;-;-;-;-
2020;1;Somogy;12;szakgimnázium/szakközépiskola (2016.09.01-től kifutó rendszerben);nő;nappali;magyar nyelv és irodalom;közép;rendes;Nem;magyar;4;68;68;megjelent;34;8;16;9;0;1;68;-;-;-;-
2020;1;Somogy;12;szakgimnázium/szakközépiskola (2016.09.01-től kifutó rendszerben);nő;nappali;magyar nyelv és irodalom;közép;rendes;Nem;magyar;4;68;68;megjelent;30;7;18;11;0;2;68;-;-;-;-
2020;1;Somogy;12;szakgimnázium/szakközépiskola (2016.09.01-től kifutó rendszerben);férfi;nappali;magyar nyelv és irodalom;közép;rendes;Nem;magyar;2;36;36;megjelent;18;5;9;4;0;0;36;-;-;-;-
2020;1;Somogy;12;szakgimnázium/szakközépiskola (2016.09.01-től kifutó rendszerben);nő;nappali;magyar nyelv és irodalom;közép;rendes;Nem;magyar;5;80;80;megjelent;31;8;23;12;4;2;80;-;-;-;-
2020;1;Somogy;12;gimnázium;férfi;nappali;magyar nyelv és irodalom;közép;rendes;Nem;magyar;4;76;76;megjelent;31;9;17;10;8;1;76;-;-;-;-
2020;1;Somogy;12;szakgimnázium/szakközépiskola (2016.09.01-től kifutó rendszerben);nő;nappali;magyar nyelv és irodalom;közép;rendes;Nem;magyar;3;56;56;megjelent;29;7;9;9;0;2;56;-;-;-;-
2020;1;Somogy;12;szakgimnázium/szakközépiskola (2016.09.01-től kifutó rendszerben);nő;nappali;magyar nyelv és irodalom;közép;rendes;Nem;magyar;4;61;61;megjelent;31;5;15;9;0;1;61;-;-;-;-
2020;1;Somogy;12;szakgimnázium/szakközépiskola (2016.09.01-től kifutó rendszerben);nő;nappali;magyar nyelv és irodalom;közép;rendes;Nem;magyar;4;75;75;megjelent;38;8;16;11;0;2;75;-;-;-;-
2020;1;Somogy;12;szakgimnázium/szakközépiskola (2016.09.01-től kifutó rendszerben);férfi;nappali;magyar nyelv és irodalom;közép;rendes;Nem;magyar;3;40;40;megjelent;21;5;8;6;0;0;40;-;-;-;-
2020;1;Somogy;12;szakgimnázium/szakközépiskola (2016.09.01-től kifutó rendszerben);nő;nappali;magyar nyelv és irodalom;közép;rendes;Nem;magyar;2;36;36;megjelent;22;5;3;4;0;2;36;-;-;-;-
2020;1;Somogy;13;szakközép;nő;nappali;magyar nyelv és irodalom;közép;rendes;Igen;magyar;3;58;54;megjelent;29;9;6;9;0;1;54;-;-;-;-
2020;1;Somogy;12;gimnázium;nő;nappali;magyar nyelv és irodalom;közép;rendes;Nem;magyar;5;80;80;megjelent;34;6;19;11;8;2;80;-;-;-;-
2020;1;Somogy;12;gimnázium;nő;nappali;magyar nyelv és irodalom;közép;rendes;Nem;magyar;5;91;91;megjelent;37;9;24;12;8;1;91;-;-;-;-
2020;1;Somogy;12;gimnázium;nő;nappali;magyar nyelv és irodalom;közép;rendes;Nem;magyar;5;87;87;megjelent;38;8;21;11;8;1;87;-;-;-;-
2020;1;Somogy;12;gimnázium;férfi;nappali;magyar nyelv és irodalom;közép;rendes;Nem;magyar;4;71;71;megjelent;35;7;18;8;3;0;71;-;-;-;-
2020;1;Somogy;12;gimnázium;nő;nappali;magyar nyelv és irodalom;közép;rendes;Nem;magyar;5;88;88;megjelent;36;9;22;12;8;1;88;-;-;-;-
2020;1;Somogy;12;gimnázium;férfi;nappali;magyar nyelv és irodalom;közép;rendes;Nem;magyar;4;60;60;megjelent;32;7;8;8;5;0;60;-;-;-;-
2020;1;Somogy;12;gimnázium;nő;nappali;magyar nyelv és irodalom;közép;rendes;Nem;magyar;4;67;67;megjelent;35;9;8;8;5;2;67;-;-;-;-
2020;1;Somogy;12;gimnázium;nő;nappali;magyar nyelv és irodalom;közép;rendes;Nem;magyar;5;80;80;megjelent;37;10;15;9;8;1;80;-;-;-;-
2020;1;Somogy;12;gimnázium;nő;nappali;magyar nyelv és irodalom;közép;rendes;Nem;magyar;5;83;83;megjelent;35;8;18;12;8;2;83;-;-;-;-
2020;1;Somogy;12;gimnázium;férfi;nappali;magyar nyelv és irodalom;közép;rendes;Nem;magyar;4;74;74;megjelent;35;8;14;9;7;1;74;-;-;-;-
2020;1;Somogy;12;gimnázium;férfi;nappali;magyar nyelv és irodalom;közép;rendes;Nem;magyar;4;76;76;megjelent;35;7;15;9;8;2;76;-;-;-;-
2020;1;Somogy;12;gimnázium;nő;nappali;magyar nyelv és irodalom;közép;rendes;Nem;magyar;5;87;87;megjelent;35;9;22;12;8;1;87;-;-;-;-
2020;1;Somogy;12;gimnázium;nő;nappali;magyar nyelv és irodalom;közép;rendes;Nem;magyar;5;85;85;megjelent;38;8;19;11;8;1;85;-;-;-;-
2020;1;Somogy;12;gimnázium;nő;nappali;magyar nyelv és irodalom;közép;rendes;Nem;magyar;5;80;80;megjelent;37;8;14;11;8;2;80;-;-;-;-
2020;1;Somogy;12;gimnázium;férfi;nappali;magyar nyelv és irodalom;közép;rendes;Nem;magyar;4;74;74;megjelent;36;7;14;9;8;0;74;-;-;-;-
2020;1;Somogy;12;gimnázium;nő;nappali;magyar nyelv és irodalom;közép;rendes;Nem;magyar;5;82;82;megjelent;35;7;19;12;8;1;82;-;-;-;-
2020;1;Somogy;12;gimnázium;férfi;nappali;magyar nyelv és irodalom;közép;rendes;Nem;magyar;5;85;85;megjelent;39;8;18;11;8;1;85;-;-;-;-
2020;1;Somogy;12;gimnázium;férfi;nappali;magyar nyelv és irodalom;közép;rendes;Nem;magyar;5;86;86;megjelent;35;9;24;13;5;0;86;-;-;-;-
2020;1;Somogy;12;gimnázium;nő;nappali;magyar nyelv és irodalom;közép;rendes;Nem;magyar;5;93;93;megjelent;36;9;25;13;8;2;93;-;-;-;-
2020;1;Somogy;12;gimnázium;férfi;nappali;magyar nyelv és irodalom;közép;rendes;Nem;magyar;5;80;80;megjelent;34;9;18;10;8;1;80;-;-;-;-
2020;1;Somogy;12;szakgimnázium/szakközépiskola (2016.09.01-től kifutó rendszerben);nő;nappali;magyar nyelv és irodalom;közép;rendes;Nem;magyar;4;62;62;megjelent;29;8;14;9;0;2;62;-;-;-;-
2020;1;Somogy;12;szakgimnázium/szakközépiskola (2016.09.01-től kifutó rendszerben);nő;nappali;magyar nyelv és irodalom;közép;rendes;Nem;magyar;4;66;66;megjelent;30;8;17;9;0;2;66;-;-;-;-
2020;1;Somogy;12;szakgimnázium/szakközépiskola (2016.09.01-től kifutó rendszerben);férfi;nappali;magyar nyelv és irodalom;közép;rendes;Nem;magyar;3;41;41;megjelent;17;6;9;8;0;1;41;-;-;-;-
2020;1;Somogy;12;szakgimnázium/szakközépiskola (2016.09.01-től kifutó rendszerben);nő;nappali;magyar nyelv és irodalom;közép;rendes;Nem;magyar;5;83;83;megjelent;33;9;25;14;1;1;83;-;-;-;-
2020;1;Somogy;12;szakgimnázium/szakközépiskola (2016.09.01-től kifutó rendszerben);nő;nappali;magyar nyelv és irodalom;közép;rendes;Nem;magyar;4;68;68;megjelent;31;9;17;10;0;1;68;-;-;-;-
2020;1;Somogy;12;szakgimnázium/szakközépiskola (2016.09.01-től kifutó rendszerben);nő;nappali;magyar nyelv és irodalom;közép;rendes;Nem;magyar;3;47;47;megjelent;25;5;8;5;3;1;47;-;-;-;-
2020;1;Somogy;12;szakgimnázium/szakközépiskola (2016.09.01-től kifutó rendszerben);nő;nappali;magyar nyelv és irodalom;közép;rendes;Nem;magyar;4;76;76;megjelent;31;8;18;14;3;2;76;-;-;-;-
2020;1;Somogy;12;szakgimnázium/szakközépiskola (2016.09.01-től kifutó rendszerben);nő;nappali;magyar nyelv és irodalom;közép;rendes;Nem;magyar;4;75;75;megjelent;31;9;20;10;3;2;75;-;-;-;-
2020;1;Somogy;12;szakgimnázium/szakközépiskola (2016.09.01-től kifutó rendszerben);nő;nappali;magyar nyelv és irodalom;közép;rendes;Nem;magyar;4;76;76;megjelent;35;8;22;10;0;1;76;-;-;-;-
2020;1;Somogy;12;szakgimnázium/szakközépiskola (2016.09.01-től kifutó rendszerben);nő;nappali;magyar nyelv és irodalom;közép;rendes;Nem;magyar;3;58;58;megjelent;20;6;16;9;5;2;58;-;-;-;-
2020;1;Somogy;12;szakgimnázium/szakközépiskola (2016.09.01-től kifutó rendszerben);nő;nappali;magyar nyelv és irodalom;közép;rendes;Nem;magyar;4;64;64;megjelent;27;7;20;9;0;1;64;-;-;-;-
2020;1;Somogy;12;szakgimnázium/szakközépiskola (2016.09.01-től kifutó rendszerben);nő;nappali;magyar nyelv és irodalom;közép;rendes;Nem;magyar;4;61;61;megjelent;29;7;16;8;1;0;61;-;-;-;-
2020;1;Somogy;12;szakgimnázium/szakközépiskola (2016.09.01-től kifutó rendszerben);nő;nappali;magyar nyelv és irodalom;közép;rendes;Nem;magyar;3;51;51;megjelent;28;7;9;5;0;2;51;-;-;-;-
2020;1;Somogy;12;szakgimnázium/szakközépiskola (2016.09.01-től kifutó rendszerben);férfi;nappali;magyar nyelv és irodalom;közép;rendes;Nem;magyar;4;66;66;megjelent;30;8;16;7;3;2;66;-;-;-;-
2020;1;Somogy;12;szakgimnázium/szakközépiskola (2016.09.01-től kifutó rendszerben);nő;nappali;magyar nyelv és irodalom;közép;rendes;Nem;magyar;3;53;53;megjelent;25;4;11;7;4;2;53;-;-;-;-
2020;1;Somogy;12;szakgimnázium/szakközépiskola (2016.09.01-től kifutó rendszerben);nő;nappali;magyar nyelv és irodalom;közép;rendes;Nem;magyar;4;74;74;megjelent;35;9;20;9;0;1;74;-;-;-;-
2020;1;Somogy;12;szakgimnázium/szakközépiskola (2016.09.01-től kifutó rendszerben);nő;nappali;magyar nyelv és irodalom;közép;rendes;Nem;magyar;4;67;67;megjelent;32;9;12;7;5;2;67;-;-;-;-
2020;1;Somogy;12;szakgimnázium/szakközépiskola (2016.09.01-től kifutó rendszerben);nő;nappali;magyar nyelv és irodalom;közép;rendes;Nem;magyar;3;53;53;megjelent;26;9;9;9;0;0;53;-;-;-;-
2020;1;Somogy;12;szakgimnázium/szakközépiskola (2016.09.01-től kifutó rendszerben);nő;nappali;magyar nyelv és irodalom;közép;rendes;Nem;magyar;3;44;44;megjelent;25;0;10;7;0;2;44;-;-;-;-
2020;1;Somogy;12;szakgimnázium/szakközépiskola (2016.09.01-től kifutó rendszerben);nő;nappali;magyar nyelv és irodalom;közép;rendes;Nem;magyar;3;52;52;megjelent;29;9;7;7;0;0;52;-;-;-;-
2020;1;Somogy;12;szakgimnázium/szakközépiskola (2016.09.01-től kifutó rendszerben);nő;nappali;magyar nyelv és irodalom;közép;rendes;Nem;magyar;4;65;65;megjelent;31;9;12;11;0;2;65;-;-;-;-
2020;1;Somogy;12;szakgimnázium/szakközépiskola (2016.09.01-től kifutó rendszerben);nő;nappali;magyar nyelv és irodalom;közép;rendes;Nem;magyar;5;84;84;megjelent;34;10;15;15;8;2;84;-;-;-;-
2020;1;Somogy;12;szakgimnázium/szakközépiskola (2016.09.01-től kifutó rendszerben);nő;nappali;magyar nyelv és irodalom;közép;rendes;Nem;magyar;3;47;47;megjelent;21;7;10;7;0;2;47;-;-;-;-
2020;1;Somogy;12;szakgimnázium/szakközépiskola (2016.09.01-től kifutó rendszerben);nő;nappali;magyar nyelv és irodalom;közép;rendes;Nem;magyar;4;66;66;megjelent;24;7;15;10;8;2;66;-;-;-;-
2020;1;Somogy;12;szakgimnázium/szakközépiskola (2016.09.01-től kifutó rendszerben);nő;nappali;magyar nyelv és irodalom;közép;rendes;Nem;magyar;3;48;48;megjelent;22;6;9;9;0;2;48;-;-;-;-
2020;1;Somogy;12;szakgimnázium/szakközépiskola (2016.09.01-től kifutó rendszerben);nő;nappali;magyar nyelv és irodalom;közép;rendes;Nem;magyar;4;60;60;megjelent;26;6;14;11;1;2;60;-;-;-;-
2020;1;Somogy;13;szakközép;nő;nappali;magyar nyelv és irodalom;közép;rendes;Nem;magyar;3;51;51;megjelent;28;6;4;9;2;2;51;-;-;-;-
2020;1;Somogy;12;szakgimnázium/szakközépiskola (2016.09.01-től kifutó rendszerben);nő;nappali;magyar nyelv és irodalom;közép;rendes;Nem;magyar;4;64;64;megjelent;21;8;14;13;6;2;64;-;-;-;-
2020;1;Somogy;13;szakközép;férfi;nappali;magyar nyelv és irodalom;közép;rendes;Igen;magyar;3;44;41;megjelent;26;6;4;5;0;0;41;-;-;-;-
2020;1;Somogy;12;szakgimnázium/szakközépiskola (2016.09.01-től kifutó rendszerben);nő;nappali;magyar nyelv és irodalom;közép;rendes;Nem;magyar;4;66;66;megjelent;31;8;15;10;0;2;66;-;-;-;-
2020;1;Somogy;12;szakgimnázium/szakközépiskola (2016.09.01-től kifutó rendszerben);nő;nappali;magyar nyelv és irodalom;közép;rendes;Nem;magyar;3;50;50;megjelent;21;5;12;9;1;2;50;-;-;-;-
2020;1;Somogy;12;szakgimnázium/szakközépiskola (2016.09.01-től kifutó rendszerben);nő;nappali;magyar nyelv és irodalom;közép;rendes;Nem;magyar;4;60;60;megjelent;26;8;10;8;6;2;60;-;-;-;-
2020;1;Somogy;12;szakgimnázium/szakközépiskola (2016.09.01-től kifutó rendszerben);nő;nappali;magyar nyelv és irodalom;közép;rendes;Nem;magyar;2;35;35;megjelent;19;0;9;6;0;1;35;-;-;-;-
2020;1;Somogy;12;szakgimnázium/szakközépiskola (2016.09.01-től kifutó rendszerben);nő;nappali;magyar nyelv és irodalom;közép;rendes;Nem;magyar;4;61;61;megjelent;31;6;15;7;0;2;61;-;-;-;-
2020;1;Somogy;12;szakgimnázium/szakközépiskola (2016.09.01-től kifutó rendszerben);nő;nappali;magyar nyelv és irodalom;közép;rendes;Nem;magyar;4;61;61;megjelent;30;7;15;8;0;1;61;-;-;-;-
2020;1;Somogy;13;szakközép;nő;nappali;magyar nyelv és irodalom;közép;rendes;Nem;magyar;2;35;35;megjelent;23;6;2;3;0;1;35;-;-;-;-
2020;1;Somogy;12;szakgimnázium/szakközépiskola (2016.09.01-től kifutó rendszerben);nő;nappali;magyar nyelv és irodalom;közép;rendes;Nem;magyar;3;41;41;megjelent;26;5;4;4;0;2;41;-;-;-;-
2020;1;Somogy;12;szakgimnázium/szakközépiskola (2016.09.01-től kifutó rendszerben);nő;nappali;magyar nyelv és irodalom;közép;rendes;Nem;magyar;5;81;81;megjelent;36;10;23;12;0;0;81;-;-;-;-
2020;1;Somogy;12;szakgimnázium/szakközépiskola (2016.09.01-től kifutó rendszerben);nő;nappali;magyar nyelv és irodalom;közép;rendes;Nem;magyar;3;58;58;megjelent;25;7;10;8;6;2;58;-;-;-;-
2020;1;Somogy;12;szakgimnázium/szakközépiskola (2016.09.01-től kifutó rendszerben);nő;nappali;magyar nyelv és irodalom;közép;rendes;Nem;magyar;3;54;54;megjelent;29;0;15;8;0;2;54;-;-;-;-
2020;1;Somogy;12;szakgimnázium/szakközépiskola (2016.09.01-től kifutó rendszerben);nő;nappali;magyar nyelv és irodalom;közép;rendes;Nem;magyar;4;67;67;megjelent;33;7;14;8;3;2;67;-;-;-;-
2020;1;Somogy;13;szakközép;férfi;nappali;magyar nyelv és irodalom;közép;rendes;Nem;magyar;3;52;52;megjelent;27;6;11;8;0;0;52;-;-;-;-
2020;1;Somogy;12;szakgimnázium/szakközépiskola (2016.09.01-től kifutó rendszerben);nő;nappali;magyar nyelv és irodalom;közép;rendes;Nem;magyar;3;48;48;megjelent;22;5;14;7;0;0;48;-;-;-;-
2020;1;Somogy;12;szakgimnázium/szakközépiskola (2016.09.01-től kifutó rendszerben);nő;nappali;magyar nyelv és irodalom;közép;rendes;Nem;magyar;3;50;50;megjelent;30;0;12;7;0;1;50;-;-;-;-
2020;1;Somogy;12;szakgimnázium/szakközépiskola (2016.09.01-től kifutó rendszerben);férfi;nappali;magyar nyelv és irodalom;közép;rendes;Nem;magyar;4;68;68;megjelent;34;8;17;7;0;2;68;-;-;-;-
2020;1;Somogy;12;szakgimnázium/szakközépiskola (2016.09.01-től kifutó rendszerben);nő;nappali;magyar nyelv és irodalom;közép;rendes;Nem;magyar;4;62;62;megjelent;28;8;15;9;0;2;62;-;-;-;-
2020;1;Somogy;12;gimnázium;nő;nappali;magyar nyelv és irodalom;közép;rendes;Nem;magyar;4;73;73;megjelent;26;9;23;10;3;2;73;-;-;-;-
2020;1;Somogy;12;gimnázium;nő;nappali;magyar nyelv és irodalom;közép;rendes;Nem;magyar;4;73;73;megjelent;29;8;18;11;5;2;73;-;-;-;-
2020;1;Somogy;12;gimnázium;férfi;nappali;magyar nyelv és irodalom;közép;rendes;Nem;magyar;4;72;72;megjelent;37;8;13;10;4;0;72;-;-;-;-
2020;1;Somogy;12;gimnázium;nő;nappali;magyar nyelv és irodalom;közép;rendes;Nem;magyar;5;84;84;megjelent;32;9;22;12;7;2;84;-;-;-;-
2020;1;Somogy;12;gimnázium;férfi;nappali;magyar nyelv és irodalom;közép;rendes;Nem;magyar;5;86;86;megjelent;34;9;22;11;8;2;86;-;-;-;-
2020;1;Somogy;12;gimnázium;nő;nappali;magyar nyelv és irodalom;közép;rendes;Nem;magyar;5;80;80;megjelent;31;9;19;13;6;2;80;-;-;-;-
2020;1;Somogy;12;gimnázium;nő;nappali;magyar nyelv és irodalom;közép;rendes;Nem;magyar;4;76;76;megjelent;37;8;17;9;3;2;76;-;-;-;-
2020;1;Somogy;12;gimnázium;férfi;nappali;magyar nyelv és irodalom;közép;rendes;Nem;magyar;4;65;65;megjelent;32;7;15;9;0;2;65;-;-;-;-
2020;1;Somogy;12;gimnázium;férfi;nappali;magyar nyelv és irodalom;közép;rendes;Nem;magyar;4;69;69;megjelent;36;7;15;8;1;2;69;-;-;-;-
2020;1;Somogy;12;gimnázium;nő;nappali;magyar nyelv és irodalom;közép;rendes;Nem;magyar;5;89;89;megjelent;38;10;20;13;6;2;89;-;-;-;-
2020;1;Somogy;12;gimnázium;nő;nappali;magyar nyelv és irodalom;közép;rendes;Nem;magyar;5;84;84;megjelent;34;9;19;12;8;2;84;-;-;-;-
2020;1;Somogy;12;gimnázium;nő;nappali;magyar nyelv és irodalom;közép;rendes;Nem;magyar;5;87;87;megjelent;32;8;24;14;7;2;87;-;-;-;-
2020;1;Somogy;12;gimnázium;férfi;nappali;magyar nyelv és irodalom;közép;rendes;Nem;magyar;4;74;74;megjelent;37;9;15;9;2;2;74;-;-;-;-
2020;1;Somogy;12;gimnázium;férfi;nappali;magyar nyelv és irodalom;közép;rendes;Nem;magyar;5;81;81;megjelent;38;7;18;11;5;2;81;-;-;-;-
2020;1;Somogy;12;gimnázium;férfi;nappali;magyar nyelv és irodalom;közép;rendes;Nem;magyar;5;88;88;megjelent;38;10;20;13;5;2;88;-;-;-;-
2020;1;Somogy;12;gimnázium;férfi;nappali;magyar nyelv és irodalom;közép;rendes;Nem;magyar;5;83;83;megjelent;36;10;19;10;6;2;83;-;-;-;-
2020;1;Somogy;12;gimnázium;nő;nappali;magyar nyelv és irodalom;közép;rendes;Nem;magyar;5;89;89;megjelent;40;10;20;11;6;2;89;-;-;-;-
2020;1;Somogy;12;gimnázium;nő;nappali;magyar nyelv és irodalom;közép;rendes;Nem;magyar;5;97;97;megjelent;38;10;24;15;8;2;97;-;-;-;-
2020;1;Somogy;12;gimnázium;nő;nappali;magyar nyelv és irodalom;közép;rendes;Nem;magyar;5;83;83;megjelent;40;10;19;10;2;2;83;-;-;-;-
2020;1;Somogy;12;gimnázium;férfi;nappali;magyar nyelv és irodalom;közép;rendes;Nem;magyar;5;85;85;megjelent;35;9;19;12;8;2;85;-;-;-;-
2020;1;Somogy;12;gimnázium;nő;nappali;magyar nyelv és irodalom;közép;rendes;Nem;magyar;5;88;88;megjelent;35;8;20;15;8;2;88;-;-;-;-
2020;1;Somogy;12;gimnázium;férfi;nappali;magyar nyelv és irodalom;közép;rendes;Nem;magyar;4;70;70;megjelent;36;7;16;9;0;2;70;-;-;-;-
2020;1;Somogy;12;gimnázium;nő;nappali;magyar nyelv és irodalom;közép;rendes;Nem;magyar;5;90;90;megjelent;37;10;22;14;5;2;90;-;-;-;-
2020;1;Somogy;12;gimnázium;férfi;nappali;magyar nyelv és irodalom;közép;rendes;Nem;magyar;5;87;87;megjelent;35;10;22;14;4;2;87;-;-;-;-
2020;1;Somogy;12;gimnázium;férfi;nappali;magyar nyelv és irodalom;közép;rendes;Nem;magyar;5;92;92;megjelent;35;10;23;14;8;2;92;-;-;-;-
2020;1;Somogy;12;gimnázium;nő;nappali;magyar nyelv és irodalom;közép;rendes;Nem;magyar;5;90;90;megjelent;36;10;21;13;8;2;90;-;-;-;-
2020;1;Somogy;12;gimnázium;nő;nappali;magyar nyelv és irodalom;közép;rendes;Nem;magyar;5;96;96;megjelent;38;10;25;14;7;2;96;-;-;-;-
2020;1;Somogy;12;gimnázium;férfi;nappali;magyar nyelv és irodalom;közép;rendes;Nem;magyar;5;83;83;megjelent;30;10;20;13;8;2;83;-;-;-;-
2020;1;Somogy;12;gimnázium;férfi;nappali;magyar nyelv és irodalom;közép;rendes;Nem;magyar;5;98;98;megjelent;38;10;25;15;8;2;98;-;-;-;-
2020;1;Somogy;12;gimnázium;férfi;nappali;magyar nyelv és irodalom;közép;rendes;Nem;magyar;5;87;87;megjelent;37;10;19;11;8;2;87;-;-;-;-
2020;1;Somogy;12;gimnázium;férfi;nappali;magyar nyelv és irodalom;közép;rendes;Nem;magyar;5;87;87;megjelent;34;9;22;13;7;2;87;-;-;-;-
2020;1;Somogy;12;gimnázium;férfi;nappali;magyar nyelv és irodalom;közép;rendes;Nem;magyar;5;87;87;megjelent;35;10;20;12;8;2;87;-;-;-;-
2020;1;Somogy;12;gimnázium;nő;nappali;magyar nyelv és irodalom;közép;rendes;Nem;magyar;5;94;94;megjelent;36;10;25;14;7;2;94;-;-;-;-
2020;1;Somogy;12;gimnázium;nő;nappali;magyar nyelv és irodalom;közép;rendes;Nem;magyar;4;78;78;megjelent;28;9;22;15;3;1;78;-;-;-;-
2020;1;Somogy;12;gimnázium;nő;nappali;magyar nyelv és irodalom;közép;rendes;Nem;magyar;5;90;90;megjelent;38;10;19;14;7;2;90;-;-;-;-
2020;1;Somogy;12;gimnázium;férfi;nappali;magyar nyelv és irodalom;közép;rendes;Nem;magyar;5;94;94;megjelent;40;10;19;15;8;2;94;-;-;-;-
2020;1;Somogy;12;gimnázium;nő;nappali;magyar nyelv és irodalom;közép;rendes;Nem;magyar;5;98;98;megjelent;38;10;25;15;8;2;98;-;-;-;-
2020;1;Somogy;12;gimnázium;férfi;nappali;magyar nyelv és irodalom;közép;rendes;Nem;magyar;5;98;98;megjelent;40;10;24;15;7;2;98;-;-;-;-
2020;1;Somogy;12;gimnázium;nő;nappali;magyar nyelv és irodalom;közép;rendes;Nem;magyar;5;93;93;megjelent;35;10;24;15;7;2;93;-;-;-;-
2020;1;Somogy;12;gimnázium;nő;nappali;magyar nyelv és irodalom;közép;rendes;Nem;magyar;5;98;98;megjelent;38;10;25;15;8;2;98;-;-;-;-
2020;1;Somogy;12;gimnázium;férfi;nappali;magyar nyelv és irodalom;közép;rendes;Nem;magyar;5;99;99;megjelent;39;10;25;15;8;2;99;-;-;-;-
2020;1;Somogy;12;gimnázium;nő;nappali;magyar nyelv és irodalom;közép;rendes;Nem;magyar;5;82;82;megjelent;36;9;19;14;2;2;82;-;-;-;-
2020;1;Somogy;12;gimnázium;nő;nappali;magyar nyelv és irodalom;közép;rendes;Nem;magyar;5;95;95;megjelent;36;10;25;15;7;2;95;-;-;-;-
2020;1;Somogy;12;gimnázium;nő;nappali;magyar nyelv és irodalom;közép;rendes;Nem;magyar;5;90;90;megjelent;36;10;25;15;2;2;90;-;-;-;-
2020;1;Somogy;12;gimnázium;nő;nappali;magyar nyelv és irodalom;közép;rendes;Nem;magyar;3;56;56;megjelent;27;6;14;8;0;1;56;-;-;-;-
2020;1;Somogy;12;gimnázium;férfi;nappali;magyar nyelv és irodalom;közép;rendes;Nem;magyar;4;77;77;megjelent;30;9;19;14;3;2;77;-;-;-;-
2020;1;Somogy;12;gimnázium;nő;nappali;magyar nyelv és irodalom;közép;rendes;Nem;magyar;5;81;81;megjelent;31;8;19;14;7;2;81;-;-;-;-
2020;1;Somogy;12;gimnázium;nő;nappali;magyar nyelv és irodalom;közép;rendes;Nem;magyar;5;89;89;megjelent;37;10;19;15;6;2;89;-;-;-;-
2020;1;Somogy;12;gimnázium;férfi;nappali;magyar nyelv és irodalom;közép;rendes;Nem;magyar;5;84;84;megjelent;33;10;17;14;8;2;84;-;-;-;-
2020;1;Somogy;12;gimnázium;nő;nappali;magyar nyelv és irodalom;közép;rendes;Nem;magyar;5;98;98;megjelent;38;10;25;15;8;2;98;-;-;-;-
2020;1;Somogy;12;gimnázium;férfi;nappali;magyar nyelv és irodalom;közép;rendes;Nem;magyar;5;98;98;megjelent;39;10;25;15;7;2;98;-;-;-;-
2020;1;Somogy;12;gimnázium;nő;nappali;magyar nyelv és irodalom;közép;rendes;Nem;magyar;5;99;99;megjelent;40;10;25;15;7;2;99;-;-;-;-
2020;1;Somogy;12;gimnázium;nő;nappali;magyar nyelv és irodalom;közép;rendes;Nem;magyar;5;92;92;megjelent;38;10;20;15;7;2;92;-;-;-;-
2020;1;Somogy;12;gimnázium;nő;nappali;magyar nyelv és irodalom;közép;rendes;Nem;magyar;5;90;90;megjelent;35;10;22;14;7;2;90;-;-;-;-
2020;1;Somogy;12;gimnázium;nő;nappali;magyar nyelv és irodalom;közép;rendes;Nem;magyar;5;93;93;megjelent;36;10;22;15;8;2;93;-;-;-;-
2020;1;Somogy;12;gimnázium;nő;nappali;magyar nyelv és irodalom;közép;rendes;Nem;magyar;5;95;95;megjelent;37;10;23;15;8;2;95;-;-;-;-
2020;1;Somogy;12;gimnázium;nő;nappali;magyar nyelv és irodalom;közép;rendes;Nem;magyar;5;97;97;megjelent;39;10;24;14;8;2;97;-;-;-;-
2020;1;Somogy;12;gimnázium;férfi;nappali;magyar nyelv és irodalom;közép;rendes;Nem;magyar;4;65;65;megjelent;24;9;19;11;0;2;65;-;-;-;-
2020;1;Somogy;12;gimnázium;férfi;nappali;magyar nyelv és irodalom;közép;rendes;Nem;magyar;5;89;89;megjelent;38;10;23;12;4;2;89;-;-;-;-
2020;1;Somogy;12;gimnázium;férfi;nappali;magyar nyelv és irodalom;közép;rendes;Nem;magyar;5;82;82;megjelent;36;10;19;15;0;2;82;-;-;-;-
2020;1;Somogy;12;gimnázium;nő;nappali;magyar nyelv és irodalom;közép;rendes;Nem;magyar;5;81;81;megjelent;38;10;20;11;0;2;81;-;-;-;-
2020;1;Somogy;12;gimnázium;nő;nappali;magyar nyelv és irodalom;közép;rendes;Nem;magyar;5;94;94;megjelent;35;10;24;15;8;2;94;-;-;-;-
2020;1;Somogy;12;gimnázium;férfi;nappali;magyar nyelv és irodalom;közép;rendes;Nem;magyar;5;83;83;megjelent;34;10;19;12;6;2;83;-;-;-;-
2020;1;Somogy;12;gimnázium;férfi;nappali;magyar nyelv és irodalom;közép;rendes;Nem;magyar;5;84;84;megjelent;38;10;20;14;0;2;84;-;-;-;-
2020;1;Somogy;12;gimnázium;férfi;nappali;magyar nyelv és irodalom;közép;rendes;Nem;magyar;5;89;89;megjelent;38;9;21;12;7;2;89;-;-;-;-
2020;1;Somogy;12;gimnázium;nő;nappali;magyar nyelv és irodalom;közép;rendes;Nem;magyar;5;82;82;megjelent;36;10;19;13;2;2;82;-;-;-;-
2020;1;Somogy;12;gimnázium;férfi;nappali;magyar nyelv és irodalom;közép;rendes;Nem;magyar;5;93;93;megjelent;38;10;22;14;7;2;93;-;-;-;-
2020;1;Somogy;12;gimnázium;nő;nappali;magyar nyelv és irodalom;közép;rendes;Nem;magyar;5;98;98;megjelent;39;10;25;15;7;2;98;-;-;-;-
2020;1;Somogy;12;gimnázium;nő;nappali;magyar nyelv és irodalom;közép;rendes;Nem;magyar;5;84;84;megjelent;34;10;20;11;7;2;84;-;-;-;-
2020;1;Somogy;12;gimnázium;nő;nappali;magyar nyelv és irodalom;közép;rendes;Nem;magyar;5;92;92;megjelent;38;10;20;15;7;2;92;-;-;-;-
2020;1;Somogy;12;gimnázium;nő;nappali;magyar nyelv és irodalom;közép;rendes;Nem;magyar;4;75;75;megjelent;29;10;20;12;2;2;75;-;-;-;-
2020;1;Somogy;12;gimnázium;nő;nappali;magyar nyelv és irodalom;közép;rendes;Nem;magyar;5;95;95;megjelent;35;10;25;15;8;2;95;-;-;-;-
2020;1;Somogy;12;gimnázium;férfi;nappali;magyar nyelv és irodalom;közép;rendes;Nem;magyar;5;84;84;megjelent;36;10;20;11;5;2;84;-;-;-;-
2020;1;Somogy;12;gimnázium;nő;nappali;magyar nyelv és irodalom;közép;rendes;Nem;magyar;5;98;98;megjelent;38;10;25;15;8;2;98;-;-;-;-
2020;1;Somogy;12;gimnázium;nő;nappali;magyar nyelv és irodalom;közép;rendes;Nem;magyar;5;92;92;megjelent;36;10;25;13;8;0;92;-;-;-;-
2020;1;Somogy;12;gimnázium;férfi;nappali;magyar nyelv és irodalom;közép;rendes;Nem;magyar;5;90;90;megjelent;35;10;23;14;6;2;90;-;-;-;-
2020;1;Somogy;12;gimnázium;férfi;nappali;magyar nyelv és irodalom;közép;rendes;Nem;magyar;5;88;88;megjelent;38;10;19;15;4;2;88;-;-;-;-
2020;1;Somogy;12;gimnázium;nő;nappali;magyar nyelv és irodalom;közép;rendes;Nem;magyar;5;87;87;megjelent;35;10;24;14;2;2;87;-;-;-;-
2020;1;Somogy;12;gimnázium;nő;nappali;magyar nyelv és irodalom;közép;rendes;Nem;magyar;5;98;98;megjelent;39;10;25;15;7;2;98;-;-;-;-
2020;1;Somogy;12;gimnázium;nő;nappali;magyar nyelv és irodalom;közép;rendes;Nem;magyar;5;91;91;megjelent;37;10;24;14;4;2;91;-;-;-;-
2020;1;Somogy;12;gimnázium;férfi;nappali;magyar nyelv és irodalom;közép;rendes;Nem;magyar;4;77;77;megjelent;36;10;15;10;4;2;77;-;-;-;-
2020;1;Somogy;12;gimnázium;férfi;nappali;magyar nyelv és irodalom;közép;rendes;Nem;magyar;5;90;90;megjelent;37;10;20;15;6;2;90;-;-;-;-
2020;1;Somogy;12;gimnázium;nő;nappali;magyar nyelv és irodalom;közép;rendes;Nem;magyar;5;94;94;megjelent;36;10;23;15;8;2;94;-;-;-;-
2020;1;Somogy;12;gimnázium;férfi;nappali;magyar nyelv és irodalom;közép;rendes;Nem;magyar;5;86;86;megjelent;38;10;20;14;2;2;86;-;-;-;-
2020;1;Somogy;12;gimnázium;nő;nappali;magyar nyelv és irodalom;közép;rendes;Nem;magyar;4;67;67;megjelent;27;9;15;10;4;2;67;-;-;-;-
2020;1;Somogy;12;gimnázium;nő;nappali;magyar nyelv és irodalom;közép;rendes;Nem;magyar;5;98;98;megjelent;39;10;24;15;8;2;98;-;-;-;-
2020;1;Somogy;12;gimnázium;nő;nappali;magyar nyelv és irodalom;közép;rendes;Nem;magyar;5;87;87;megjelent;34;9;22;12;8;2;87;-;-;-;-
2020;1;Somogy;12;gimnázium;férfi;nappali;magyar nyelv és irodalom;közép;rendes;Nem;magyar;5;93;93;megjelent;37;10;23;13;8;2;93;-;-;-;-
2020;1;Somogy;12;gimnázium;nő;nappali;magyar nyelv és irodalom;közép;rendes;Nem;magyar;5;96;96;megjelent;37;10;25;15;7;2;96;-;-;-;-
2020;1;Somogy;12;gimnázium;nő;nappali;magyar nyelv és irodalom;közép;rendes;Nem;magyar;5;92;92;megjelent;38;10;22;13;7;2;92;-;-;-;-
2020;1;Somogy;12;gimnázium;férfi;nappali;magyar nyelv és irodalom;közép;rendes;Nem;magyar;5;92;92;megjelent;34;10;25;15;6;2;92;-;-;-;-
2020;1;Somogy;12;gimnázium;férfi;nappali;magyar nyelv és irodalom;közép;rendes;Nem;magyar;5;92;92;megjelent;38;10;21;13;8;2;92;-;-;-;-
2020;1;Somogy;12;gimnázium;nő;nappali;magyar nyelv és irodalom;közép;rendes;Nem;magyar;5;82;82;megjelent;37;10;21;12;0;2;82;-;-;-;-
2020;1;Somogy;12;gimnázium;férfi;nappali;magyar nyelv és irodalom;közép;rendes;Nem;magyar;5;97;97;megjelent;38;10;24;15;8;2;97;-;-;-;-
2020;1;Somogy;12;gimnázium;nő;nappali;magyar nyelv és irodalom;közép;rendes;Nem;magyar;5;81;81;megjelent;30;10;21;14;4;2;81;-;-;-;-
2020;1;Somogy;12;gimnázium;férfi;nappali;magyar nyelv és irodalom;közép;rendes;Nem;magyar;5;88;88;megjelent;37;9;19;13;8;2;88;-;-;-;-
2020;1;Somogy;12;gimnázium;férfi;nappali;magyar nyelv és irodalom;közép;rendes;Nem;magyar;4;76;76;megjelent;30;10;20;12;2;2;76;-;-;-;-
2020;1;Somogy;12;gimnázium;férfi;nappali;magyar nyelv és irodalom;közép;rendes;Nem;magyar;4;63;63;megjelent;30;9;15;9;0;0;63;-;-;-;-
2020;1;Somogy;12;gimnázium;férfi;nappali;magyar nyelv és irodalom;közép;rendes;Nem;magyar;5;89;89;megjelent;38;10;25;14;0;2;89;-;-;-;-
2020;1;Somogy;12;gimnázium;férfi;nappali;magyar nyelv és irodalom;közép;rendes;Nem;magyar;4;79;79;megjelent;35;9;19;10;4;2;79;-;-;-;-
2020;1;Somogy;12;gimnázium;férfi;nappali;magyar nyelv és irodalom;közép;rendes;Nem;magyar;5;86;86;megjelent;38;10;18;13;5;2;86;-;-;-;-
2020;1;Somogy;12;gimnázium;nő;nappali;magyar nyelv és irodalom;közép;rendes;Nem;magyar;5;86;86;megjelent;34;10;20;12;8;2;86;-;-;-;-
2020;1;Somogy;12;gimnázium;férfi;nappali;magyar nyelv és irodalom;közép;rendes;Nem;magyar;4;67;67;megjelent;28;8;18;11;0;2;67;-;-;-;-
2020;1;Somogy;12;gimnázium;férfi;nappali;magyar nyelv és irodalom;közép;rendes;Nem;magyar;5;96;96;megjelent;38;10;25;15;6;2;96;-;-;-;-
2020;1;Somogy;12;gimnázium;férfi;nappali;magyar nyelv és irodalom;közép;rendes;Nem;magyar;5;81;81;megjelent;35;8;19;11;6;2;81;-;-;-;-
2020;1;Somogy;12;gimnázium;nő;nappali;magyar nyelv és irodalom;közép;rendes;Nem;magyar;4;74;74;megjelent;30;9;23;11;1;0;74;-;-;-;-
2020;1;Somogy;12;gimnázium;férfi;nappali;magyar nyelv és irodalom;közép;rendes;Nem;magyar;5;89;89;megjelent;35;9;22;14;7;2;89;-;-;-;-
2020;1;Somogy;12;gimnázium;nő;nappali;magyar nyelv és irodalom;közép;rendes;Nem;magyar;4;67;67;megjelent;31;7;16;10;1;2;67;-;-;-;-
2020;1;Somogy;12;gimnázium;férfi;nappali;magyar nyelv és irodalom;közép;rendes;Nem;magyar;5;82;82;megjelent;34;9;20;11;6;2;82;-;-;-;-
2020;1;Somogy;12;gimnázium;nő;nappali;magyar nyelv és irodalom;közép;rendes;Nem;magyar;5;91;91;megjelent;36;10;23;14;6;2;91;-;-;-;-
2020;1;Somogy;12;gimnázium;nő;nappali;magyar nyelv és irodalom;közép;rendes;Nem;magyar;5;91;91;megjelent;36;10;22;13;8;2;91;-;-;-;-
2020;1;Somogy;12;gimnázium;nő;nappali;magyar nyelv és irodalom;közép;rendes;Nem;magyar;5;86;86;megjelent;34;10;25;14;1;2;86;-;-;-;-
2020;1;Somogy;12;gimnázium;nő;nappali;magyar nyelv és irodalom;közép;rendes;Nem;magyar;5;98;98;megjelent;38;10;25;15;8;2;98;-;-;-;-
2020;1;Somogy;12;gimnázium;férfi;nappali;magyar nyelv és irodalom;közép;rendes;Igen;magyar;5;100;50;megjelent;-;-;-;-;-;-;-;25;10;15;50
2020;1;Somogy;12;gimnázium;nő;nappali;magyar nyelv és irodalom;közép;rendes;Nem;magyar;5;80;80;megjelent;33;10;15;12;8;2;80;-;-;-;-
2020;1;Somogy;12;gimnázium;nő;nappali;magyar nyelv és irodalom;közép;rendes;Nem;magyar;4;66;66;megjelent;28;7;19;9;3;0;66;-;-;-;-
2020;1;Somogy;12;gimnázium;férfi;nappali;magyar nyelv és irodalom;közép;rendes;Nem;magyar;4;68;68;megjelent;31;8;21;8;0;0;68;-;-;-;-
2020;1;Somogy;12;gimnázium;nő;nappali;magyar nyelv és irodalom;közép;rendes;Nem;magyar;4;60;60;megjelent;25;8;15;11;0;1;60;-;-;-;-
2020;1;Somogy;12;gimnázium;nő;nappali;magyar nyelv és irodalom;közép;rendes;Nem;magyar;4;70;70;megjelent;26;8;23;11;0;2;70;-;-;-;-
2020;1;Somogy;12;gimnázium;férfi;nappali;magyar nyelv és irodalom;közép;rendes;Nem;magyar;4;65;65;megjelent;28;7;22;8;0;0;65;-;-;-;-
2020;1;Somogy;12;gimnázium;nő;nappali;magyar nyelv és irodalom;közép;rendes;Nem;magyar;3;52;52;megjelent;25;6;13;7;0;1;52;-;-;-;-
2020;1;Somogy;12;gimnázium;nő;nappali;magyar nyelv és irodalom;közép;rendes;Nem;magyar;5;86;86;megjelent;34;10;22;14;5;1;86;-;-;-;-
2020;1;Somogy;12;gimnázium;nő;nappali;magyar nyelv és irodalom;közép;rendes;Nem;magyar;4;74;74;megjelent;26;9;23;11;3;2;74;-;-;-;-
2020;1;Somogy;12;gimnázium;férfi;nappali;magyar nyelv és irodalom;közép;rendes;Nem;magyar;4;62;62;megjelent;29;9;16;8;0;0;62;-;-;-;-
2020;1;Somogy;12;gimnázium;nő;nappali;magyar nyelv és irodalom;közép;rendes;Nem;magyar;4;65;65;megjelent;26;9;19;11;0;0;65;-;-;-;-
2020;1;Somogy;12;gimnázium;férfi;nappali;magyar nyelv és irodalom;közép;rendes;Nem;magyar;3;54;54;megjelent;30;6;11;7;0;0;54;-;-;-;-
2020;1;Somogy;12;szakgimnázium/szakközépiskola (2016.09.01-től kifutó rendszerben);férfi;nappali;magyar nyelv és irodalom;közép;rendes;Nem;magyar;3;50;50;megjelent;26;6;10;6;0;2;50;-;-;-;-
2020;1;Somogy;12;szakgimnázium/szakközépiskola (2016.09.01-től kifutó rendszerben);férfi;nappali;magyar nyelv és irodalom;közép;rendes;Nem;magyar;4;63;63;megjelent;29;7;19;6;0;2;63;-;-;-;-
2020;1;Somogy;12;szakgimnázium/szakközépiskola (2016.09.01-től kifutó rendszerben);férfi;nappali;magyar nyelv és irodalom;közép;rendes;Nem;magyar;2;31;31;megjelent;20;4;5;2;0;0;31;-;-;-;-
2020;1;Somogy;12;szakgimnázium/szakközépiskola (2016.09.01-től kifutó rendszerben);férfi;nappali;magyar nyelv és irodalom;közép;rendes;Nem;magyar;4;61;61;megjelent;32;7;16;5;0;1;61;-;-;-;-
2020;1;Somogy;12;szakgimnázium/szakközépiskola (2016.09.01-től kifutó rendszerben);férfi;nappali;magyar nyelv és irodalom;közép;rendes;Nem;magyar;4;60;60;megjelent;26;7;16;9;0;2;60;-;-;-;-
2020;1;Somogy;12;szakgimnázium/szakközépiskola (2016.09.01-től kifutó rendszerben);nő;nappali;magyar nyelv és irodalom;közép;rendes;Nem;magyar;3;53;53;megjelent;28;5;14;5;0;1;53;-;-;-;-
2020;1;Somogy;12;szakgimnázium/szakközépiskola (2016.09.01-től kifutó rendszerben);nő;nappali;magyar nyelv és irodalom;közép;rendes;Nem;magyar;3;54;54;megjelent;31;6;12;4;0;1;54;-;-;-;-
2020;1;Somogy;12;szakgimnázium/szakközépiskola (2016.09.01-től kifutó rendszerben);férfi;nappali;magyar nyelv és irodalom;közép;rendes;Nem;magyar;2;34;34;megjelent;23;3;6;2;0;0;34;-;-;-;-
2020;1;Somogy;12;szakgimnázium/szakközépiskola (2016.09.01-től kifutó rendszerben);férfi;nappali;magyar nyelv és irodalom;közép;rendes;Nem;magyar;3;42;42;megjelent;27;5;7;3;0;0;42;-;-;-;-
2020;1;Somogy;12;szakgimnázium/szakközépiskola (2016.09.01-től kifutó rendszerben);férfi;nappali;magyar nyelv és irodalom;közép;rendes;Nem;magyar;3;48;48;megjelent;22;7;12;5;0;2;48;-;-;-;-
2020;1;Somogy;12;szakgimnázium/szakközépiskola (2016.09.01-től kifutó rendszerben);nő;nappali;magyar nyelv és irodalom;közép;rendes;Nem;magyar;3;52;52;megjelent;27;6;10;7;0;2;52;-;-;-;-
2020;1;Somogy;12;szakgimnázium/szakközépiskola (2016.09.01-től kifutó rendszerben);férfi;nappali;magyar nyelv és irodalom;közép;előrehozott;Nem;magyar;3;52;52;megjelent;28;8;8;7;0;1;52;-;-;-;-
2020;1;Somogy;12;gimnázium;nő;nappali;magyar nyelv és irodalom;közép;rendes;Nem;magyar;5;89;89;megjelent;33;10;22;14;8;2;89;-;-;-;-
2020;1;Somogy;12;gimnázium;férfi;nappali;magyar nyelv és irodalom;közép;rendes;Nem;magyar;5;90;90;megjelent;38;10;21;13;6;2;90;-;-;-;-
2020;1;Somogy;12;gimnázium;férfi;nappali;magyar nyelv és irodalom;közép;rendes;Nem;magyar;5;90;90;megjelent;35;10;25;14;4;2;90;-;-;-;-
2020;1;Somogy;12;gimnázium;nő;nappali;magyar nyelv és irodalom;közép;rendes;Nem;magyar;5;99;99;megjelent;40;10;25;14;8;2;99;-;-;-;-
2020;1;Somogy;12;gimnázium;nő;nappali;magyar nyelv és irodalom;közép;rendes;Nem;magyar;5;99;99;megjelent;39;10;25;15;8;2;99;-;-;-;-
2020;1;Somogy;12;gimnázium;férfi;nappali;magyar nyelv és irodalom;közép;rendes;Nem;magyar;4;77;77;megjelent;37;9;18;11;0;2;77;-;-;-;-
2020;1;Somogy;12;gimnázium;nő;nappali;magyar nyelv és irodalom;közép;rendes;Nem;magyar;5;95;95;megjelent;37;10;23;15;8;2;95;-;-;-;-
2020;1;Somogy;12;gimnázium;férfi;nappali;magyar nyelv és irodalom;közép;rendes;Nem;magyar;5;91;91;megjelent;38;10;21;13;7;2;91;-;-;-;-
2020;1;Somogy;12;gimnázium;férfi;nappali;magyar nyelv és irodalom;közép;rendes;Nem;magyar;5;90;90;megjelent;35;10;22;14;7;2;90;-;-;-;-
2020;1;Somogy;12;gimnázium;nő;nappali;magyar nyelv és irodalom;közép;rendes;Nem;magyar;5;91;91;megjelent;35;10;22;14;8;2;91;-;-;-;-
2020;1;Somogy;12;gimnázium;nő;nappali;magyar nyelv és irodalom;közép;rendes;Nem;magyar;5;94;94;megjelent;39;10;22;13;8;2;94;-;-;-;-
2020;1;Somogy;12;gimnázium;nő;nappali;magyar nyelv és irodalom;közép;rendes;Nem;magyar;5;99;99;megjelent;39;10;25;15;8;2;99;-;-;-;-
2020;1;Somogy;12;gimnázium;nő;nappali;magyar nyelv és irodalom;közép;rendes;Nem;magyar;5;90;90;megjelent;33;10;24;14;7;2;90;-;-;-;-
2020;1;Somogy;12;gimnázium;férfi;nappali;magyar nyelv és irodalom;közép;rendes;Nem;magyar;5;88;88;megjelent;35;10;20;13;8;2;88;-;-;-;-
2020;1;Somogy;12;gimnázium;férfi;nappali;magyar nyelv és irodalom;közép;rendes;Nem;magyar;4;76;76;megjelent;36;8;19;11;0;2;76;-;-;-;-
2020;1;Somogy;12;gimnázium;nő;nappali;magyar nyelv és irodalom;közép;rendes;Nem;magyar;5;91;91;megjelent;40;9;20;13;7;2;91;-;-;-;-
2020;1;Somogy;12;gimnázium;nő;nappali;magyar nyelv és irodalom;közép;rendes;Nem;magyar;5;92;92;megjelent;37;10;22;13;8;2;92;-;-;-;-
2020;1;Somogy;12;gimnázium;férfi;nappali;magyar nyelv és irodalom;közép;rendes;Nem;magyar;5;91;91;megjelent;37;10;21;13;8;2;91;-;-;-;-
2020;1;Somogy;12;gimnázium;férfi;nappali;magyar nyelv és irodalom;közép;rendes;Nem;magyar;5;89;89;megjelent;35;10;22;14;6;2;89;-;-;-;-
2020;1;Somogy;12;gimnázium;nő;nappali;magyar nyelv és irodalom;közép;rendes;Nem;magyar;5;98;98;megjelent;39;10;24;15;8;2;98;-;-;-;-
2020;1;Somogy;12;gimnázium;férfi;nappali;magyar nyelv és irodalom;közép;rendes;Nem;magyar;4;79;79;megjelent;33;6;18;14;6;2;79;-;-;-;-
2020;1;Somogy;12;gimnázium;nő;nappali;magyar nyelv és irodalom;közép;rendes;Nem;magyar;5;83;83;megjelent;31;10;20;12;8;2;83;-;-;-;-
2020;1;Somogy;12;gimnázium;férfi;nappali;magyar nyelv és irodalom;közép;rendes;Nem;magyar;4;76;76;megjelent;32;9;20;13;0;2;76;-;-;-;-
2020;1;Somogy;12;gimnázium;nő;nappali;magyar nyelv és irodalom;közép;rendes;Nem;magyar;5;81;81;megjelent;27;9;22;15;6;2;81;-;-;-;-
2020;1;Somogy;12;gimnázium;nő;nappali;magyar nyelv és irodalom;közép;rendes;Nem;magyar;4;72;72;megjelent;33;7;18;12;0;2;72;-;-;-;-
2020;1;Somogy;12;gimnázium;nő;nappali;magyar nyelv és irodalom;közép;rendes;Nem;magyar;5;85;85;megjelent;29;10;23;15;6;2;85;-;-;-;-
2020;1;Somogy;12;gimnázium;férfi;nappali;magyar nyelv és irodalom;közép;rendes;Nem;magyar;4;68;68;megjelent;37;9;13;8;0;1;68;-;-;-;-
2020;1;Somogy;12;gimnázium;nő;nappali;magyar nyelv és irodalom;közép;rendes;Nem;magyar;5;84;84;megjelent;31;9;20;14;8;2;84;-;-;-;-
2020;1;Somogy;12;gimnázium;férfi;nappali;magyar nyelv és irodalom;közép;rendes;Igen;magyar;2;32;16;megjelent;-;-;-;-;-;-;-;5;3;8;16
2020;1;Somogy;12;gimnázium;nő;nappali;magyar nyelv és irodalom;közép;rendes;Nem;magyar;3;57;57;megjelent;34;7;6;7;1;2;57;-;-;-;-
2020;1;Somogy;12;gimnázium;nő;nappali;magyar nyelv és irodalom;közép;rendes;Nem;magyar;4;73;73;megjelent;36;9;15;12;0;1;73;-;-;-;-
2020;1;Somogy;12;gimnázium;nő;nappali;magyar nyelv és irodalom;közép;rendes;Nem;magyar;5;100;100;megjelent;40;10;25;15;8;2;100;-;-;-;-
2020;1;Somogy;12;gimnázium;nő;nappali;magyar nyelv és irodalom;közép;rendes;Nem;magyar;4;68;68;megjelent;29;7;16;11;4;1;68;-;-;-;-
2020;1;Somogy;12;gimnázium;nő;nappali;magyar nyelv és irodalom;közép;rendes;Nem;magyar;4;62;62;megjelent;29;7;13;11;0;2;62;-;-;-;-
2020;1;Somogy;12;gimnázium;férfi;nappali;magyar nyelv és irodalom;közép;rendes;Nem;magyar;4;63;63;megjelent;32;9;9;8;4;1;63;-;-;-;-
2020;1;Somogy;12;gimnázium;nő;nappali;magyar nyelv és irodalom;közép;rendes;Nem;magyar;5;89;89;megjelent;35;10;22;13;7;2;89;-;-;-;-
2020;1;Somogy;12;gimnázium;férfi;nappali;magyar nyelv és irodalom;közép;rendes;Nem;magyar;4;65;65;megjelent;33;9;14;8;0;1;65;-;-;-;-
2020;1;Somogy;12;gimnázium;férfi;nappali;magyar nyelv és irodalom;közép;rendes;Nem;magyar;4;64;64;megjelent;34;7;15;8;0;0;64;-;-;-;-
2020;1;Somogy;12;gimnázium;nő;nappali;magyar nyelv és irodalom;közép;rendes;Nem;magyar;5;85;85;megjelent;34;9;23;12;6;1;85;-;-;-;-
2020;1;Somogy;12;gimnázium;nő;nappali;magyar nyelv és irodalom;közép;rendes;Nem;magyar;5;85;85;megjelent;34;10;20;12;7;2;85;-;-;-;-
2020;1;Somogy;12;gimnázium;férfi;nappali;magyar nyelv és irodalom;közép;rendes;Nem;magyar;4;75;75;megjelent;32;8;23;10;0;2;75;-;-;-;-
2020;1;Somogy;12;gimnázium;nő;nappali;magyar nyelv és irodalom;közép;rendes;Nem;magyar;5;81;81;megjelent;33;9;23;13;1;2;81;-;-;-;-
2020;1;Somogy;12;gimnázium;nő;nappali;magyar nyelv és irodalom;közép;rendes;Nem;magyar;5;95;95;megjelent;38;9;23;15;8;2;95;-;-;-;-
2020;1;Somogy;12;gimnázium;nő;nappali;magyar nyelv és irodalom;közép;rendes;Nem;magyar;4;64;64;megjelent;30;8;16;8;1;1;64;-;-;-;-
2020;1;Somogy;12;gimnázium;nő;nappali;magyar nyelv és irodalom;közép;rendes;Nem;magyar;4;72;72;megjelent;27;10;17;12;4;2;72;-;-;-;-
2020;1;Somogy;12;gimnázium;férfi;nappali;magyar nyelv és irodalom;közép;rendes;Nem;magyar;4;65;65;megjelent;36;10;3;8;6;2;65;-;-;-;-
2020;1;Somogy;12;gimnázium;nő;nappali;magyar nyelv és irodalom;közép;rendes;Nem;magyar;4;78;78;megjelent;31;10;17;10;8;2;78;-;-;-;-
2020;1;Somogy;12;gimnázium;nő;nappali;magyar nyelv és irodalom;közép;rendes;Nem;magyar;4;75;75;megjelent;36;7;20;10;0;2;75;-;-;-;-
2020;1;Somogy;12;gimnázium;nő;nappali;magyar nyelv és irodalom;közép;rendes;Nem;magyar;4;63;63;megjelent;32;9;13;8;0;1;63;-;-;-;-
2020;1;Somogy;12;gimnázium;férfi;nappali;magyar nyelv és irodalom;közép;rendes;Nem;magyar;5;87;87;megjelent;37;9;20;14;5;2;87;-;-;-;-
2020;1;Somogy;12;gimnázium;nő;nappali;magyar nyelv és irodalom;közép;rendes;Nem;magyar;4;68;68;megjelent;28;9;17;11;2;1;68;-;-;-;-
2020;1;Somogy;12;gimnázium;nő;nappali;magyar nyelv és irodalom;közép;rendes;Nem;magyar;5;85;85;megjelent;36;9;18;13;7;2;85;-;-;-;-
2020;1;Somogy;12;gimnázium;nő;nappali;magyar nyelv és irodalom;közép;rendes;Nem;magyar;4;70;70;megjelent;34;8;16;10;0;2;70;-;-;-;-
2020;1;Somogy;12;gimnázium;nő;nappali;magyar nyelv és irodalom;közép;rendes;Nem;magyar;4;78;78;megjelent;34;8;19;10;5;2;78;-;-;-;-
2020;1;Somogy;12;gimnázium;férfi;nappali;magyar nyelv és irodalom;közép;rendes;Nem;magyar;5;84;84;megjelent;35;10;19;14;5;1;84;-;-;-;-
2020;1;Somogy;12;gimnázium;férfi;nappali;magyar nyelv és irodalom;közép;rendes;Nem;magyar;5;81;81;megjelent;38;7;19;10;5;2;81;-;-;-;-
2020;1;Somogy;12;gimnázium;nő;nappali;magyar nyelv és irodalom;közép;rendes;Nem;magyar;5;98;98;megjelent;40;10;23;15;8;2;98;-;-;-;-
2020;1;Somogy;12;szakgimnázium/szakközépiskola (2016.09.01-től kifutó rendszerben);férfi;nappali;magyar nyelv és irodalom;közép;rendes;Nem;magyar;2;37;37;megjelent;23;4;5;3;0;2;37;-;-;-;-
2020;1;Somogy;12;gimnázium;férfi;nappali;magyar nyelv és irodalom;közép;rendes;Nem;magyar;5;81;81;megjelent;29;10;21;12;7;2;81;-;-;-;-
2020;1;Somogy;12;gimnázium;nő;nappali;magyar nyelv és irodalom;közép;rendes;Nem;magyar;5;90;90;megjelent;39;10;21;15;4;1;90;-;-;-;-
2020;1;Somogy;12;gimnázium;nő;nappali;magyar nyelv és irodalom;közép;rendes;Nem;magyar;5;85;85;megjelent;36;10;21;14;3;1;85;-;-;-;-
2020;1;Somogy;12;gimnázium;nő;nappali;magyar nyelv és irodalom;közép;rendes;Nem;magyar;3;56;56;megjelent;27;9;13;7;0;0;56;-;-;-;-
2020;1;Somogy;12;gimnázium;nő;nappali;magyar nyelv és irodalom;közép;rendes;Nem;magyar;3;55;55;megjelent;28;9;10;7;0;1;55;-;-;-;-
2020;1;Somogy;12;gimnázium;nő;nappali;magyar nyelv és irodalom;közép;rendes;Nem;magyar;4;60;60;megjelent;35;9;9;7;0;0;60;-;-;-;-
2020;1;Somogy;12;gimnázium;férfi;nappali;magyar nyelv és irodalom;közép;rendes;Nem;magyar;4;64;64;megjelent;35;8;13;8;0;0;64;-;-;-;-
2020;1;Somogy;12;gimnázium;nő;nappali;magyar nyelv és irodalom;közép;rendes;Nem;magyar;5;83;83;megjelent;36;10;20;14;2;1;83;-;-;-;-
2020;1;Somogy;12;gimnázium;nő;nappali;magyar nyelv és irodalom;közép;rendes;Nem;magyar;4;77;77;megjelent;34;10;18;14;0;1;77;-;-;-;-
2020;1;Somogy;12;gimnázium;férfi;nappali;magyar nyelv és irodalom;közép;rendes;Nem;magyar;3;53;53;megjelent;30;9;10;4;0;0;53;-;-;-;-
2020;1;Somogy;12;gimnázium;férfi;nappali;magyar nyelv és irodalom;közép;rendes;Nem;magyar;5;96;96;megjelent;36;10;25;15;8;2;96;-;-;-;-
2020;1;Somogy;12;gimnázium;férfi;nappali;magyar nyelv és irodalom;közép;rendes;Nem;magyar;4;63;63;megjelent;35;9;13;6;0;0;63;-;-;-;-
2020;1;Somogy;12;gimnázium;nő;nappali;magyar nyelv és irodalom;közép;rendes;Nem;magyar;5;88;88;megjelent;35;9;20;14;8;2;88;-;-;-;-
2020;1;Somogy;12;gimnázium;férfi;nappali;magyar nyelv és irodalom;közép;rendes;Nem;magyar;3;58;58;megjelent;30;9;8;5;5;1;58;-;-;-;-
2020;1;Somogy;12;gimnázium;férfi;nappali;magyar nyelv és irodalom;közép;rendes;Nem;magyar;5;96;96;megjelent;39;9;23;15;8;2;96;-;-;-;-
2020;1;Somogy;12;szakgimnázium/szakközépiskola (2016.09.01-től kifutó rendszerben);férfi;nappali;magyar nyelv és irodalom;közép;rendes;Nem;magyar;2;34;34;megjelent;26;6;1;0;0;1;34;-;-;-;-
2020;1;Somogy;12;gimnázium;férfi;nappali;magyar nyelv és irodalom;közép;rendes;Nem;magyar;4;69;69;megjelent;32;9;13;13;0;2;69;-;-;-;-
2020;1;Somogy;12;szakgimnázium/szakközépiskola (2016.09.01-től kifutó rendszerben);férfi;nappali;magyar nyelv és irodalom;közép;rendes;Nem;magyar;3;41;41;megjelent;24;6;4;6;0;1;41;-;-;-;-
2020;1;Somogy;12;gimnázium;férfi;nappali;magyar nyelv és irodalom;közép;rendes;Nem;magyar;4;61;61;megjelent;33;9;12;6;0;1;61;-;-;-;-
2020;1;Somogy;12;gimnázium;nő;nappali;magyar nyelv és irodalom;közép;rendes;Nem;magyar;5;86;86;megjelent;32;10;21;15;6;2;86;-;-;-;-
2020;1;Somogy;12;gimnázium;férfi;nappali;magyar nyelv és irodalom;közép;rendes;Nem;magyar;3;52;52;megjelent;30;7;9;5;0;1;52;-;-;-;-
2020;1;Somogy;12;szakgimnázium/szakközépiskola (2016.09.01-től kifutó rendszerben);férfi;nappali;magyar nyelv és irodalom;közép;rendes;Nem;magyar;4;66;66;megjelent;31;5;19;9;0;2;66;-;-;-;-
2020;1;Somogy;12;szakgimnázium/szakközépiskola (2016.09.01-től kifutó rendszerben);nő;nappali;magyar nyelv és irodalom;közép;rendes;Nem;magyar;4;66;66;megjelent;28;10;16;8;2;2;66;-;-;-;-
2020;1;Somogy;12;gimnázium;férfi;nappali;magyar nyelv és irodalom;közép;rendes;Nem;magyar;3;55;55;megjelent;33;7;7;7;0;1;55;-;-;-;-
2020;1;Somogy;12;szakgimnázium/szakközépiskola (2016.09.01-től kifutó rendszerben);nő;nappali;magyar nyelv és irodalom;közép;rendes;Nem;magyar;3;44;44;megjelent;26;6;5;5;0;2;44;-;-;-;-
2020;1;Somogy;12;szakgimnázium/szakközépiskola (2016.09.01-től kifutó rendszerben);férfi;nappali;magyar nyelv és irodalom;közép;rendes;Nem;magyar;3;57;57;megjelent;22;7;17;9;0;2;57;-;-;-;-
2020;1;Somogy;12;szakgimnázium/szakközépiskola (2016.09.01-től kifutó rendszerben);férfi;nappali;magyar nyelv és irodalom;közép;rendes;Igen;magyar;3;56;52;megjelent;29;6;10;5;0;2;52;-;-;-;-
2020;1;Somogy;12;szakgimnázium/szakközépiskola (2016.09.01-től kifutó rendszerben);nő;nappali;magyar nyelv és irodalom;közép;rendes;Nem;magyar;3;53;53;megjelent;25;8;12;4;2;2;53;-;-;-;-
2020;1;Somogy;12;szakgimnázium/szakközépiskola (2016.09.01-től kifutó rendszerben);férfi;nappali;magyar nyelv és irodalom;közép;rendes;Nem;magyar;4;64;64;megjelent;28;9;15;10;0;2;64;-;-;-;-
2020;1;Somogy;12;szakgimnázium/szakközépiskola (2016.09.01-től kifutó rendszerben);férfi;nappali;magyar nyelv és irodalom;közép;rendes;Nem;magyar;4;61;61;megjelent;26;6;15;8;4;2;61;-;-;-;-
2020;1;Somogy;12;szakgimnázium/szakközépiskola (2016.09.01-től kifutó rendszerben);férfi;nappali;magyar nyelv és irodalom;közép;rendes;Nem;magyar;3;49;49;megjelent;28;6;8;5;0;2;49;-;-;-;-
2020;1;Somogy;12;szakgimnázium/szakközépiskola (2016.09.01-től kifutó rendszerben);férfi;nappali;magyar nyelv és irodalom;közép;rendes;Nem;magyar;3;56;56;megjelent;32;6;9;7;0;2;56;-;-;-;-
2020;1;Somogy;12;szakgimnázium/szakközépiskola (2016.09.01-től kifutó rendszerben);férfi;nappali;magyar nyelv és irodalom;közép;rendes;Nem;magyar;4;60;60;megjelent;33;6;7;11;1;2;60;-;-;-;-
2020;1;Somogy;12;gimnázium;nő;nappali;magyar nyelv és irodalom;közép;rendes;Nem;magyar;5;84;84;megjelent;35;10;23;14;0;2;84;-;-;-;-
2020;1;Somogy;12;szakgimnázium/szakközépiskola (2016.09.01-től kifutó rendszerben);nő;nappali;magyar nyelv és irodalom;közép;rendes;Nem;magyar;3;49;49;megjelent;26;6;9;6;0;2;49;-;-;-;-
2020;1;Somogy;12;szakgimnázium/szakközépiskola (2016.09.01-től kifutó rendszerben);férfi;nappali;magyar nyelv és irodalom;közép;rendes;Nem;magyar;4;63;63;megjelent;32;7;14;8;0;2;63;-;-;-;-
2020;1;Somogy;12;gimnázium;férfi;nappali;magyar nyelv és irodalom;közép;rendes;Nem;magyar;4;75;75;megjelent;35;10;18;10;0;2;75;-;-;-;-
2020;1;Somogy;12;szakgimnázium/szakközépiskola (2016.09.01-től kifutó rendszerben);férfi;nappali;magyar nyelv és irodalom;közép;rendes;Nem;magyar;3;49;49;megjelent;29;6;7;6;0;1;49;-;-;-;-
2020;1;Somogy;12;szakgimnázium/szakközépiskola (2016.09.01-től kifutó rendszerben);férfi;nappali;magyar nyelv és irodalom;közép;rendes;Nem;magyar;2;36;36;megjelent;26;4;1;3;0;2;36;-;-;-;-
2020;1;Somogy;12;szakgimnázium/szakközépiskola (2016.09.01-től kifutó rendszerben);férfi;nappali;magyar nyelv és irodalom;közép;rendes;Nem;magyar;4;73;73;megjelent;31;9;18;12;2;1;73;-;-;-;-
2020;1;Somogy;12;gimnázium;nő;nappali;magyar nyelv és irodalom;közép;rendes;Nem;magyar;5;80;80;megjelent;37;9;19;13;0;2;80;-;-;-;-
2020;1;Somogy;12;szakgimnázium/szakközépiskola (2016.09.01-től kifutó rendszerben);nő;nappali;magyar nyelv és irodalom;közép;rendes;Nem;magyar;3;52;52;megjelent;24;7;11;9;0;1;52;-;-;-;-
2020;1;Somogy;12;szakgimnázium/szakközépiskola (2016.09.01-től kifutó rendszerben);férfi;nappali;magyar nyelv és irodalom;közép;rendes;Nem;magyar;3;55;55;megjelent;26;8;11;9;0;1;55;-;-;-;-
2020;1;Somogy;12;szakgimnázium/szakközépiskola (2016.09.01-től kifutó rendszerben);férfi;nappali;magyar nyelv és irodalom;közép;rendes;Nem;magyar;4;63;63;megjelent;32;8;11;10;0;2;63;-;-;-;-
2020;1;Somogy;12;gimnázium;férfi;nappali;magyar nyelv és irodalom;közép;rendes;Nem;magyar;5;81;81;megjelent;33;9;19;13;5;2;81;-;-;-;-
2020;1;Somogy;12;szakgimnázium/szakközépiskola (2016.09.01-től kifutó rendszerben);férfi;nappali;magyar nyelv és irodalom;közép;rendes;Nem;magyar;2;36;36;megjelent;27;5;1;3;0;0;36;-;-;-;-
2020;1;Somogy;12;gimnázium;nő;nappali;magyar nyelv és irodalom;közép;rendes;Nem;magyar;5;95;95;megjelent;37;9;24;15;8;2;95;-;-;-;-
2020;1;Somogy;12;szakgimnázium/szakközépiskola (2016.09.01-től kifutó rendszerben);férfi;nappali;magyar nyelv és irodalom;közép;rendes;Nem;magyar;5;80;80;megjelent;32;10;19;15;2;2;80;-;-;-;-
2020;1;Somogy;12;gimnázium;nő;nappali;magyar nyelv és irodalom;közép;rendes;Nem;magyar;5;80;80;megjelent;34;6;18;12;8;2;80;-;-;-;-
2020;1;Somogy;12;szakgimnázium/szakközépiskola (2016.09.01-től kifutó rendszerben);férfi;nappali;magyar nyelv és irodalom;közép;rendes;Nem;magyar;3;47;47;megjelent;27;3;8;8;0;1;47;-;-;-;-
2020;1;Somogy;12;gimnázium;nő;nappali;magyar nyelv és irodalom;közép;rendes;Nem;magyar;5;82;82;megjelent;36;10;19;15;0;2;82;-;-;-;-
2020;1;Somogy;12;gimnázium;férfi;nappali;magyar nyelv és irodalom;közép;rendes;Nem;magyar;4;78;78;megjelent;32;10;19;12;3;2;78;-;-;-;-
2020;1;Somogy;12;szakgimnázium/szakközépiskola (2016.09.01-től kifutó rendszerben);férfi;nappali;magyar nyelv és irodalom;közép;rendes;Nem;magyar;3;42;42;megjelent;28;4;5;4;0;1;42;-;-;-;-
2020;1;Somogy;12;szakgimnázium/szakközépiskola (2016.09.01-től kifutó rendszerben);férfi;nappali;magyar nyelv és irodalom;közép;rendes;Nem;magyar;4;75;75;megjelent;33;5;19;12;4;2;75;-;-;-;-
2020;1;Somogy;12;gimnázium;férfi;nappali;magyar nyelv és irodalom;közép;rendes;Nem;magyar;4;67;67;megjelent;27;9;17;12;0;2;67;-;-;-;-
2020;1;Somogy;12;szakgimnázium/szakközépiskola (2016.09.01-től kifutó rendszerben);férfi;nappali;magyar nyelv és irodalom;közép;rendes;Nem;magyar;4;61;61;megjelent;28;4;19;8;0;2;61;-;-;-;-
2020;1;Somogy;12;szakgimnázium/szakközépiskola (2016.09.01-től kifutó rendszerben);nő;nappali;magyar nyelv és irodalom;közép;rendes;Nem;magyar;4;70;70;megjelent;30;6;22;10;0;2;70;-;-;-;-
2020;1;Somogy;12;gimnázium;férfi;nappali;magyar nyelv és irodalom;közép;rendes;Nem;magyar;5;91;91;megjelent;37;9;24;13;6;2;91;-;-;-;-
2020;1;Somogy;12;szakgimnázium/szakközépiskola (2016.09.01-től kifutó rendszerben);férfi;nappali;magyar nyelv és irodalom;közép;rendes;Nem;magyar;4;70;70;megjelent;29;9;21;9;0;2;70;-;-;-;-
2020;1;Somogy;12;szakgimnázium/szakközépiskola (2016.09.01-től kifutó rendszerben);férfi;nappali;magyar nyelv és irodalom;közép;rendes;Nem;magyar;4;70;70;megjelent;28;8;21;11;0;2;70;-;-;-;-
2020;1;Somogy;12;szakgimnázium/szakközépiskola (2016.09.01-től kifutó rendszerben);férfi;nappali;magyar nyelv és irodalom;közép;rendes;Nem;magyar;4;72;72;megjelent;32;7;19;12;0;2;72;-;-;-;-
2020;1;Somogy;12;gimnázium;férfi;nappali;magyar nyelv és irodalom;közép;rendes;Nem;magyar;4;70;70;megjelent;30;9;18;11;0;2;70;-;-;-;-
2020;1;Somogy;12;gimnázium;nő;nappali;magyar nyelv és irodalom;közép;rendes;Nem;magyar;4;79;79;megjelent;33;10;18;11;5;2;79;-;-;-;-
2020;1;Somogy;12;gimnázium;nő;nappali;magyar nyelv és irodalom;közép;rendes;Nem;magyar;5;80;80;megjelent;33;9;19;14;3;2;80;-;-;-;-
2020;1;Somogy;12;gimnázium;nő;nappali;magyar nyelv és irodalom;közép;rendes;Nem;magyar;5;82;82;megjelent;34;10;23;13;0;2;82;-;-;-;-
2020;1;Somogy;12;gimnázium;férfi;nappali;magyar nyelv és irodalom;közép;rendes;Nem;magyar;5;94;94;megjelent;37;10;23;14;8;2;94;-;-;-;-
2020;1;Somogy;12;gimnázium;nő;nappali;magyar nyelv és irodalom;közép;rendes;Nem;magyar;5;96;96;megjelent;36;10;25;15;8;2;96;-;-;-;-
2020;1;Somogy;12;gimnázium;férfi;nappali;magyar nyelv és irodalom;közép;rendes;Nem;magyar;4;68;68;megjelent;32;8;17;11;0;0;68;-;-;-;-
2020;1;Somogy;12;gimnázium;nő;nappali;magyar nyelv és irodalom;közép;rendes;Nem;magyar;4;60;60;megjelent;24;9;15;10;0;2;60;-;-;-;-
2020;1;Somogy;12;gimnázium;nő;nappali;magyar nyelv és irodalom;közép;rendes;Nem;magyar;4;61;61;megjelent;28;7;13;11;0;2;61;-;-;-;-
2020;1;Somogy;12;gimnázium;nő;nappali;magyar nyelv és irodalom;közép;rendes;Nem;magyar;5;88;88;megjelent;35;10;19;14;8;2;88;-;-;-;-
2020;1;Somogy;12;gimnázium;nő;nappali;magyar nyelv és irodalom;közép;rendes;Nem;magyar;5;95;95;megjelent;37;10;23;15;8;2;95;-;-;-;-
2020;1;Somogy;12;gimnázium;férfi;nappali;magyar nyelv és irodalom;közép;rendes;Nem;magyar;3;53;53;megjelent;26;8;10;8;0;1;53;-;-;-;-
2020;1;Somogy;12;gimnázium;férfi;nappali;magyar nyelv és irodalom;közép;rendes;Nem;magyar;3;55;55;megjelent;26;8;10;10;0;1;55;-;-;-;-
2020;1;Somogy;12;szakgimnázium/szakközépiskola (2016.09.01-től kifutó rendszerben);nő;nappali;magyar nyelv és irodalom;közép;rendes;Nem;magyar;2;30;30;megjelent;18;3;4;4;0;1;30;-;-;-;-
2020;1;Somogy;12;gimnázium;férfi;nappali;magyar nyelv és irodalom;közép;rendes;Nem;magyar;5;88;88;megjelent;30;9;25;15;7;2;88;-;-;-;-
2020;1;Somogy;12;gimnázium;nő;nappali;magyar nyelv és irodalom;közép;rendes;Nem;magyar;5;93;93;megjelent;35;10;25;15;6;2;93;-;-;-;-
2020;1;Somogy;12;gimnázium;nő;nappali;magyar nyelv és irodalom;közép;rendes;Nem;magyar;4;76;76;megjelent;33;9;15;12;5;2;76;-;-;-;-
2020;1;Somogy;12;gimnázium;nő;nappali;magyar nyelv és irodalom;közép;rendes;Nem;magyar;5;94;94;megjelent;36;10;24;15;7;2;94;-;-;-;-
2020;1;Somogy;12;gimnázium;férfi;nappali;magyar nyelv és irodalom;közép;rendes;Nem;magyar;5;94;94;megjelent;38;10;25;15;4;2;94;-;-;-;-
2020;1;Somogy;12;gimnázium;nő;nappali;magyar nyelv és irodalom;közép;rendes;Nem;magyar;5;89;89;megjelent;35;10;25;15;3;1;89;-;-;-;-
2020;1;Somogy;12;gimnázium;nő;nappali;magyar nyelv és irodalom;közép;rendes;Nem;magyar;5;100;100;megjelent;40;10;25;15;8;2;100;-;-;-;-
2020;1;Somogy;12;gimnázium;nő;nappali;magyar nyelv és irodalom;közép;rendes;Nem;magyar;5;89;89;megjelent;32;10;25;15;5;2;89;-;-;-;-
2020;1;Somogy;12;gimnázium;nő;nappali;magyar nyelv és irodalom;közép;rendes;Nem;magyar;5;93;93;megjelent;33;10;25;15;8;2;93;-;-;-;-
2020;1;Somogy;12;gimnázium;nő;nappali;magyar nyelv és irodalom;közép;rendes;Nem;magyar;5;84;84;megjelent;35;10;21;13;3;2;84;-;-;-;-
2020;1;Somogy;12;gimnázium;nő;nappali;magyar nyelv és irodalom;közép;rendes;Nem;magyar;5;86;86;megjelent;37;10;20;15;2;2;86;-;-;-;-
2020;1;Somogy;12;gimnázium;férfi;nappali;magyar nyelv és irodalom;közép;rendes;Nem;magyar;4;78;78;megjelent;33;10;21;12;0;2;78;-;-;-;-
2020;1;Somogy;12;gimnázium;férfi;nappali;magyar nyelv és irodalom;közép;rendes;Nem;magyar;4;74;74;megjelent;31;10;17;13;1;2;74;-;-;-;-
2020;1;Somogy;12;gimnázium;férfi;nappali;magyar nyelv és irodalom;közép;rendes;Nem;magyar;5;93;93;megjelent;36;10;23;15;7;2;93;-;-;-;-
2020;1;Somogy;12;gimnázium;nő;nappali;magyar nyelv és irodalom;közép;rendes;Nem;magyar;5;80;80;megjelent;30;8;21;14;5;2;80;-;-;-;-
2020;1;Somogy;12;szakgimnázium/szakközépiskola (2016.09.01-től kifutó rendszerben);férfi;nappali;magyar nyelv és irodalom;közép;rendes;Nem;magyar;2;26;26;megjelent;12;2;7;3;0;2;26;-;-;-;-
2020;1;Somogy;12;gimnázium;nő;nappali;magyar nyelv és irodalom;közép;rendes;Nem;magyar;5;85;85;megjelent;32;10;19;15;7;2;85;-;-;-;-
2020;1;Somogy;12;gimnázium;nő;nappali;magyar nyelv és irodalom;közép;rendes;Nem;magyar;5;83;83;megjelent;31;10;25;15;0;2;83;-;-;-;-
2020;1;Somogy;12;gimnázium;férfi;nappali;magyar nyelv és irodalom;közép;rendes;Nem;magyar;5;81;81;megjelent;35;9;19;15;2;1;81;-;-;-;-
2020;1;Somogy;12;gimnázium;férfi;nappali;magyar nyelv és irodalom;közép;rendes;Nem;magyar;5;91;91;megjelent;33;10;24;15;7;2;91;-;-;-;-
2020;1;Somogy;12;gimnázium;férfi;nappali;magyar nyelv és irodalom;közép;rendes;Nem;magyar;4;78;78;megjelent;34;9;19;14;0;2;78;-;-;-;-
2020;1;Somogy;12;gimnázium;nő;nappali;magyar nyelv és irodalom;közép;rendes;Nem;magyar;5;90;90;megjelent;37;10;19;15;8;1;90;-;-;-;-
2020;1;Somogy;12;gimnázium;nő;nappali;magyar nyelv és irodalom;közép;rendes;Nem;magyar;5;86;86;megjelent;35;10;18;15;6;2;86;-;-;-;-
2020;1;Somogy;12;gimnázium;férfi;nappali;magyar nyelv és irodalom;közép;rendes;Igen;magyar;4;71;64;megjelent;33;10;15;6;0;0;64;-;-;-;-
2020;1;Somogy;12;gimnázium;férfi;nappali;magyar nyelv és irodalom;közép;rendes;Nem;magyar;4;74;74;megjelent;35;10;16;12;0;1;74;-;-;-;-
2020;1;Somogy;12;gimnázium;nő;nappali;magyar nyelv és irodalom;közép;rendes;Nem;magyar;5;88;88;megjelent;36;10;19;14;7;2;88;-;-;-;-
2020;1;Somogy;12;gimnázium;nő;nappali;magyar nyelv és irodalom;közép;rendes;Nem;magyar;5;97;97;megjelent;37;10;25;15;8;2;97;-;-;-;-
2020;1;Somogy;12;gimnázium;nő;nappali;magyar nyelv és irodalom;közép;rendes;Nem;magyar;4;75;75;megjelent;31;10;19;12;2;1;75;-;-;-;-
2020;1;Somogy;12;gimnázium;férfi;nappali;magyar nyelv és irodalom;közép;rendes;Nem;magyar;5;86;86;megjelent;37;10;19;13;5;2;86;-;-;-;-
2020;1;Somogy;12;gimnázium;férfi;nappali;magyar nyelv és irodalom;közép;rendes;Nem;magyar;5;81;81;megjelent;37;10;18;13;2;1;81;-;-;-;-
2020;1;Somogy;12;gimnázium;férfi;nappali;magyar nyelv és irodalom;közép;rendes;Nem;magyar;5;91;91;megjelent;37;10;23;15;4;2;91;-;-;-;-
2020;1;Somogy;12;szakgimnázium/szakközépiskola (2016.09.01-től kifutó rendszerben);nő;nappali;magyar nyelv és irodalom;közép;rendes;Nem;magyar;3;56;56;megjelent;26;8;11;9;0;2;56;-;-;-;-
2020;1;Somogy;12;szakgimnázium/szakközépiskola (2016.09.01-től kifutó rendszerben);nő;nappali;magyar nyelv és irodalom;közép;rendes;Nem;magyar;3;48;48;megjelent;25;6;6;6;4;1;48;-;-;-;-
2020;1;Somogy;12;szakgimnázium/szakközépiskola (2016.09.01-től kifutó rendszerben);nő;nappali;magyar nyelv és irodalom;közép;rendes;Nem;magyar;3;49;49;megjelent;21;6;12;9;0;1;49;-;-;-;-
2020;1;Somogy;12;szakgimnázium/szakközépiskola (2016.09.01-től kifutó rendszerben);nő;nappali;magyar nyelv és irodalom;közép;rendes;Nem;magyar;3;56;56;megjelent;24;7;11;12;0;2;56;-;-;-;-
2020;1;Somogy;12;szakgimnázium/szakközépiskola (2016.09.01-től kifutó rendszerben);férfi;nappali;magyar nyelv és irodalom;közép;rendes;Nem;magyar;3;42;42;megjelent;21;6;6;7;0;2;42;-;-;-;-
2020;1;Somogy;12;szakgimnázium/szakközépiskola (2016.09.01-től kifutó rendszerben);nő;nappali;magyar nyelv és irodalom;közép;rendes;Nem;magyar;3;45;45;megjelent;21;3;8;8;3;2;45;-;-;-;-
2020;1;Somogy;12;szakgimnázium/szakközépiskola (2016.09.01-től kifutó rendszerben);férfi;nappali;magyar nyelv és irodalom;közép;rendes;Nem;magyar;3;50;50;megjelent;23;5;14;7;0;1;50;-;-;-;-
2020;1;Somogy;12;szakgimnázium/szakközépiskola (2016.09.01-től kifutó rendszerben);férfi;nappali;magyar nyelv és irodalom;közép;előrehozott;Nem;magyar;2;28;28;megjelent;28;0;0;0;0;0;28;-;-;-;-
2020;1;Somogy;12;szakgimnázium/szakközépiskola (2016.09.01-től kifutó rendszerben);nő;nappali;magyar nyelv és irodalom;közép;rendes;Nem;magyar;3;44;44;megjelent;23;5;7;6;2;1;44;-;-;-;-
2020;1;Somogy;12;szakgimnázium/szakközépiskola (2016.09.01-től kifutó rendszerben);férfi;nappali;magyar nyelv és irodalom;közép;rendes;Nem;magyar;3;50;50;megjelent;26;6;11;7;0;0;50;-;-;-;-
2020;1;Somogy;12;szakgimnázium/szakközépiskola (2016.09.01-től kifutó rendszerben);férfi;nappali;magyar nyelv és irodalom;közép;rendes;Nem;magyar;3;54;54;megjelent;33;4;7;7;3;0;54;-;-;-;-
2020;1;Somogy;12;szakgimnázium/szakközépiskola (2016.09.01-től kifutó rendszerben);férfi;nappali;magyar nyelv és irodalom;közép;rendes;Nem;magyar;4;67;67;megjelent;30;8;18;11;0;0;67;-;-;-;-
2020;1;Somogy;12;gimnázium;nő;nappali;magyar nyelv és irodalom;közép;rendes;Nem;magyar;4;72;72;megjelent;31;8;14;11;6;2;72;-;-;-;-
2020;1;Somogy;12;gimnázium;férfi;nappali;magyar nyelv és irodalom;közép;rendes;Nem;magyar;2;34;34;megjelent;23;5;3;1;2;0;34;-;-;-;-
2020;1;Somogy;12;gimnázium;nő;nappali;magyar nyelv és irodalom;közép;rendes;Nem;magyar;4;65;65;megjelent;28;6;14;11;4;2;65;-;-;-;-
2020;1;Somogy;12;gimnázium;nő;nappali;magyar nyelv és irodalom;közép;rendes;Nem;magyar;5;80;80;megjelent;32;8;19;13;6;2;80;-;-;-;-
2020;1;Somogy;12;gimnázium;férfi;nappali;magyar nyelv és irodalom;közép;rendes;Nem;magyar;3;51;51;megjelent;31;6;6;7;0;1;51;-;-;-;-
2020;1;Somogy;12;gimnázium;nő;nappali;magyar nyelv és irodalom;közép;rendes;Nem;magyar;4;61;61;megjelent;29;5;10;9;6;2;61;-;-;-;-
2020;1;Somogy;12;szakgimnázium/szakközépiskola (2016.09.01-től kifutó rendszerben);férfi;nappali;magyar nyelv és irodalom;közép;rendes;Nem;magyar;3;52;52;megjelent;27;6;7;6;5;1;52;-;-;-;-
2020;1;Somogy;12;szakgimnázium/szakközépiskola (2016.09.01-től kifutó rendszerben);férfi;nappali;magyar nyelv és irodalom;közép;rendes;Nem;magyar;2;28;28;megjelent;24;3;1;0;0;0;28;-;-;-;-
2020;1;Somogy;12;gimnázium;férfi;nappali;magyar nyelv és irodalom;közép;rendes;Nem;magyar;4;62;62;megjelent;30;6;8;9;7;2;62;-;-;-;-
2020;1;Somogy;12;gimnázium;férfi;nappali;magyar nyelv és irodalom;közép;rendes;Nem;magyar;3;50;50;megjelent;27;0;14;8;0;1;50;-;-;-;-
2020;1;Somogy;12;szakgimnázium/szakközépiskola (2016.09.01-től kifutó rendszerben);férfi;nappali;magyar nyelv és irodalom;közép;rendes;Nem;magyar;3;57;57;megjelent;25;7;8;9;8;0;57;-;-;-;-
2020;1;Somogy;12;gimnázium;férfi;nappali;magyar nyelv és irodalom;közép;rendes;Nem;magyar;5;92;92;megjelent;36;10;22;15;8;1;92;-;-;-;-
2020;1;Somogy;12;gimnázium;férfi;nappali;magyar nyelv és irodalom;közép;rendes;Nem;magyar;3;57;57;megjelent;29;6;13;8;0;1;57;-;-;-;-
2020;1;Somogy;12;szakgimnázium/szakközépiskola (2016.09.01-től kifutó rendszerben);férfi;nappali;magyar nyelv és irodalom;közép;rendes;Nem;magyar;3;42;42;megjelent;26;5;2;3;6;0;42;-;-;-;-
2020;1;Somogy;12;szakgimnázium/szakközépiskola (2016.09.01-től kifutó rendszerben);férfi;nappali;magyar nyelv és irodalom;közép;rendes;Nem;magyar;3;57;57;megjelent;33;9;6;6;3;0;57;-;-;-;-
2020;1;Somogy;12;szakgimnázium/szakközépiskola (2016.09.01-től kifutó rendszerben);férfi;nappali;magyar nyelv és irodalom;közép;rendes;Nem;magyar;2;36;36;megjelent;18;8;4;4;0;2;36;-;-;-;-
2020;1;Somogy;12;gimnázium;férfi;nappali;magyar nyelv és irodalom;közép;rendes;Nem;magyar;3;42;42;megjelent;23;8;2;3;5;1;42;-;-;-;-
2020;1;Somogy;12;szakgimnázium/szakközépiskola (2016.09.01-től kifutó rendszerben);férfi;nappali;magyar nyelv és irodalom;közép;rendes;Nem;magyar;3;55;55;megjelent;23;6;11;6;8;1;55;-;-;-;-
2020;1;Somogy;12;szakgimnázium/szakközépiskola (2016.09.01-től kifutó rendszerben);férfi;nappali;magyar nyelv és irodalom;közép;rendes;Nem;magyar;3;56;56;megjelent;37;6;8;4;0;1;56;-;-;-;-
2020;1;Somogy;12;gimnázium;férfi;nappali;magyar nyelv és irodalom;közép;rendes;Nem;magyar;2;27;27;megjelent;18;2;3;3;0;1;27;-;-;-;-
2020;1;Somogy;12;szakgimnázium/szakközépiskola (2016.09.01-től kifutó rendszerben);férfi;nappali;magyar nyelv és irodalom;közép;rendes;Nem;magyar;4;70;70;megjelent;27;10;14;9;8;2;70;-;-;-;-
2020;1;Somogy;12;szakgimnázium/szakközépiskola (2016.09.01-től kifutó rendszerben);férfi;nappali;magyar nyelv és irodalom;közép;rendes;Nem;magyar;2;38;38;megjelent;17;7;6;7;0;1;38;-;-;-;-
2020;1;Somogy;12;gimnázium;férfi;nappali;magyar nyelv és irodalom;közép;rendes;Nem;magyar;4;62;62;megjelent;29;7;13;12;0;1;62;-;-;-;-
2020;1;Somogy;12;szakgimnázium/szakközépiskola (2016.09.01-től kifutó rendszerben);férfi;nappali;magyar nyelv és irodalom;közép;rendes;Nem;magyar;3;43;43;megjelent;25;5;6;6;0;1;43;-;-;-;-
2020;1;Somogy;12;gimnázium;nő;nappali;magyar nyelv és irodalom;közép;rendes;Nem;magyar;5;80;80;megjelent;33;9;22;14;0;2;80;-;-;-;-
2020;1;Somogy;12;gimnázium;nő;nappali;magyar nyelv és irodalom;közép;rendes;Nem;magyar;5;89;89;megjelent;37;10;22;14;4;2;89;-;-;-;-
2020;1;Somogy;12;gimnázium;nő;nappali;magyar nyelv és irodalom;közép;rendes;Nem;magyar;3;49;49;megjelent;28;7;8;5;0;1;49;-;-;-;-
2020;1;Somogy;12;gimnázium;férfi;nappali;magyar nyelv és irodalom;közép;rendes;Nem;magyar;4;61;61;megjelent;32;8;10;10;0;1;61;-;-;-;-
2020;1;Somogy;12;szakgimnázium/szakközépiskola (2016.09.01-től kifutó rendszerben);férfi;nappali;magyar nyelv és irodalom;közép;rendes;Nem;magyar;2;37;37;megjelent;14;3;9;6;5;0;37;-;-;-;-
2020;1;Somogy;13;szakközép;nő;nappali;magyar nyelv és irodalom;közép;rendes;Nem;magyar;4;60;60;megjelent;31;7;10;11;0;1;60;-;-;-;-
2020;1;Somogy;13;szakközép;férfi;nappali;magyar nyelv és irodalom;közép;rendes;Nem;magyar;2;30;30;megjelent;20;3;4;3;0;0;30;-;-;-;-
2020;1;Somogy;13;szakközép;nő;nappali;magyar nyelv és irodalom;közép;rendes;Nem;magyar;2;36;36;megjelent;20;4;4;8;0;0;36;-;-;-;-
2020;1;Somogy;13;szakközép;férfi;nappali;magyar nyelv és irodalom;közép;rendes;Nem;magyar;3;57;57;megjelent;33;6;9;9;0;0;57;-;-;-;-
2020;1;Somogy;12;szakgimnázium/szakközépiskola (2016.09.01-től kifutó rendszerben);férfi;nappali;magyar nyelv és irodalom;közép;rendes;Nem;magyar;2;38;38;megjelent;22;5;0;1;8;2;38;-;-;-;-
2020;1;Somogy;12;szakgimnázium/szakközépiskola (2016.09.01-től kifutó rendszerben);férfi;nappali;magyar nyelv és irodalom;közép;rendes;Igen;magyar;3;43;40;megjelent;27;5;3;5;0;0;40;-;-;-;-
2020;1;Somogy;12;gimnázium;férfi;nappali;magyar nyelv és irodalom;közép;rendes;Nem;magyar;4;63;63;megjelent;29;5;20;8;0;1;63;-;-;-;-
2020;1;Somogy;12;gimnázium;nő;nappali;magyar nyelv és irodalom;közép;rendes;Nem;magyar;3;56;56;megjelent;29;7;9;9;0;2;56;-;-;-;-
2020;1;Somogy;12;gimnázium;nő;nappali;magyar nyelv és irodalom;közép;rendes;Nem;magyar;3;47;47;megjelent;27;4;10;6;0;0;47;-;-;-;-
2020;1;Somogy;12;gimnázium;férfi;nappali;magyar nyelv és irodalom;közép;rendes;Nem;magyar;4;72;72;megjelent;36;9;15;10;0;2;72;-;-;-;-
2020;1;Somogy;12;gimnázium;férfi;nappali;magyar nyelv és irodalom;közép;rendes;Nem;magyar;5;98;98;megjelent;40;10;25;14;7;2;98;-;-;-;-
2020;1;Somogy;12;gimnázium;férfi;nappali;magyar nyelv és irodalom;közép;rendes;Nem;magyar;4;78;78;megjelent;38;9;15;14;0;2;78;-;-;-;-
2020;1;Somogy;12;gimnázium;nő;nappali;magyar nyelv és irodalom;közép;rendes;Nem;magyar;5;87;87;megjelent;37;10;20;15;3;2;87;-;-;-;-
2020;1;Somogy;12;gimnázium;férfi;nappali;magyar nyelv és irodalom;közép;rendes;Nem;magyar;5;93;93;megjelent;39;10;22;14;6;2;93;-;-;-;-
2020;1;Somogy;12;gimnázium;férfi;nappali;magyar nyelv és irodalom;közép;rendes;Nem;magyar;4;74;74;megjelent;31;9;15;11;6;2;74;-;-;-;-
2020;1;Somogy;12;gimnázium;nő;nappali;magyar nyelv és irodalom;közép;rendes;Nem;magyar;5;92;92;megjelent;38;10;23;14;5;2;92;-;-;-;-
2020;1;Somogy;12;gimnázium;férfi;nappali;magyar nyelv és irodalom;közép;rendes;Nem;magyar;5;83;83;megjelent;37;9;20;14;1;2;83;-;-;-;-
2020;1;Somogy;12;gimnázium;férfi;nappali;magyar nyelv és irodalom;közép;rendes;Nem;magyar;5;87;87;megjelent;38;10;17;13;7;2;87;-;-;-;-
2020;1;Somogy;12;gimnázium;nő;nappali;magyar nyelv és irodalom;közép;rendes;Nem;magyar;5;82;82;megjelent;35;10;21;14;0;2;82;-;-;-;-
2020;1;Somogy;12;gimnázium;férfi;nappali;magyar nyelv és irodalom;közép;rendes;Nem;magyar;5;85;85;megjelent;36;9;19;14;5;2;85;-;-;-;-
2020;1;Somogy;12;gimnázium;férfi;nappali;magyar nyelv és irodalom;közép;rendes;Nem;magyar;5;86;86;megjelent;34;10;20;13;7;2;86;-;-;-;-
2020;1;Somogy;12;gimnázium;nő;nappali;magyar nyelv és irodalom;közép;rendes;Nem;magyar;5;89;89;megjelent;38;10;23;14;2;2;89;-;-;-;-
2020;1;Somogy;12;gimnázium;férfi;nappali;magyar nyelv és irodalom;közép;rendes;Nem;magyar;5;92;92;megjelent;38;10;20;14;8;2;92;-;-;-;-
2020;1;Somogy;12;gimnázium;férfi;nappali;magyar nyelv és irodalom;közép;rendes;Nem;magyar;5;84;84;megjelent;38;9;15;13;7;2;84;-;-;-;-
2020;1;Somogy;12;gimnázium;férfi;nappali;magyar nyelv és irodalom;közép;rendes;Nem;magyar;4;77;77;megjelent;36;10;17;12;0;2;77;-;-;-;-
2020;1;Somogy;12;gimnázium;férfi;nappali;magyar nyelv és irodalom;közép;rendes;Nem;magyar;5;85;85;megjelent;36;9;19;13;6;2;85;-;-;-;-
2020;1;Somogy;12;gimnázium;nő;nappali;magyar nyelv és irodalom;közép;rendes;Nem;magyar;5;83;83;megjelent;37;10;20;12;2;2;83;-;-;-;-
2020;1;Somogy;12;gimnázium;férfi;nappali;magyar nyelv és irodalom;közép;rendes;Nem;magyar;5;83;83;megjelent;36;9;18;13;5;2;83;-;-;-;-
2020;1;Somogy;12;gimnázium;férfi;nappali;magyar nyelv és irodalom;közép;rendes;Nem;magyar;4;68;68;megjelent;36;5;12;8;5;2;68;-;-;-;-
2020;1;Somogy;12;gimnázium;férfi;nappali;magyar nyelv és irodalom;közép;rendes;Igen;magyar;4;71;66;megjelent;33;7;17;9;0;0;66;-;-;-;-
2020;1;Somogy;12;gimnázium;nő;nappali;magyar nyelv és irodalom;közép;rendes;Nem;magyar;4;65;65;megjelent;31;6;14;10;2;2;65;-;-;-;-
2020;1;Somogy;12;gimnázium;férfi;nappali;magyar nyelv és irodalom;közép;rendes;Nem;magyar;4;64;64;megjelent;32;7;14;9;0;2;64;-;-;-;-
2020;1;Somogy;12;gimnázium;férfi;nappali;magyar nyelv és irodalom;közép;rendes;Nem;magyar;5;90;90;megjelent;35;10;23;15;5;2;90;-;-;-;-
2020;1;Somogy;12;gimnázium;nő;nappali;magyar nyelv és irodalom;közép;rendes;Nem;magyar;3;42;42;megjelent;27;6;5;4;0;0;42;-;-;-;-
2020;1;Somogy;12;gimnázium;nő;nappali;magyar nyelv és irodalom;közép;rendes;Nem;magyar;2;36;36;megjelent;28;2;4;2;0;0;36;-;-;-;-
2020;1;Somogy;12;gimnázium;nő;nappali;magyar nyelv és irodalom;közép;rendes;Nem;magyar;3;53;53;megjelent;22;7;15;8;0;1;53;-;-;-;-
2020;1;Somogy;12;gimnázium;nő;nappali;magyar nyelv és irodalom;közép;rendes;Nem;magyar;2;36;36;megjelent;20;6;3;6;0;1;36;-;-;-;-
2020;1;Somogy;12;gimnázium;nő;nappali;magyar nyelv és irodalom;közép;rendes;Nem;magyar;3;50;50;megjelent;26;6;9;8;0;1;50;-;-;-;-
2020;1;Somogy;12;gimnázium;nő;nappali;magyar nyelv és irodalom;közép;rendes;Nem;magyar;4;75;75;megjelent;34;8;17;12;3;1;75;-;-;-;-
2020;1;Somogy;12;gimnázium;nő;nappali;magyar nyelv és irodalom;közép;rendes;Nem;magyar;5;96;96;megjelent;39;10;23;15;7;2;96;-;-;-;-
2020;1;Somogy;12;gimnázium;nő;nappali;magyar nyelv és irodalom;közép;rendes;Nem;magyar;4;70;70;megjelent;31;7;18;12;2;0;70;-;-;-;-
2020;1;Somogy;12;gimnázium;nő;nappali;magyar nyelv és irodalom;közép;rendes;Nem;magyar;5;86;86;megjelent;31;10;25;15;3;2;86;-;-;-;-
2020;1;Somogy;12;gimnázium;férfi;nappali;magyar nyelv és irodalom;közép;rendes;Nem;magyar;3;57;57;megjelent;32;8;9;6;0;2;57;-;-;-;-
2020;1;Somogy;12;gimnázium;nő;nappali;magyar nyelv és irodalom;közép;rendes;Igen;magyar;3;53;49;megjelent;26;4;12;5;0;2;49;-;-;-;-
2020;1;Somogy;12;gimnázium;férfi;nappali;magyar nyelv és irodalom;közép;rendes;Nem;magyar;4;61;61;megjelent;26;5;20;9;0;1;61;-;-;-;-
2020;1;Somogy;12;gimnázium;férfi;nappali;magyar nyelv és irodalom;közép;rendes;Nem;magyar;4;70;70;megjelent;33;6;14;11;5;1;70;-;-;-;-
2020;1;Somogy;12;gimnázium;férfi;nappali;magyar nyelv és irodalom;közép;rendes;Nem;magyar;5;89;89;megjelent;34;10;23;13;7;2;89;-;-;-;-
2020;1;Somogy;12;gimnázium;férfi;nappali;magyar nyelv és irodalom;közép;rendes;Nem;magyar;4;75;75;megjelent;34;9;18;12;0;2;75;-;-;-;-
2020;1;Somogy;12;gimnázium;férfi;nappali;magyar nyelv és irodalom;közép;rendes;Nem;magyar;4;71;71;megjelent;30;9;17;12;2;1;71;-;-;-;-
2020;1;Somogy;12;gimnázium;nő;nappali;magyar nyelv és irodalom;közép;rendes;Nem;magyar;4;70;70;megjelent;35;8;16;9;0;2;70;-;-;-;-
2020;1;Somogy;12;gimnázium;nő;nappali;magyar nyelv és irodalom;közép;rendes;Nem;magyar;5;86;86;megjelent;37;10;18;11;8;2;86;-;-;-;-
2020;1;Somogy;12;gimnázium;férfi;nappali;magyar nyelv és irodalom;közép;rendes;Nem;magyar;3;55;55;megjelent;32;8;5;7;1;2;55;-;-;-;-
2020;1;Somogy;12;gimnázium;nő;nappali;magyar nyelv és irodalom;közép;rendes;Nem;magyar;5;85;85;megjelent;38;8;18;12;7;2;85;-;-;-;-
2020;1;Somogy;12;gimnázium;nő;nappali;magyar nyelv és irodalom;közép;rendes;Nem;magyar;5;86;86;megjelent;38;10;21;11;4;2;86;-;-;-;-
2020;1;Somogy;12;gimnázium;nő;nappali;magyar nyelv és irodalom;közép;rendes;Nem;magyar;5;94;94;megjelent;38;9;24;13;8;2;94;-;-;-;-
2020;1;Somogy;12;gimnázium;nő;nappali;magyar nyelv és irodalom;közép;rendes;Nem;magyar;5;80;80;megjelent;33;9;20;13;3;2;80;-;-;-;-
2020;1;Somogy;12;gimnázium;férfi;nappali;magyar nyelv és irodalom;közép;rendes;Nem;magyar;4;60;60;megjelent;27;9;14;9;0;1;60;-;-;-;-
2020;1;Somogy;12;gimnázium;nő;nappali;magyar nyelv és irodalom;közép;rendes;Nem;magyar;5;84;84;megjelent;34;9;20;14;5;2;84;-;-;-;-
2020;1;Somogy;12;gimnázium;férfi;nappali;magyar nyelv és irodalom;közép;rendes;Nem;magyar;3;45;45;megjelent;24;6;6;9;0;0;45;-;-;-;-
2020;1;Somogy;12;gimnázium;férfi;nappali;magyar nyelv és irodalom;közép;rendes;Nem;magyar;4;69;69;megjelent;32;8;16;9;2;2;69;-;-;-;-
2020;1;Somogy;12;gimnázium;nő;nappali;magyar nyelv és irodalom;közép;rendes;Nem;magyar;5;90;90;megjelent;37;10;19;14;8;2;90;-;-;-;-
2020;1;Somogy;12;gimnázium;férfi;nappali;magyar nyelv és irodalom;közép;rendes;Nem;magyar;5;85;85;megjelent;30;8;25;14;6;2;85;-;-;-;-
2020;1;Somogy;12;gimnázium;nő;nappali;magyar nyelv és irodalom;közép;rendes;Nem;magyar;5;90;90;megjelent;37;9;20;14;8;2;90;-;-;-;-
2020;1;Somogy;12;gimnázium;nő;nappali;magyar nyelv és irodalom;közép;rendes;Nem;magyar;5;83;83;megjelent;35;8;18;12;8;2;83;-;-;-;-
2020;1;Somogy;12;gimnázium;férfi;nappali;magyar nyelv és irodalom;közép;rendes;Nem;magyar;3;58;58;megjelent;34;7;4;6;6;1;58;-;-;-;-
2020;1;Somogy;12;gimnázium;nő;nappali;magyar nyelv és irodalom;közép;rendes;Nem;magyar;5;80;80;megjelent;37;9;20;8;4;2;80;-;-;-;-
2020;1;Somogy;12;gimnázium;férfi;nappali;magyar nyelv és irodalom;közép;rendes;Nem;magyar;5;80;80;megjelent;37;8;22;11;0;2;80;-;-;-;-
2020;1;Somogy;12;gimnázium;férfi;nappali;magyar nyelv és irodalom;közép;rendes;Nem;magyar;3;55;55;megjelent;27;6;15;7;0;0;55;-;-;-;-
2020;1;Somogy;12;gimnázium;férfi;nappali;magyar nyelv és irodalom;közép;rendes;Nem;magyar;3;47;47;megjelent;27;6;10;4;0;0;47;-;-;-;-
2020;1;Somogy;12;gimnázium;nő;nappali;magyar nyelv és irodalom;közép;rendes;Nem;magyar;2;28;28;megjelent;18;6;2;1;0;1;28;-;-;-;-
2020;1;Somogy;12;gimnázium;férfi;nappali;magyar nyelv és irodalom;közép;rendes;Nem;magyar;3;41;41;megjelent;25;3;9;4;0;0;41;-;-;-;-
2020;1;Somogy;12;gimnázium;nő;nappali;magyar nyelv és irodalom;közép;rendes;Nem;magyar;4;74;74;megjelent;29;8;19;13;3;2;74;-;-;-;-
2020;1;Somogy;12;gimnázium;nő;nappali;magyar nyelv és irodalom;közép;rendes;Nem;magyar;4;61;61;megjelent;22;9;18;11;0;1;61;-;-;-;-
2020;1;Somogy;12;gimnázium;nő;nappali;magyar nyelv és irodalom;közép;rendes;Nem;magyar;5;82;82;megjelent;36;8;22;11;5;0;82;-;-;-;-
2020;1;Somogy;12;gimnázium;nő;nappali;magyar nyelv és irodalom;közép;rendes;Nem;magyar;3;42;42;megjelent;23;5;8;4;0;2;42;-;-;-;-
2020;1;Somogy;12;gimnázium;nő;nappali;magyar nyelv és irodalom;közép;rendes;Nem;magyar;4;62;62;megjelent;30;8;10;11;1;2;62;-;-;-;-
2020;1;Somogy;12;gimnázium;nő;nappali;magyar nyelv és irodalom;közép;rendes;Nem;magyar;4;67;67;megjelent;29;7;19;11;0;1;67;-;-;-;-
2020;1;Somogy;12;gimnázium;férfi;nappali;magyar nyelv és irodalom;közép;rendes;Nem;magyar;4;67;67;megjelent;29;9;16;12;0;1;67;-;-;-;-
2020;1;Somogy;12;gimnázium;nő;nappali;magyar nyelv és irodalom;közép;rendes;Nem;magyar;3;46;46;megjelent;27;6;9;4;0;0;46;-;-;-;-
2020;1;Somogy;12;gimnázium;nő;nappali;magyar nyelv és irodalom;közép;rendes;Nem;magyar;3;53;53;megjelent;25;7;9;8;2;2;53;-;-;-;-
2020;1;Somogy;12;gimnázium;férfi;nappali;magyar nyelv és irodalom;közép;rendes;Nem;magyar;2;25;25;megjelent;18;0;4;3;0;0;25;-;-;-;-
2020;1;Somogy;12;gimnázium;nő;nappali;magyar nyelv és irodalom;közép;rendes;Nem;magyar;3;49;49;megjelent;21;0;11;8;7;2;49;-;-;-;-
2020;1;Somogy;12;gimnázium;nő;nappali;magyar nyelv és irodalom;közép;rendes;Nem;magyar;3;57;57;megjelent;26;9;12;8;0;2;57;-;-;-;-
2020;1;Somogy;12;gimnázium;nő;nappali;magyar nyelv és irodalom;közép;rendes;Nem;magyar;4;66;66;megjelent;28;8;18;11;0;1;66;-;-;-;-
2020;1;Somogy;12;gimnázium;nő;nappali;magyar nyelv és irodalom;közép;rendes;Nem;magyar;5;85;85;megjelent;35;10;24;14;0;2;85;-;-;-;-
2020;1;Somogy;12;gimnázium;férfi;nappali;magyar nyelv és irodalom;közép;rendes;Nem;magyar;4;66;66;megjelent;29;8;17;12;0;0;66;-;-;-;-
2020;1;Somogy;12;gimnázium;férfi;nappali;magyar nyelv és irodalom;közép;rendes;Nem;magyar;4;68;68;megjelent;30;9;15;12;2;0;68;-;-;-;-
2020;1;Somogy;12;gimnázium;nő;nappali;magyar nyelv és irodalom;közép;rendes;Nem;magyar;4;75;75;megjelent;31;9;19;14;0;2;75;-;-;-;-
2020;1;Somogy;12;gimnázium;nő;nappali;magyar nyelv és irodalom;közép;rendes;Nem;magyar;4;77;77;megjelent;31;8;22;14;0;2;77;-;-;-;-
2020;1;Somogy;12;szakgimnázium/szakközépiskola (2016.09.01-től kifutó rendszerben);férfi;nappali;magyar nyelv és irodalom;közép;rendes;Nem;magyar;2;36;36;megjelent;23;3;7;3;0;0;36;-;-;-;-
2020;1;Somogy;12;szakgimnázium/szakközépiskola (2016.09.01-től kifutó rendszerben);nő;nappali;magyar nyelv és irodalom;közép;rendes;Nem;magyar;4;66;66;megjelent;32;6;15;11;0;2;66;-;-;-;-
2020;1;Somogy;12;szakgimnázium/szakközépiskola (2016.09.01-től kifutó rendszerben);nő;nappali;magyar nyelv és irodalom;közép;rendes;Nem;magyar;2;30;30;megjelent;18;4;4;4;0;0;30;-;-;-;-
2020;1;Somogy;12;szakgimnázium/szakközépiskola (2016.09.01-től kifutó rendszerben);férfi;nappali;magyar nyelv és irodalom;közép;rendes;Igen;magyar;3;41;38;megjelent;24;5;6;3;0;0;38;-;-;-;-
2020;1;Somogy;12;gimnázium;férfi;nappali;magyar nyelv és irodalom;közép;rendes;Nem;magyar;5;82;82;megjelent;33;10;23;14;0;2;82;-;-;-;-
2020;1;Somogy;12;szakgimnázium/szakközépiskola (2016.09.01-től kifutó rendszerben);férfi;nappali;magyar nyelv és irodalom;közép;rendes;Nem;magyar;2;38;38;megjelent;26;2;2;1;7;0;38;-;-;-;-
2020;1;Somogy;12;szakgimnázium/szakközépiskola (2016.09.01-től kifutó rendszerben);férfi;nappali;magyar nyelv és irodalom;közép;előrehozott;Nem;magyar;3;40;40;megjelent;25;0;7;5;3;0;40;-;-;-;-
2020;1;Somogy;12;gimnázium;férfi;nappali;magyar nyelv és irodalom;közép;rendes;Nem;magyar;4;66;66;megjelent;28;9;15;11;1;2;66;-;-;-;-
2020;1;Somogy;13;szakközép;nő;nappali;magyar nyelv és irodalom;közép;rendes;Nem;magyar;3;49;49;megjelent;23;7;9;8;0;2;49;-;-;-;-
2020;1;Somogy;13;szakközép;férfi;nappali;magyar nyelv és irodalom;közép;rendes;Nem;magyar;3;45;45;megjelent;24;0;10;6;4;1;45;-;-;-;-
2020;1;Somogy;12;gimnázium;nő;nappali;magyar nyelv és irodalom;közép;rendes;Nem;magyar;4;60;60;megjelent;33;7;9;9;0;2;60;-;-;-;-
2020;1;Somogy;12;gimnázium;férfi;nappali;magyar nyelv és irodalom;közép;rendes;Nem;magyar;4;63;63;megjelent;31;9;13;8;0;2;63;-;-;-;-
2020;1;Somogy;12;gimnázium;férfi;nappali;magyar nyelv és irodalom;közép;rendes;Nem;magyar;5;84;84;megjelent;34;10;23;15;0;2;84;-;-;-;-
2020;1;Somogy;12;gimnázium;nő;nappali;magyar nyelv és irodalom;közép;rendes;Nem;magyar;4;64;64;megjelent;26;9;15;12;0;2;64;-;-;-;-
2020;1;Somogy;12;gimnázium;nő;nappali;magyar nyelv és irodalom;közép;rendes;Nem;magyar;4;70;70;megjelent;27;10;19;12;0;2;70;-;-;-;-
2020;1;Somogy;12;gimnázium;nő;nappali;magyar nyelv és irodalom;közép;rendes;Nem;magyar;4;65;65;megjelent;25;9;17;12;0;2;65;-;-;-;-
2020;1;Somogy;13;szakközép;férfi;nappali;magyar nyelv és irodalom;közép;rendes;Nem;magyar;2;30;30;megjelent;19;9;0;0;0;2;30;-;-;-;-
2020;1;Somogy;13;szakközép;nő;nappali;magyar nyelv és irodalom;közép;rendes;Nem;magyar;3;53;53;megjelent;27;9;6;9;0;2;53;-;-;-;-
2020;1;Somogy;12;gimnázium;nő;nappali;magyar nyelv és irodalom;közép;rendes;Nem;magyar;4;60;60;megjelent;30;7;12;9;0;2;60;-;-;-;-
2020;1;Somogy;12;gimnázium;nő;nappali;magyar nyelv és irodalom;közép;rendes;Nem;magyar;3;56;56;megjelent;32;9;6;6;1;2;56;-;-;-;-
2020;1;Somogy;13;szakközép;férfi;nappali;magyar nyelv és irodalom;közép;rendes;Nem;magyar;3;46;46;megjelent;21;5;10;6;3;1;46;-;-;-;-
2020;1;Somogy;13;szakközép;nő;nappali;magyar nyelv és irodalom;közép;rendes;Nem;magyar;3;56;56;megjelent;25;9;6;8;6;2;56;-;-;-;-
2020;1;Somogy;12;gimnázium;nő;nappali;magyar nyelv és irodalom;közép;rendes;Nem;magyar;4;74;74;megjelent;34;9;19;10;2;0;74;-;-;-;-
2020;1;Somogy;12;gimnázium;nő;nappali;magyar nyelv és irodalom;közép;rendes;Nem;magyar;5;91;91;megjelent;38;10;21;14;6;2;91;-;-;-;-
2020;1;Somogy;12;gimnázium;nő;nappali;magyar nyelv és irodalom;közép;rendes;Nem;magyar;3;51;51;megjelent;30;4;10;6;0;1;51;-;-;-;-
2020;1;Somogy;12;gimnázium;nő;nappali;magyar nyelv és irodalom;közép;rendes;Nem;magyar;3;52;52;megjelent;26;7;10;7;0;2;52;-;-;-;-
2020;1;Somogy;13;szakközép;férfi;nappali;magyar nyelv és irodalom;közép;rendes;Nem;magyar;3;58;58;megjelent;34;2;13;8;0;1;58;-;-;-;-
2020;1;Somogy;12;gimnázium;nő;nappali;magyar nyelv és irodalom;közép;rendes;Nem;magyar;5;89;89;megjelent;34;10;21;14;8;2;89;-;-;-;-
2020;1;Somogy;13;szakközép;férfi;nappali;magyar nyelv és irodalom;közép;rendes;Nem;magyar;3;52;52;megjelent;30;5;10;6;0;1;52;-;-;-;-
2020;1;Somogy;13;szakközép;nő;nappali;magyar nyelv és irodalom;közép;rendes;Nem;magyar;2;30;30;megjelent;16;0;5;4;3;2;30;-;-;-;-
2020;1;Somogy;12;szakgimnázium/szakközépiskola (2016.09.01-től kifutó rendszerben);nő;nappali;magyar nyelv és irodalom;közép;rendes;Nem;magyar;2;30;30;megjelent;16;5;7;2;0;0;30;-;-;-;-
2020;1;Somogy;13;szakközép;nő;nappali;magyar nyelv és irodalom;közép;rendes;Nem;magyar;3;59;59;megjelent;30;10;10;7;0;2;59;-;-;-;-
2020;1;Somogy;13;szakközép;nő;nappali;magyar nyelv és irodalom;közép;előrehozott;Nem;magyar;2;27;27;megjelent;12;5;5;3;0;2;27;-;-;-;-
2020;1;Somogy;12;gimnázium;férfi;nappali;magyar nyelv és irodalom;közép;rendes;Nem;magyar;4;64;64;megjelent;34;9;7;7;5;2;64;-;-;-;-
2020;1;Somogy;12;gimnázium;férfi;nappali;magyar nyelv és irodalom;közép;rendes;Nem;magyar;4;74;74;megjelent;36;9;17;11;0;1;74;-;-;-;-
2020;1;Somogy;12;gimnázium;nő;nappali;magyar nyelv és irodalom;közép;rendes;Nem;magyar;3;49;49;megjelent;23;8;8;7;1;2;49;-;-;-;-
2020;1;Somogy;12;gimnázium;nő;nappali;magyar nyelv és irodalom;közép;rendes;Nem;magyar;3;55;55;megjelent;30;8;7;8;0;2;55;-;-;-;-
2020;1;Somogy;12;gimnázium;nő;nappali;magyar nyelv és irodalom;közép;rendes;Nem;magyar;5;89;89;megjelent;32;10;22;15;8;2;89;-;-;-;-
2020;1;Somogy;12;gimnázium;férfi;nappali;magyar nyelv és irodalom;közép;rendes;Nem;magyar;4;70;70;megjelent;33;9;15;10;2;1;70;-;-;-;-
2020;1;Somogy;12;gimnázium;nő;nappali;magyar nyelv és irodalom;közép;rendes;Nem;magyar;5;83;83;megjelent;34;9;20;12;6;2;83;-;-;-;-
2020;1;Somogy;12;gimnázium;férfi;nappali;magyar nyelv és irodalom;közép;rendes;Nem;magyar;3;51;51;megjelent;28;6;9;6;0;2;51;-;-;-;-
2020;1;Somogy;12;gimnázium;férfi;nappali;magyar nyelv és irodalom;közép;rendes;Nem;magyar;4;76;76;megjelent;40;8;18;10;0;0;76;-;-;-;-
2020;1;Somogy;12;gimnázium;férfi;nappali;magyar nyelv és irodalom;közép;rendes;Nem;magyar;5;82;82;megjelent;32;10;22;12;4;2;82;-;-;-;-
2020;1;Somogy;12;gimnázium;férfi;nappali;magyar nyelv és irodalom;közép;rendes;Nem;magyar;4;61;61;megjelent;29;9;12;9;1;1;61;-;-;-;-
2020;1;Somogy;12;gimnázium;nő;nappali;magyar nyelv és irodalom;közép;rendes;Nem;magyar;4;65;65;megjelent;33;8;11;8;3;2;65;-;-;-;-
2020;1;Somogy;12;gimnázium;nő;nappali;magyar nyelv és irodalom;közép;rendes;Nem;magyar;4;63;63;megjelent;26;7;18;10;0;2;63;-;-;-;-
2020;1;Somogy;12;gimnázium;nő;nappali;magyar nyelv és irodalom;közép;rendes;Nem;magyar;5;92;92;megjelent;37;10;23;15;5;2;92;-;-;-;-
2020;1;Somogy;12;gimnázium;férfi;nappali;magyar nyelv és irodalom;közép;rendes;Nem;magyar;4;64;64;megjelent;30;9;12;8;3;2;64;-;-;-;-
2020;1;Somogy;12;gimnázium;férfi;nappali;magyar nyelv és irodalom;közép;rendes;Nem;magyar;4;70;70;megjelent;33;9;16;11;0;1;70;-;-;-;-
2020;1;Somogy;12;gimnázium;férfi;nappali;magyar nyelv és irodalom;közép;rendes;Nem;magyar;3;54;54;megjelent;28;5;12;8;0;1;54;-;-;-;-
2020;1;Somogy;12;gimnázium;nő;nappali;magyar nyelv és irodalom;közép;rendes;Nem;magyar;2;26;26;megjelent;4;9;6;7;0;0;26;-;-;-;-
2020;1;Somogy;12;gimnázium;nő;nappali;magyar nyelv és irodalom;közép;rendes;Nem;magyar;4;74;74;megjelent;35;8;18;11;0;2;74;-;-;-;-
2020;1;Somogy;12;gimnázium;nő;nappali;magyar nyelv és irodalom;közép;rendes;Nem;magyar;4;69;69;megjelent;29;9;18;12;0;1;69;-;-;-;-
2020;1;Somogy;12;gimnázium;nő;nappali;magyar nyelv és irodalom;közép;rendes;Nem;magyar;5;81;81;megjelent;36;9;18;13;3;2;81;-;-;-;-
2020;1;Somogy;12;gimnázium;nő;nappali;magyar nyelv és irodalom;közép;rendes;Nem;magyar;5;80;80;megjelent;29;10;18;13;8;2;80;-;-;-;-
2020;1;Somogy;12;szakgimnázium/szakközépiskola (2016.09.01-től kifutó rendszerben);férfi;nappali;magyar nyelv és irodalom;közép;rendes;Nem;magyar;3;58;58;megjelent;30;5;12;6;3;2;58;-;-;-;-
2020;1;Somogy;12;gimnázium;férfi;nappali;magyar nyelv és irodalom;közép;rendes;Nem;magyar;4;60;60;megjelent;29;6;14;10;0;1;60;-;-;-;-
2020;1;Somogy;12;gimnázium;nő;nappali;magyar nyelv és irodalom;közép;rendes;Nem;magyar;4;60;60;megjelent;27;9;14;8;0;2;60;-;-;-;-
2020;1;Somogy;12;gimnázium;nő;nappali;magyar nyelv és irodalom;közép;rendes;Nem;magyar;4;66;66;megjelent;32;6;19;8;0;1;66;-;-;-;-
2020;1;Somogy;12;gimnázium;férfi;nappali;magyar nyelv és irodalom;közép;rendes;Nem;magyar;5;82;82;megjelent;35;9;23;13;0;2;82;-;-;-;-
2020;1;Somogy;12;gimnázium;nő;nappali;magyar nyelv és irodalom;közép;rendes;Nem;magyar;3;57;57;megjelent;26;6;15;8;0;2;57;-;-;-;-
2020;1;Somogy;12;gimnázium;nő;nappali;magyar nyelv és irodalom;közép;rendes;Nem;magyar;4;67;67;megjelent;29;7;16;13;0;2;67;-;-;-;-
2020;1;Somogy;12;gimnázium;nő;nappali;magyar nyelv és irodalom;közép;rendes;Nem;magyar;5;93;93;megjelent;36;10;25;14;7;1;93;-;-;-;-
2020;1;Somogy;12;gimnázium;férfi;nappali;magyar nyelv és irodalom;közép;rendes;Nem;magyar;4;65;65;megjelent;37;2;16;9;0;1;65;-;-;-;-
2020;1;Somogy;12;gimnázium;férfi;nappali;magyar nyelv és irodalom;közép;rendes;Nem;magyar;4;73;73;megjelent;33;8;18;12;0;2;73;-;-;-;-
2020;1;Somogy;12;gimnázium;férfi;nappali;magyar nyelv és irodalom;közép;rendes;Nem;magyar;3;44;44;megjelent;25;7;4;7;0;1;44;-;-;-;-
2020;1;Somogy;12;gimnázium;férfi;nappali;magyar nyelv és irodalom;közép;rendes;Nem;magyar;4;61;61;megjelent;26;7;19;9;0;0;61;-;-;-;-
2020;1;Somogy;12;gimnázium;nő;nappali;magyar nyelv és irodalom;közép;rendes;Nem;magyar;5;81;81;megjelent;35;7;19;11;7;2;81;-;-;-;-
2020;1;Somogy;12;gimnázium;férfi;nappali;magyar nyelv és irodalom;közép;rendes;Nem;magyar;4;65;65;megjelent;32;8;15;8;0;2;65;-;-;-;-
2020;1;Somogy;12;szakgimnázium/szakközépiskola (2016.09.01-től kifutó rendszerben);férfi;nappali;magyar nyelv és irodalom;közép;rendes;Nem;magyar;3;42;42;megjelent;28;3;5;4;0;2;42;-;-;-;-
2020;1;Somogy;12;szakgimnázium/szakközépiskola (2016.09.01-től kifutó rendszerben);férfi;nappali;magyar nyelv és irodalom;közép;rendes;Nem;magyar;3;45;45;megjelent;26;8;5;4;0;2;45;-;-;-;-
2020;1;Somogy;12;szakgimnázium/szakközépiskola (2016.09.01-től kifutó rendszerben);férfi;nappali;magyar nyelv és irodalom;közép;rendes;Nem;magyar;3;58;58;megjelent;34;9;8;5;0;2;58;-;-;-;-
2020;1;Somogy;12;szakgimnázium/szakközépiskola (2016.09.01-től kifutó rendszerben);férfi;nappali;magyar nyelv és irodalom;közép;rendes;Nem;magyar;2;36;36;megjelent;30;2;0;2;0;2;36;-;-;-;-
2020;1;Somogy;12;szakgimnázium/szakközépiskola (2016.09.01-től kifutó rendszerben);férfi;nappali;magyar nyelv és irodalom;közép;rendes;Nem;magyar;3;58;58;megjelent;31;7;13;6;0;1;58;-;-;-;-
2020;1;Somogy;12;szakgimnázium/szakközépiskola (2016.09.01-től kifutó rendszerben);férfi;nappali;magyar nyelv és irodalom;közép;rendes;Nem;magyar;3;50;50;megjelent;31;2;9;5;1;2;50;-;-;-;-
2020;1;Somogy;12;szakgimnázium/szakközépiskola (2016.09.01-től kifutó rendszerben);férfi;nappali;magyar nyelv és irodalom;közép;rendes;Nem;magyar;3;47;47;megjelent;26;8;5;6;0;2;47;-;-;-;-
2020;1;Somogy;12;szakgimnázium/szakközépiskola (2016.09.01-től kifutó rendszerben);férfi;nappali;magyar nyelv és irodalom;közép;rendes;Nem;magyar;3;43;43;megjelent;31;6;1;3;0;2;43;-;-;-;-
2020;1;Somogy;12;szakgimnázium/szakközépiskola (2016.09.01-től kifutó rendszerben);férfi;nappali;magyar nyelv és irodalom;közép;rendes;Nem;magyar;3;48;48;megjelent;31;5;5;5;0;2;48;-;-;-;-
2020;1;Somogy;12;szakgimnázium/szakközépiskola (2016.09.01-től kifutó rendszerben);férfi;nappali;magyar nyelv és irodalom;közép;rendes;Nem;magyar;2;36;36;megjelent;26;4;0;5;0;1;36;-;-;-;-
2020;1;Somogy;12;szakgimnázium/szakközépiskola (2016.09.01-től kifutó rendszerben);férfi;nappali;magyar nyelv és irodalom;közép;rendes;Nem;magyar;3;54;54;megjelent;29;6;10;7;0;2;54;-;-;-;-
2020;1;Somogy;12;szakgimnázium/szakközépiskola (2016.09.01-től kifutó rendszerben);férfi;nappali;magyar nyelv és irodalom;közép;rendes;Nem;magyar;3;49;49;megjelent;29;8;5;6;0;1;49;-;-;-;-
2020;1;Somogy;12;szakgimnázium/szakközépiskola (2016.09.01-től kifutó rendszerben);férfi;nappali;magyar nyelv és irodalom;közép;rendes;Nem;magyar;4;76;76;megjelent;34;9;16;8;7;2;76;-;-;-;-
2020;1;Somogy;12;szakgimnázium/szakközépiskola (2016.09.01-től kifutó rendszerben);férfi;nappali;magyar nyelv és irodalom;közép;rendes;Nem;magyar;3;48;48;megjelent;25;7;6;8;0;2;48;-;-;-;-
2020;1;Somogy;12;gimnázium;férfi;nappali;magyar nyelv és irodalom;közép;rendes;Nem;magyar;3;48;48;megjelent;20;5;14;8;0;1;48;-;-;-;-
2020;1;Somogy;12;gimnázium;nő;nappali;magyar nyelv és irodalom;közép;javító;Nem;magyar;2;34;34;megjelent;25;0;5;4;0;0;34;-;-;-;-
2020;1;Somogy;12;gimnázium;nő;nappali;magyar nyelv és irodalom;közép;rendes;Nem;magyar;4;76;76;megjelent;30;10;22;13;0;1;76;-;-;-;-
2020;1;Somogy;12;gimnázium;nő;nappali;magyar nyelv és irodalom;közép;rendes;Nem;magyar;4;72;72;megjelent;32;10;14;11;3;2;72;-;-;-;-
2020;1;Somogy;12;gimnázium;nő;nappali;magyar nyelv és irodalom;közép;rendes;Nem;magyar;5;86;86;megjelent;36;10;19;13;6;2;86;-;-;-;-
2020;1;Somogy;12;gimnázium;nő;nappali;magyar nyelv és irodalom;közép;rendes;Nem;magyar;2;36;36;megjelent;12;4;11;7;0;2;36;-;-;-;-
2020;1;Somogy;12;gimnázium;férfi;nappali;magyar nyelv és irodalom;közép;rendes;Nem;magyar;3;45;45;megjelent;28;5;6;6;0;0;45;-;-;-;-
2020;1;Somogy;12;gimnázium;nő;nappali;magyar nyelv és irodalom;közép;rendes;Nem;magyar;5;84;84;megjelent;32;10;24;15;3;0;84;-;-;-;-
2020;1;Somogy;12;gimnázium;nő;nappali;magyar nyelv és irodalom;közép;rendes;Nem;magyar;4;64;64;megjelent;30;9;15;8;2;0;64;-;-;-;-
2020;1;Somogy;12;gimnázium;nő;nappali;magyar nyelv és irodalom;közép;rendes;Nem;magyar;5;93;93;megjelent;33;10;25;15;8;2;93;-;-;-;-
2020;1;Somogy;12;gimnázium;nő;nappali;magyar nyelv és irodalom;közép;rendes;Nem;magyar;2;35;35;megjelent;15;0;11;7;0;2;35;-;-;-;-
2020;1;Somogy;12;gimnázium;férfi;nappali;magyar nyelv és irodalom;közép;rendes;Nem;magyar;4;61;61;megjelent;31;4;16;10;0;0;61;-;-;-;-
2020;1;Somogy;12;gimnázium;nő;nappali;magyar nyelv és irodalom;közép;rendes;Nem;magyar;3;55;55;megjelent;21;4;17;11;0;2;55;-;-;-;-
2020;1;Somogy;12;gimnázium;nő;nappali;magyar nyelv és irodalom;közép;rendes;Nem;magyar;5;84;84;megjelent;35;10;17;14;6;2;84;-;-;-;-
2020;1;Somogy;12;gimnázium;nő;nappali;magyar nyelv és irodalom;közép;rendes;Nem;magyar;5;81;81;megjelent;32;10;24;14;0;1;81;-;-;-;-
2020;1;Somogy;12;gimnázium;férfi;nappali;magyar nyelv és irodalom;közép;rendes;Nem;magyar;3;51;51;megjelent;23;6;14;8;0;0;51;-;-;-;-
2020;1;Somogy;12;gimnázium;nő;nappali;magyar nyelv és irodalom;közép;rendes;Nem;magyar;4;66;66;megjelent;28;8;19;11;0;0;66;-;-;-;-
2020;1;Somogy;12;gimnázium;nő;nappali;magyar nyelv és irodalom;közép;rendes;Nem;magyar;4;62;62;megjelent;28;7;20;7;0;0;62;-;-;-;-
2020;1;Somogy;12;gimnázium;nő;nappali;magyar nyelv és irodalom;közép;rendes;Nem;magyar;4;71;71;megjelent;26;9;22;11;2;1;71;-;-;-;-
2020;1;Somogy;12;gimnázium;nő;nappali;magyar nyelv és irodalom;közép;rendes;Nem;magyar;4;76;76;megjelent;31;10;19;11;5;0;76;-;-;-;-
2020;1;Somogy;12;gimnázium;nő;nappali;magyar nyelv és irodalom;közép;rendes;Nem;magyar;3;57;57;megjelent;30;7;7;8;4;1;57;-;-;-;-
2020;1;Somogy;12;gimnázium;nő;nappali;magyar nyelv és irodalom;közép;rendes;Nem;magyar;4;60;60;megjelent;34;9;8;3;5;1;60;-;-;-;-
2020;1;Somogy;12;gimnázium;nő;nappali;magyar nyelv és irodalom;közép;rendes;Nem;magyar;4;74;74;megjelent;33;8;17;13;1;2;74;-;-;-;-
2020;1;Somogy;12;gimnázium;nő;nappali;magyar nyelv és irodalom;közép;rendes;Nem;magyar;3;53;53;megjelent;24;7;12;8;0;2;53;-;-;-;-
2020;1;Somogy;12;gimnázium;nő;nappali;magyar nyelv és irodalom;közép;rendes;Nem;magyar;5;82;82;megjelent;33;9;22;14;2;2;82;-;-;-;-
2020;1;Somogy;12;gimnázium;nő;nappali;magyar nyelv és irodalom;közép;rendes;Nem;magyar;5;85;85;megjelent;32;9;21;14;7;2;85;-;-;-;-
2020;1;Somogy;12;gimnázium;férfi;nappali;magyar nyelv és irodalom;közép;rendes;Nem;magyar;4;69;69;megjelent;32;8;11;10;6;2;69;-;-;-;-
2020;1;Somogy;12;gimnázium;férfi;nappali;magyar nyelv és irodalom;közép;rendes;Nem;magyar;4;68;68;megjelent;35;8;15;9;0;1;68;-;-;-;-
2020;1;Somogy;12;gimnázium;nő;nappali;magyar nyelv és irodalom;közép;rendes;Nem;magyar;5;82;82;megjelent;34;9;19;14;4;2;82;-;-;-;-
2020;1;Somogy;12;gimnázium;nő;nappali;magyar nyelv és irodalom;közép;rendes;Nem;magyar;5;81;81;megjelent;37;6;19;12;5;2;81;-;-;-;-
2020;1;Somogy;12;gimnázium;nő;nappali;magyar nyelv és irodalom;közép;rendes;Nem;magyar;4;72;72;megjelent;31;8;19;12;0;2;72;-;-;-;-
2020;1;Somogy;12;gimnázium;nő;nappali;magyar nyelv és irodalom;közép;rendes;Nem;magyar;5;86;86;megjelent;34;8;22;14;6;2;86;-;-;-;-
2020;1;Somogy;12;gimnázium;férfi;nappali;magyar nyelv és irodalom;közép;rendes;Nem;magyar;5;92;92;megjelent;40;10;23;13;6;0;92;-;-;-;-
2020;1;Somogy;12;gimnázium;nő;nappali;magyar nyelv és irodalom;közép;rendes;Nem;magyar;5;91;91;megjelent;38;10;23;13;5;2;91;-;-;-;-
2020;1;Somogy;12;gimnázium;nő;nappali;magyar nyelv és irodalom;közép;rendes;Nem;magyar;5;94;94;megjelent;38;10;24;14;6;2;94;-;-;-;-
2020;1;Somogy;12;gimnázium;férfi;nappali;magyar nyelv és irodalom;közép;rendes;Nem;magyar;4;60;60;megjelent;30;7;12;9;0;2;60;-;-;-;-
2020;1;Somogy;12;gimnázium;nő;nappali;magyar nyelv és irodalom;közép;rendes;Nem;magyar;4;71;71;megjelent;36;8;14;10;1;2;71;-;-;-;-
2020;1;Somogy;12;gimnázium;férfi;nappali;magyar nyelv és irodalom;közép;rendes;Nem;magyar;3;54;54;megjelent;34;4;10;6;0;0;54;-;-;-;-
2020;1;Somogy;12;gimnázium;férfi;nappali;magyar nyelv és irodalom;közép;rendes;Igen;magyar;3;47;44;megjelent;12;9;12;9;0;2;44;-;-;-;-
2020;1;Somogy;12;gimnázium;nő;nappali;magyar nyelv és irodalom;közép;rendes;Nem;magyar;3;47;47;megjelent;26;5;8;6;0;2;47;-;-;-;-
2020;1;Somogy;12;gimnázium;nő;nappali;magyar nyelv és irodalom;közép;rendes;Nem;magyar;4;69;69;megjelent;37;8;14;8;0;2;69;-;-;-;-
2020;1;Somogy;12;gimnázium;nő;nappali;magyar nyelv és irodalom;közép;rendes;Nem;magyar;5;86;86;megjelent;36;9;21;13;5;2;86;-;-;-;-
2020;1;Somogy;12;gimnázium;nő;nappali;magyar nyelv és irodalom;közép;rendes;Nem;magyar;4;78;78;megjelent;34;9;14;12;7;2;78;-;-;-;-
2020;1;Somogy;12;gimnázium;férfi;nappali;magyar nyelv és irodalom;közép;rendes;Nem;magyar;4;75;75;megjelent;36;9;17;11;0;2;75;-;-;-;-
2020;1;Somogy;12;gimnázium;férfi;nappali;magyar nyelv és irodalom;közép;rendes;Nem;magyar;3;57;57;megjelent;32;5;10;8;0;2;57;-;-;-;-
2020;1;Somogy;12;szakgimnázium/szakközépiskola (2016.09.01-től kifutó rendszerben);férfi;nappali;magyar nyelv és irodalom;közép;rendes;Nem;magyar;3;47;47;megjelent;28;5;9;4;0;1;47;-;-;-;-
2020;1;Somogy;12;gimnázium;nő;nappali;magyar nyelv és irodalom;közép;rendes;Nem;magyar;5;88;88;megjelent;37;8;21;13;7;2;88;-;-;-;-
2020;1;Somogy;12;gimnázium;nő;nappali;magyar nyelv és irodalom;közép;rendes;Nem;magyar;3;41;41;megjelent;30;0;5;4;1;1;41;-;-;-;-
2020;1;Somogy;12;gimnázium;nő;nappali;magyar nyelv és irodalom;közép;rendes;Nem;magyar;5;83;83;megjelent;33;9;20;12;7;2;83;-;-;-;-
2020;1;Somogy;12;gimnázium;nő;nappali;magyar nyelv és irodalom;közép;rendes;Nem;magyar;5;97;97;megjelent;38;10;25;15;8;1;97;-;-;-;-
2020;1;Somogy;12;gimnázium;nő;nappali;magyar nyelv és irodalom;közép;rendes;Nem;magyar;4;61;61;megjelent;29;9;12;9;0;2;61;-;-;-;-
2020;1;Somogy;12;gimnázium;férfi;nappali;magyar nyelv és irodalom;közép;rendes;Nem;magyar;5;92;92;megjelent;34;10;25;15;6;2;92;-;-;-;-
2020;1;Somogy;12;gimnázium;nő;nappali;magyar nyelv és irodalom;közép;rendes;Nem;magyar;5;80;80;megjelent;32;10;16;15;5;2;80;-;-;-;-
2020;1;Somogy;12;gimnázium;férfi;nappali;magyar nyelv és irodalom;közép;rendes;Nem;magyar;3;49;49;megjelent;32;7;5;5;0;0;49;-;-;-;-
2020;1;Somogy;12;szakgimnázium/szakközépiskola (2016.09.01-től kifutó rendszerben);nő;nappali;magyar nyelv és irodalom;közép;rendes;Nem;magyar;3;45;45;megjelent;25;7;4;8;0;1;45;-;-;-;-
2020;1;Somogy;12;szakgimnázium/szakközépiskola (2016.09.01-től kifutó rendszerben);nő;nappali;magyar nyelv és irodalom;közép;rendes;Nem;magyar;2;29;29;megjelent;15;3;3;6;0;2;29;-;-;-;-
2020;1;Somogy;12;szakgimnázium/szakközépiskola (2016.09.01-től kifutó rendszerben);férfi;nappali;magyar nyelv és irodalom;közép;rendes;Nem;magyar;4;61;61;megjelent;29;6;15;9;0;2;61;-;-;-;-
2020;1;Somogy;12;szakgimnázium/szakközépiskola (2016.09.01-től kifutó rendszerben);nő;nappali;magyar nyelv és irodalom;közép;rendes;Nem;magyar;4;64;64;megjelent;24;3;17;10;8;2;64;-;-;-;-
2020;1;Somogy;12;szakgimnázium/szakközépiskola (2016.09.01-től kifutó rendszerben);férfi;nappali;magyar nyelv és irodalom;közép;rendes;Nem;magyar;4;61;61;megjelent;25;9;16;9;0;2;61;-;-;-;-
2020;1;Somogy;12;szakgimnázium/szakközépiskola (2016.09.01-től kifutó rendszerben);férfi;nappali;magyar nyelv és irodalom;közép;rendes;Nem;magyar;4;60;60;megjelent;25;8;15;9;1;2;60;-;-;-;-
2020;1;Somogy;12;szakgimnázium/szakközépiskola (2016.09.01-től kifutó rendszerben);férfi;nappali;magyar nyelv és irodalom;közép;rendes;Nem;magyar;2;37;37;megjelent;26;2;6;2;1;0;37;-;-;-;-
2020;1;Somogy;12;szakgimnázium/szakközépiskola (2016.09.01-től kifutó rendszerben);férfi;nappali;magyar nyelv és irodalom;közép;előrehozott;Nem;magyar;3;40;40;megjelent;24;5;6;4;0;1;40;-;-;-;-
2020;1;Somogy;12;szakgimnázium/szakközépiskola (2016.09.01-től kifutó rendszerben);férfi;nappali;magyar nyelv és irodalom;közép;rendes;Nem;magyar;3;54;54;megjelent;30;3;10;7;2;2;54;-;-;-;-
2020;1;Somogy;12;szakgimnázium/szakközépiskola (2016.09.01-től kifutó rendszerben);férfi;nappali;magyar nyelv és irodalom;közép;rendes;Nem;magyar;4;65;65;megjelent;31;7;17;8;0;2;65;-;-;-;-
2020;1;Somogy;12;szakgimnázium/szakközépiskola (2016.09.01-től kifutó rendszerben);nő;nappali;magyar nyelv és irodalom;közép;rendes;Nem;magyar;3;45;45;megjelent;24;3;10;6;0;2;45;-;-;-;-
2020;1;Somogy;12;szakgimnázium/szakközépiskola (2016.09.01-től kifutó rendszerben);nő;nappali;magyar nyelv és irodalom;közép;rendes;Nem;magyar;4;72;72;megjelent;31;9;14;9;7;2;72;-;-;-;-
2020;1;Somogy;12;szakgimnázium/szakközépiskola (2016.09.01-től kifutó rendszerben);férfi;nappali;magyar nyelv és irodalom;közép;rendes;Nem;magyar;4;68;68;megjelent;29;9;18;11;0;1;68;-;-;-;-
2020;1;Somogy;12;szakgimnázium/szakközépiskola (2016.09.01-től kifutó rendszerben);férfi;nappali;magyar nyelv és irodalom;közép;rendes;Nem;magyar;4;66;66;megjelent;27;7;17;9;6;0;66;-;-;-;-
2020;1;Somogy;12;gimnázium;nő;nappali;magyar nyelv és irodalom;közép;rendes;Nem;magyar;3;50;50;megjelent;24;6;11;7;0;2;50;-;-;-;-
2020;1;Somogy;12;szakgimnázium/szakközépiskola (2016.09.01-től kifutó rendszerben);férfi;nappali;magyar nyelv és irodalom;közép;rendes;Nem;magyar;3;42;42;megjelent;25;4;7;5;0;1;42;-;-;-;-
2020;1;Somogy;12;szakgimnázium/szakközépiskola (2016.09.01-től kifutó rendszerben);nő;nappali;magyar nyelv és irodalom;közép;rendes;Nem;magyar;4;74;74;megjelent;34;7;17;11;3;2;74;-;-;-;-
2020;1;Somogy;12;szakgimnázium/szakközépiskola (2016.09.01-től kifutó rendszerben);férfi;nappali;magyar nyelv és irodalom;közép;rendes;Nem;magyar;3;40;40;megjelent;26;5;5;3;0;1;40;-;-;-;-
2020;1;Somogy;12;szakgimnázium/szakközépiskola (2016.09.01-től kifutó rendszerben);férfi;nappali;magyar nyelv és irodalom;közép;rendes;Nem;magyar;2;31;31;megjelent;24;2;3;1;0;1;31;-;-;-;-
2020;1;Somogy;12;szakgimnázium/szakközépiskola (2016.09.01-től kifutó rendszerben);nő;nappali;magyar nyelv és irodalom;közép;rendes;Nem;magyar;4;62;62;megjelent;26;9;15;10;0;2;62;-;-;-;-
2020;1;Somogy;12;szakgimnázium/szakközépiskola (2016.09.01-től kifutó rendszerben);férfi;nappali;magyar nyelv és irodalom;közép;rendes;Igen;magyar;3;59;55;megjelent;24;5;16;10;0;0;55;-;-;-;-
2020;1;Somogy;12;szakgimnázium/szakközépiskola (2016.09.01-től kifutó rendszerben);férfi;nappali;magyar nyelv és irodalom;közép;javító;Nem;magyar;2;26;40;megjelent;11;4;0;0;0;0;15;12;5;8;25
2020;1;Somogy;12;gimnázium;férfi;nappali;magyar nyelv és irodalom;közép;rendes;Nem;magyar;4;67;67;megjelent;34;8;14;9;2;0;67;-;-;-;-
2020;1;Somogy;12;gimnázium;férfi;nappali;magyar nyelv és irodalom;közép;rendes;Nem;magyar;3;56;56;megjelent;37;8;5;6;0;0;56;-;-;-;-
2020;1;Somogy;12;gimnázium;nő;nappali;magyar nyelv és irodalom;közép;rendes;Nem;magyar;5;83;83;megjelent;29;10;22;13;7;2;83;-;-;-;-
2020;1;Somogy;12;gimnázium;nő;nappali;magyar nyelv és irodalom;közép;rendes;Nem;magyar;5;83;83;megjelent;35;10;23;13;0;2;83;-;-;-;-
2020;1;Somogy;12;gimnázium;férfi;nappali;magyar nyelv és irodalom;közép;rendes;Nem;magyar;4;62;62;megjelent;37;6;10;9;0;0;62;-;-;-;-
2020;1;Somogy;13;szakgimnázium/szakközépiskola (2016.09.01-től kifutó rendszerben);férfi;nappali;magyar nyelv és irodalom;közép;rendes;Nem;magyar;3;40;40;megjelent;21;4;6;7;0;2;40;-;-;-;-
2020;1;Somogy;13;szakgimnázium/szakközépiskola (2016.09.01-től kifutó rendszerben);férfi;nappali;magyar nyelv és irodalom;közép;rendes;Nem;magyar;2;32;32;megjelent;18;4;4;4;0;2;32;-;-;-;-
2020;1;Somogy;13;szakgimnázium/szakközépiskola (2016.09.01-től kifutó rendszerben);nő;nappali;magyar nyelv és irodalom;közép;rendes;Nem;magyar;4;72;72;megjelent;31;9;18;12;0;2;72;-;-;-;-
2020;1;Somogy;13;szakgimnázium/szakközépiskola (2016.09.01-től kifutó rendszerben);férfi;nappali;magyar nyelv és irodalom;közép;rendes;Nem;magyar;3;50;50;megjelent;24;7;9;8;0;2;50;-;-;-;-
2020;1;Somogy;13;szakgimnázium/szakközépiskola (2016.09.01-től kifutó rendszerben);nő;nappali;magyar nyelv és irodalom;közép;rendes;Nem;magyar;4;75;75;megjelent;29;7;20;13;4;2;75;-;-;-;-
2020;1;Somogy;13;szakgimnázium/szakközépiskola (2016.09.01-től kifutó rendszerben);nő;nappali;magyar nyelv és irodalom;közép;rendes;Igen;magyar;3;59;55;megjelent;28;5;10;10;0;2;55;-;-;-;-
2020;1;Somogy;12;gimnázium;nő;nappali;magyar nyelv és irodalom;közép;rendes;Nem;magyar;5;83;83;megjelent;35;10;20;14;2;2;83;-;-;-;-
2020;1;Somogy;12;gimnázium;nő;nappali;magyar nyelv és irodalom;közép;rendes;Nem;magyar;4;77;77;megjelent;32;10;13;13;7;2;77;-;-;-;-
2020;1;Somogy;13;szakgimnázium/szakközépiskola (2016.09.01-től kifutó rendszerben);férfi;nappali;magyar nyelv és irodalom;közép;rendes;Igen;magyar;3;40;37;megjelent;19;5;5;6;0;2;37;-;-;-;-
2020;1;Somogy;13;szakgimnázium/szakközépiskola (2016.09.01-től kifutó rendszerben);nő;nappali;magyar nyelv és irodalom;közép;rendes;Nem;magyar;2;27;27;megjelent;10;4;5;6;0;2;27;-;-;-;-
2020;1;Somogy;12;gimnázium;nő;nappali;magyar nyelv és irodalom;közép;rendes;Nem;magyar;4;67;67;megjelent;30;9;15;12;0;1;67;-;-;-;-
2020;1;Somogy;13;szakgimnázium/szakközépiskola (2016.09.01-től kifutó rendszerben);nő;nappali;magyar nyelv és irodalom;közép;rendes;Nem;magyar;3;45;45;megjelent;21;6;7;8;1;2;45;-;-;-;-
2020;1;Somogy;12;gimnázium;nő;nappali;magyar nyelv és irodalom;közép;rendes;Nem;magyar;5;83;83;megjelent;33;10;25;10;3;2;83;-;-;-;-
2020;1;Somogy;12;gimnázium;nő;nappali;magyar nyelv és irodalom;közép;rendes;Nem;magyar;4;74;74;megjelent;29;8;20;13;2;2;74;-;-;-;-
2020;1;Somogy;12;gimnázium;nő;nappali;magyar nyelv és irodalom;közép;rendes;Nem;magyar;5;80;80;megjelent;33;10;17;15;3;2;80;-;-;-;-
2020;1;Somogy;12;gimnázium;férfi;nappali;magyar nyelv és irodalom;közép;rendes;Nem;magyar;4;61;61;megjelent;36;6;10;7;0;2;61;-;-;-;-
2020;1;Somogy;12;gimnázium;férfi;nappali;magyar nyelv és irodalom;közép;rendes;Nem;magyar;5;80;80;megjelent;33;10;21;14;0;2;80;-;-;-;-
2020;1;Somogy;12;gimnázium;nő;nappali;magyar nyelv és irodalom;közép;rendes;Nem;magyar;5;98;98;megjelent;38;10;25;15;8;2;98;-;-;-;-
2020;1;Somogy;12;gimnázium;férfi;nappali;magyar nyelv és irodalom;közép;rendes;Nem;magyar;3;57;57;megjelent;33;9;5;5;4;1;57;-;-;-;-
2020;1;Somogy;12;gimnázium;férfi;nappali;magyar nyelv és irodalom;közép;rendes;Nem;magyar;5;80;80;megjelent;34;9;22;13;1;1;80;-;-;-;-
2020;1;Somogy;12;gimnázium;férfi;nappali;magyar nyelv és irodalom;közép;rendes;Nem;magyar;4;61;61;megjelent;32;6;11;12;0;0;61;-;-;-;-
2020;1;Somogy;12;gimnázium;nő;nappali;magyar nyelv és irodalom;közép;rendes;Nem;magyar;5;88;88;megjelent;34;10;25;14;3;2;88;-;-;-;-
2020;1;Somogy;12;gimnázium;nő;nappali;magyar nyelv és irodalom;közép;rendes;Nem;magyar;5;92;92;megjelent;39;9;19;15;8;2;92;-;-;-;-
2020;1;Somogy;12;gimnázium;férfi;nappali;magyar nyelv és irodalom;közép;rendes;Nem;magyar;4;68;68;megjelent;33;9;15;10;0;1;68;-;-;-;-
2020;1;Somogy;12;gimnázium;férfi;nappali;magyar nyelv és irodalom;közép;rendes;Nem;magyar;3;59;59;megjelent;37;10;5;6;0;1;59;-;-;-;-
2020;1;Somogy;12;gimnázium;nő;nappali;magyar nyelv és irodalom;közép;rendes;Nem;magyar;5;80;80;megjelent;33;10;16;14;5;2;80;-;-;-;-
2020;1;Somogy;12;gimnázium;férfi;nappali;magyar nyelv és irodalom;közép;rendes;Nem;magyar;5;80;80;megjelent;32;10;17;15;4;2;80;-;-;-;-
2020;1;Somogy;12;gimnázium;férfi;nappali;magyar nyelv és irodalom;közép;rendes;Nem;magyar;4;68;68;megjelent;36;9;11;8;3;1;68;-;-;-;-
2020;1;Somogy;12;gimnázium;nő;nappali;magyar nyelv és irodalom;közép;rendes;Nem;magyar;5;99;99;megjelent;39;10;25;15;8;2;99;-;-;-;-
2020;1;Somogy;12;gimnázium;nő;nappali;magyar nyelv és irodalom;közép;rendes;Nem;magyar;5;80;80;megjelent;30;10;21;14;3;2;80;-;-;-;-
2020;1;Somogy;12;gimnázium;nő;nappali;magyar nyelv és irodalom;közép;rendes;Nem;magyar;5;81;81;megjelent;34;10;21;14;0;2;81;-;-;-;-
2020;1;Somogy;12;szakgimnázium/szakközépiskola (2016.09.01-től kifutó rendszerben);nő;nappali;magyar nyelv és irodalom;közép;rendes;Nem;magyar;5;87;87;megjelent;32;10;20;15;8;2;87;-;-;-;-
2020;1;Somogy;12;gimnázium;nő;nappali;magyar nyelv és irodalom;közép;rendes;Nem;magyar;4;61;61;megjelent;28;5;12;8;6;2;61;-;-;-;-
2020;1;Somogy;12;szakgimnázium/szakközépiskola (2016.09.01-től kifutó rendszerben);férfi;nappali;magyar nyelv és irodalom;közép;rendes;Nem;magyar;3;50;50;megjelent;21;5;14;9;0;1;50;-;-;-;-
2020;1;Somogy;12;gimnázium;férfi;nappali;magyar nyelv és irodalom;közép;rendes;Nem;magyar;3;50;50;megjelent;29;7;7;5;0;2;50;-;-;-;-
2020;1;Somogy;12;szakgimnázium/szakközépiskola (2016.09.01-től kifutó rendszerben);férfi;nappali;magyar nyelv és irodalom;közép;rendes;Nem;magyar;2;27;27;megjelent;17;2;3;3;0;2;27;-;-;-;-
2020;1;Somogy;12;szakgimnázium/szakközépiskola (2016.09.01-től kifutó rendszerben);férfi;nappali;magyar nyelv és irodalom;közép;rendes;Nem;magyar;4;68;68;megjelent;35;7;15;11;0;0;68;-;-;-;-
2020;1;Somogy;12;szakgimnázium/szakközépiskola (2016.09.01-től kifutó rendszerben);férfi;nappali;magyar nyelv és irodalom;közép;rendes;Nem;magyar;3;49;49;megjelent;25;4;12;8;0;0;49;-;-;-;-
2020;1;Somogy;12;gimnázium;nő;nappali;magyar nyelv és irodalom;közép;rendes;Nem;magyar;5;91;91;megjelent;36;10;25;15;3;2;91;-;-;-;-
2020;1;Somogy;12;gimnázium;nő;nappali;magyar nyelv és irodalom;közép;rendes;Nem;magyar;4;71;71;megjelent;30;8;20;11;0;2;71;-;-;-;-
2020;1;Somogy;12;gimnázium;férfi;nappali;magyar nyelv és irodalom;közép;rendes;Nem;magyar;3;56;56;megjelent;31;7;9;7;0;2;56;-;-;-;-
2020;1;Somogy;12;szakgimnázium/szakközépiskola (2016.09.01-től kifutó rendszerben);férfi;nappali;magyar nyelv és irodalom;közép;rendes;Nem;magyar;3;43;43;megjelent;26;4;6;5;0;2;43;-;-;-;-
2020;1;Somogy;12;gimnázium;nő;nappali;magyar nyelv és irodalom;közép;rendes;Nem;magyar;5;92;92;megjelent;35;10;23;15;7;2;92;-;-;-;-
2020;1;Somogy;12;szakgimnázium/szakközépiskola (2016.09.01-től kifutó rendszerben);férfi;nappali;magyar nyelv és irodalom;közép;rendes;Nem;magyar;4;66;66;megjelent;28;9;18;11;0;0;66;-;-;-;-
2020;1;Somogy;12;szakgimnázium/szakközépiskola (2016.09.01-től kifutó rendszerben);férfi;nappali;magyar nyelv és irodalom;közép;rendes;Nem;magyar;3;50;50;megjelent;26;2;13;8;0;1;50;-;-;-;-
2020;1;Somogy;12;gimnázium;nő;nappali;magyar nyelv és irodalom;közép;rendes;Nem;magyar;3;58;58;megjelent;29;7;11;9;0;2;58;-;-;-;-
2020;1;Somogy;12;szakgimnázium/szakközépiskola (2016.09.01-től kifutó rendszerben);férfi;nappali;magyar nyelv és irodalom;közép;rendes;Nem;magyar;2;26;26;megjelent;15;2;4;4;0;1;26;-;-;-;-
2020;1;Somogy;12;szakgimnázium/szakközépiskola (2016.09.01-től kifutó rendszerben);nő;nappali;magyar nyelv és irodalom;közép;rendes;Nem;magyar;4;72;72;megjelent;27;10;18;12;3;2;72;-;-;-;-
2020;1;Somogy;12;szakgimnázium/szakközépiskola (2016.09.01-től kifutó rendszerben);férfi;nappali;magyar nyelv és irodalom;közép;rendes;Nem;magyar;4;61;61;megjelent;28;6;13;7;5;2;61;-;-;-;-
2020;1;Somogy;12;szakgimnázium/szakközépiskola (2016.09.01-től kifutó rendszerben);férfi;nappali;magyar nyelv és irodalom;közép;rendes;Nem;magyar;4;67;67;megjelent;28;9;16;10;3;1;67;-;-;-;-
2020;1;Somogy;12;gimnázium;nő;nappali;magyar nyelv és irodalom;közép;rendes;Nem;magyar;4;64;64;megjelent;31;6;12;8;5;2;64;-;-;-;-
2020;1;Somogy;12;szakgimnázium/szakközépiskola (2016.09.01-től kifutó rendszerben);nő;nappali;magyar nyelv és irodalom;közép;rendes;Nem;magyar;4;73;73;megjelent;35;6;15;12;3;2;73;-;-;-;-
2020;1;Somogy;12;szakgimnázium/szakközépiskola (2016.09.01-től kifutó rendszerben);nő;nappali;magyar nyelv és irodalom;közép;rendes;Nem;magyar;3;48;48;megjelent;25;7;6;8;0;2;48;-;-;-;-
2020;1;Somogy;12;szakgimnázium/szakközépiskola (2016.09.01-től kifutó rendszerben);férfi;nappali;magyar nyelv és irodalom;közép;rendes;Nem;magyar;3;54;54;megjelent;28;5;12;8;0;1;54;-;-;-;-
2020;1;Somogy;12;szakgimnázium/szakközépiskola (2016.09.01-től kifutó rendszerben);nő;nappali;magyar nyelv és irodalom;közép;rendes;Nem;magyar;5;81;81;megjelent;32;10;21;13;3;2;81;-;-;-;-
2020;1;Somogy;12;szakgimnázium/szakközépiskola (2016.09.01-től kifutó rendszerben);nő;nappali;magyar nyelv és irodalom;közép;rendes;Nem;magyar;4;73;73;megjelent;33;9;18;11;0;2;73;-;-;-;-
2020;1;Somogy;12;szakgimnázium/szakközépiskola (2016.09.01-től kifutó rendszerben);nő;nappali;magyar nyelv és irodalom;közép;rendes;Nem;magyar;5;80;80;megjelent;31;10;20;15;2;2;80;-;-;-;-
2020;1;Somogy;12;szakgimnázium/szakközépiskola (2016.09.01-től kifutó rendszerben);nő;nappali;magyar nyelv és irodalom;közép;rendes;Nem;magyar;4;61;61;megjelent;26;8;17;8;0;2;61;-;-;-;-
2020;1;Somogy;12;szakgimnázium/szakközépiskola (2016.09.01-től kifutó rendszerben);férfi;nappali;magyar nyelv és irodalom;közép;rendes;Nem;magyar;3;52;52;megjelent;32;6;5;8;0;1;52;-;-;-;-
2020;1;Somogy;12;szakgimnázium/szakközépiskola (2016.09.01-től kifutó rendszerben);férfi;nappali;magyar nyelv és irodalom;közép;rendes;Nem;magyar;4;70;70;megjelent;34;6;17;10;2;1;70;-;-;-;-
2020;1;Somogy;12;szakgimnázium/szakközépiskola (2016.09.01-től kifutó rendszerben);nő;nappali;magyar nyelv és irodalom;közép;rendes;Nem;magyar;3;45;45;megjelent;23;8;4;7;1;2;45;-;-;-;-
2020;1;Somogy;12;szakgimnázium/szakközépiskola (2016.09.01-től kifutó rendszerben);nő;nappali;magyar nyelv és irodalom;közép;rendes;Nem;magyar;4;60;60;megjelent;29;7;12;10;0;2;60;-;-;-;-
2020;1;Somogy;12;gimnázium;nő;nappali;magyar nyelv és irodalom;közép;rendes;Nem;magyar;5;80;80;megjelent;32;8;20;13;5;2;80;-;-;-;-
2020;1;Somogy;13;szakközép;nő;nappali;magyar nyelv és irodalom;közép;rendes;Nem;magyar;2;25;25;megjelent;14;5;4;2;0;0;25;-;-;-;-
2020;1;Somogy;12;szakgimnázium/szakközépiskola (2016.09.01-től kifutó rendszerben);férfi;nappali;magyar nyelv és irodalom;közép;rendes;Nem;magyar;4;64;64;megjelent;31;7;15;9;0;2;64;-;-;-;-
2020;1;Somogy;12;szakgimnázium/szakközépiskola (2016.09.01-től kifutó rendszerben);férfi;nappali;magyar nyelv és irodalom;közép;rendes;Nem;magyar;2;29;29;megjelent;19;3;4;3;0;0;29;-;-;-;-
2020;1;Somogy;12;gimnázium;férfi;nappali;magyar nyelv és irodalom;közép;rendes;Nem;magyar;3;43;43;megjelent;21;5;10;5;0;2;43;-;-;-;-
2020;1;Somogy;12;szakgimnázium/szakközépiskola (2016.09.01-től kifutó rendszerben);férfi;nappali;magyar nyelv és irodalom;közép;rendes;Nem;magyar;4;64;64;megjelent;32;5;14;9;2;2;64;-;-;-;-
2020;1;Somogy;12;gimnázium;férfi;nappali;magyar nyelv és irodalom;közép;rendes;Nem;magyar;3;57;57;megjelent;26;8;14;9;0;0;57;-;-;-;-
2020;1;Somogy;13;szakközép;férfi;nappali;magyar nyelv és irodalom;közép;rendes;Nem;magyar;2;27;27;megjelent;18;5;2;2;0;0;27;-;-;-;-
2020;1;Somogy;12;szakgimnázium/szakközépiskola (2016.09.01-től kifutó rendszerben);nő;nappali;magyar nyelv és irodalom;közép;rendes;Nem;magyar;4;76;76;megjelent;32;7;19;11;5;2;76;-;-;-;-
2020;1;Somogy;12;szakgimnázium/szakközépiskola (2016.09.01-től kifutó rendszerben);férfi;nappali;magyar nyelv és irodalom;közép;rendes;Nem;magyar;3;54;54;megjelent;30;5;7;8;3;1;54;-;-;-;-
2020;1;Somogy;12;szakgimnázium/szakközépiskola (2016.09.01-től kifutó rendszerben);nő;nappali;magyar nyelv és irodalom;közép;rendes;Nem;magyar;5;81;81;megjelent;33;9;21;14;2;2;81;-;-;-;-
2020;1;Somogy;12;gimnázium;férfi;nappali;magyar nyelv és irodalom;közép;rendes;Nem;magyar;4;76;76;megjelent;32;8;21;11;4;0;76;-;-;-;-
2020;1;Somogy;12;szakgimnázium/szakközépiskola (2016.09.01-től kifutó rendszerben);nő;nappali;magyar nyelv és irodalom;közép;rendes;Nem;magyar;3;41;41;megjelent;20;7;4;6;2;2;41;-;-;-;-
2020;1;Somogy;12;szakgimnázium/szakközépiskola (2016.09.01-től kifutó rendszerben);nő;nappali;magyar nyelv és irodalom;közép;rendes;Nem;magyar;4;60;60;megjelent;27;8;14;9;0;2;60;-;-;-;-
2020;1;Somogy;13;szakközép;férfi;nappali;magyar nyelv és irodalom;közép;rendes;Nem;magyar;2;26;26;megjelent;19;3;2;2;0;0;26;-;-;-;-
2020;1;Somogy;12;szakgimnázium/szakközépiskola (2016.09.01-től kifutó rendszerben);nő;nappali;magyar nyelv és irodalom;közép;rendes;Nem;magyar;4;63;63;megjelent;36;7;8;10;0;2;63;-;-;-;-
2020;1;Somogy;12;gimnázium;férfi;nappali;magyar nyelv és irodalom;közép;rendes;Nem;magyar;3;52;52;megjelent;28;8;9;7;0;0;52;-;-;-;-
2020;1;Somogy;12;gimnázium;férfi;nappali;magyar nyelv és irodalom;közép;rendes;Nem;magyar;2;30;30;megjelent;17;5;4;2;0;2;30;-;-;-;-
2020;1;Somogy;12;szakgimnázium/szakközépiskola (2016.09.01-től kifutó rendszerben);nő;nappali;magyar nyelv és irodalom;közép;rendes;Nem;magyar;4;75;75;megjelent;33;9;18;12;1;2;75;-;-;-;-
2020;1;Somogy;12;szakgimnázium/szakközépiskola (2016.09.01-től kifutó rendszerben);nő;nappali;magyar nyelv és irodalom;közép;rendes;Nem;magyar;3;49;49;megjelent;26;9;5;7;0;2;49;-;-;-;-
2020;1;Somogy;12;gimnázium;férfi;nappali;magyar nyelv és irodalom;közép;rendes;Nem;magyar;3;53;53;megjelent;29;5;9;6;4;0;53;-;-;-;-
2020;1;Somogy;12;gimnázium;nő;nappali;magyar nyelv és irodalom;közép;rendes;Nem;magyar;5;82;82;megjelent;33;9;21;13;5;1;82;-;-;-;-
2020;1;Somogy;12;szakgimnázium/szakközépiskola (2016.09.01-től kifutó rendszerben);nő;nappali;magyar nyelv és irodalom;közép;rendes;Nem;magyar;4;70;70;megjelent;32;9;15;12;0;2;70;-;-;-;-
2020;1;Somogy;12;gimnázium;férfi;nappali;magyar nyelv és irodalom;közép;rendes;Nem;magyar;3;48;48;megjelent;27;7;4;4;4;2;48;-;-;-;-
2020;1;Somogy;13;szakközép;férfi;nappali;magyar nyelv és irodalom;közép;rendes;Igen;magyar;2;26;40;megjelent;15;0;0;0;0;0;15;14;5;6;25
2020;1;Somogy;12;szakgimnázium/szakközépiskola (2016.09.01-től kifutó rendszerben);férfi;nappali;magyar nyelv és irodalom;közép;rendes;Nem;magyar;4;66;66;megjelent;32;6;18;9;0;1;66;-;-;-;-
2020;1;Somogy;12;szakgimnázium/szakközépiskola (2016.09.01-től kifutó rendszerben);nő;nappali;magyar nyelv és irodalom;közép;rendes;Nem;magyar;4;68;68;megjelent;31;6;20;10;0;1;68;-;-;-;-
2020;1;Somogy;12;szakgimnázium/szakközépiskola (2016.09.01-től kifutó rendszerben);nő;nappali;magyar nyelv és irodalom;közép;rendes;Nem;magyar;4;60;60;megjelent;29;9;10;10;0;2;60;-;-;-;-
2020;1;Somogy;12;szakgimnázium/szakközépiskola (2016.09.01-től kifutó rendszerben);nő;nappali;magyar nyelv és irodalom;közép;rendes;Nem;magyar;3;53;53;megjelent;30;7;6;8;0;2;53;-;-;-;-
2020;1;Somogy;13;szakközép;férfi;nappali;magyar nyelv és irodalom;közép;rendes;Nem;magyar;2;35;35;megjelent;22;4;5;4;0;0;35;-;-;-;-
2020;1;Somogy;12;szakgimnázium/szakközépiskola (2016.09.01-től kifutó rendszerben);nő;nappali;magyar nyelv és irodalom;közép;rendes;Nem;magyar;4;74;74;megjelent;33;9;15;11;4;2;74;-;-;-;-
2020;1;Somogy;12;szakgimnázium/szakközépiskola (2016.09.01-től kifutó rendszerben);nő;nappali;magyar nyelv és irodalom;közép;rendes;Nem;magyar;3;55;55;megjelent;24;8;13;8;0;2;55;-;-;-;-
2020;1;Somogy;12;szakgimnázium/szakközépiskola (2016.09.01-től kifutó rendszerben);nő;nappali;magyar nyelv és irodalom;közép;rendes;Nem;magyar;5;86;86;megjelent;34;9;20;15;6;2;86;-;-;-;-
2020;1;Somogy;13;szakközép;férfi;nappali;magyar nyelv és irodalom;közép;rendes;Igen;magyar;2;27;41;megjelent;15;3;0;0;0;0;18;12;4;7;23
2020;1;Somogy;12;gimnázium;férfi;nappali;magyar nyelv és irodalom;közép;rendes;Nem;magyar;4;75;75;megjelent;34;8;17;11;4;1;75;-;-;-;-
2020;1;Somogy;12;szakgimnázium/szakközépiskola (2016.09.01-től kifutó rendszerben);nő;nappali;magyar nyelv és irodalom;közép;rendes;Nem;magyar;3;45;45;megjelent;22;9;5;7;0;2;45;-;-;-;-
2020;1;Somogy;12;gimnázium;férfi;nappali;magyar nyelv és irodalom;közép;rendes;Nem;magyar;3;40;40;megjelent;12;6;11;10;0;1;40;-;-;-;-
2020;1;Somogy;12;szakgimnázium/szakközépiskola (2016.09.01-től kifutó rendszerben);nő;nappali;magyar nyelv és irodalom;közép;rendes;Nem;magyar;4;66;66;megjelent;28;10;10;11;5;2;66;-;-;-;-
2020;1;Somogy;12;gimnázium;férfi;nappali;magyar nyelv és irodalom;közép;rendes;Nem;magyar;4;68;68;megjelent;30;7;19;9;3;0;68;-;-;-;-
2020;1;Somogy;12;szakgimnázium/szakközépiskola (2016.09.01-től kifutó rendszerben);nő;nappali;magyar nyelv és irodalom;közép;rendes;Nem;magyar;5;80;80;megjelent;32;9;18;15;4;2;80;-;-;-;-
2020;1;Somogy;13;szakközép;nő;nappali;magyar nyelv és irodalom;közép;rendes;Nem;magyar;1;17;26;megjelent;10;4;2;2;0;0;18;4;2;2;8
2020;1;Somogy;12;szakgimnázium/szakközépiskola (2016.09.01-től kifutó rendszerben);nő;nappali;magyar nyelv és irodalom;közép;rendes;Nem;magyar;4;71;71;megjelent;36;8;15;10;0;2;71;-;-;-;-
2020;1;Somogy;12;gimnázium;nő;nappali;magyar nyelv és irodalom;közép;rendes;Nem;magyar;5;80;80;megjelent;31;9;22;10;6;2;80;-;-;-;-
2020;1;Somogy;12;szakgimnázium/szakközépiskola (2016.09.01-től kifutó rendszerben);nő;nappali;magyar nyelv és irodalom;közép;rendes;Nem;magyar;5;85;85;megjelent;34;9;25;15;0;2;85;-;-;-;-
2020;1;Somogy;13;szakközép;nő;nappali;magyar nyelv és irodalom;közép;rendes;Nem;magyar;2;31;31;megjelent;21;4;3;3;0;0;31;-;-;-;-
2020;1;Somogy;12;szakgimnázium/szakközépiskola (2016.09.01-től kifutó rendszerben);férfi;nappali;magyar nyelv és irodalom;közép;rendes;Nem;magyar;3;56;56;megjelent;24;8;15;9;0;0;56;-;-;-;-
2020;1;Somogy;12;szakgimnázium/szakközépiskola (2016.09.01-től kifutó rendszerben);nő;nappali;magyar nyelv és irodalom;közép;rendes;Nem;magyar;5;81;81;megjelent;36;9;16;14;4;2;81;-;-;-;-
2020;1;Somogy;12;gimnázium;nő;nappali;magyar nyelv és irodalom;közép;rendes;Nem;magyar;3;46;46;megjelent;23;6;7;10;0;0;46;-;-;-;-
2020;1;Somogy;12;szakgimnázium/szakközépiskola (2016.09.01-től kifutó rendszerben);nő;nappali;magyar nyelv és irodalom;közép;rendes;Nem;magyar;4;66;66;megjelent;29;9;14;12;0;2;66;-;-;-;-
2020;1;Somogy;12;gimnázium;férfi;nappali;magyar nyelv és irodalom;közép;rendes;Igen;magyar;3;40;37;megjelent;21;3;8;5;0;0;37;-;-;-;-
2020;1;Somogy;12;szakgimnázium/szakközépiskola (2016.09.01-től kifutó rendszerben);nő;nappali;magyar nyelv és irodalom;közép;rendes;Nem;magyar;3;51;51;megjelent;24;9;4;7;5;2;51;-;-;-;-
2020;1;Somogy;12;szakgimnázium/szakközépiskola (2016.09.01-től kifutó rendszerben);férfi;nappali;magyar nyelv és irodalom;közép;rendes;Nem;magyar;4;62;62;megjelent;33;7;12;9;0;1;62;-;-;-;-
2020;1;Somogy;12;szakgimnázium/szakközépiskola (2016.09.01-től kifutó rendszerben);nő;nappali;magyar nyelv és irodalom;közép;rendes;Nem;magyar;3;46;46;megjelent;25;6;4;6;3;2;46;-;-;-;-
2020;1;Somogy;13;szakközép;férfi;nappali;magyar nyelv és irodalom;közép;rendes;Nem;magyar;3;44;44;megjelent;24;7;2;2;7;2;44;-;-;-;-
2020;1;Somogy;12;gimnázium;nő;nappali;magyar nyelv és irodalom;közép;rendes;Nem;magyar;5;86;86;megjelent;32;10;21;14;8;1;86;-;-;-;-
2020;1;Somogy;12;gimnázium;nő;nappali;magyar nyelv és irodalom;közép;rendes;Nem;magyar;3;53;53;megjelent;27;6;12;8;0;0;53;-;-;-;-
2020;1;Somogy;12;szakgimnázium/szakközépiskola (2016.09.01-től kifutó rendszerben);nő;nappali;magyar nyelv és irodalom;közép;rendes;Nem;magyar;4;67;67;megjelent;26;10;18;11;0;2;67;-;-;-;-
2020;1;Somogy;12;gimnázium;nő;nappali;magyar nyelv és irodalom;közép;rendes;Nem;magyar;4;74;74;megjelent;32;7;19;10;5;1;74;-;-;-;-
2020;1;Somogy;12;szakgimnázium/szakközépiskola (2016.09.01-től kifutó rendszerben);férfi;nappali;magyar nyelv és irodalom;közép;rendes;Nem;magyar;2;26;39;megjelent;12;0;4;4;0;0;20;10;4;5;19
2020;1;Somogy;13;szakközép;férfi;nappali;magyar nyelv és irodalom;közép;rendes;Igen;magyar;2;26;40;megjelent;9;0;2;1;0;0;12;12;6;10;28
2020;1;Somogy;12;szakgimnázium/szakközépiskola (2016.09.01-től kifutó rendszerben);férfi;nappali;magyar nyelv és irodalom;közép;rendes;Nem;magyar;2;37;37;megjelent;20;5;5;7;0;0;37;-;-;-;-
2020;1;Somogy;12;gimnázium;férfi;nappali;magyar nyelv és irodalom;közép;rendes;Nem;magyar;4;66;66;megjelent;26;8;20;12;0;0;66;-;-;-;-
2020;1;Somogy;12;szakgimnázium/szakközépiskola (2016.09.01-től kifutó rendszerben);nő;nappali;magyar nyelv és irodalom;közép;rendes;Nem;magyar;4;77;77;megjelent;34;9;15;9;8;2;77;-;-;-;-
2020;1;Somogy;12;gimnázium;nő;nappali;magyar nyelv és irodalom;közép;rendes;Nem;magyar;3;50;50;megjelent;23;7;12;8;0;0;50;-;-;-;-
2020;1;Somogy;12;szakgimnázium/szakközépiskola (2016.09.01-től kifutó rendszerben);nő;nappali;magyar nyelv és irodalom;közép;rendes;Nem;magyar;2;31;31;megjelent;17;3;4;5;0;2;31;-;-;-;-
2020;1;Somogy;12;szakgimnázium/szakközépiskola (2016.09.01-től kifutó rendszerben);nő;nappali;magyar nyelv és irodalom;közép;rendes;Nem;magyar;3;46;46;megjelent;32;6;4;3;0;1;46;-;-;-;-
2020;1;Somogy;12;szakgimnázium/szakközépiskola (2016.09.01-től kifutó rendszerben);férfi;nappali;magyar nyelv és irodalom;közép;rendes;Nem;magyar;5;84;84;megjelent;33;10;20;13;6;2;84;-;-;-;-
2020;1;Somogy;12;gimnázium;férfi;nappali;magyar nyelv és irodalom;közép;rendes;Nem;magyar;4;74;74;megjelent;33;7;19;10;5;0;74;-;-;-;-
2020;1;Somogy;12;gimnázium;férfi;nappali;magyar nyelv és irodalom;közép;rendes;Nem;magyar;3;40;40;megjelent;27;4;5;4;0;0;40;-;-;-;-
2020;1;Somogy;13;szakközép;férfi;nappali;magyar nyelv és irodalom;közép;rendes;Nem;magyar;2;28;43;megjelent;14;2;2;2;0;0;20;12;4;7;23
2020;1;Somogy;12;gimnázium;férfi;nappali;magyar nyelv és irodalom;közép;rendes;Nem;magyar;5;86;86;megjelent;36;10;23;13;4;0;86;-;-;-;-
2020;1;Somogy;12;gimnázium;férfi;nappali;magyar nyelv és irodalom;közép;rendes;Nem;magyar;4;76;76;megjelent;29;6;20;12;8;1;76;-;-;-;-
2020;1;Somogy;12;gimnázium;nő;nappali;magyar nyelv és irodalom;közép;rendes;Nem;magyar;5;82;82;megjelent;33;9;22;13;5;0;82;-;-;-;-
2020;1;Somogy;12;gimnázium;férfi;nappali;magyar nyelv és irodalom;közép;rendes;Nem;magyar;4;68;68;megjelent;32;9;16;10;0;1;68;-;-;-;-
2020;1;Somogy;12;szakgimnázium/szakközépiskola (2016.09.01-től kifutó rendszerben);nő;nappali;magyar nyelv és irodalom;közép;rendes;Nem;magyar;4;60;60;megjelent;27;10;13;8;0;2;60;-;-;-;-
2020;1;Somogy;12;gimnázium;férfi;nappali;magyar nyelv és irodalom;közép;rendes;Nem;magyar;2;30;30;megjelent;21;5;2;2;0;0;30;-;-;-;-
2020;1;Somogy;12;gimnázium;férfi;nappali;magyar nyelv és irodalom;közép;rendes;Nem;magyar;5;85;85;megjelent;33;8;23;13;8;0;85;-;-;-;-
2020;1;Somogy;12;szakgimnázium/szakközépiskola (2016.09.01-től kifutó rendszerben);férfi;nappali;magyar nyelv és irodalom;közép;rendes;Nem;magyar;3;56;56;megjelent;30;7;10;8;0;1;56;-;-;-;-
2020;1;Somogy;13;szakközép;nő;nappali;magyar nyelv és irodalom;közép;rendes;Nem;magyar;2;37;37;megjelent;20;8;4;3;0;2;37;-;-;-;-
2020;1;Somogy;12;szakgimnázium/szakközépiskola (2016.09.01-től kifutó rendszerben);nő;nappali;magyar nyelv és irodalom;közép;rendes;Nem;magyar;3;46;46;megjelent;18;7;10;9;0;2;46;-;-;-;-
2020;1;Somogy;12;gimnázium;férfi;nappali;magyar nyelv és irodalom;közép;rendes;Nem;magyar;5;83;83;megjelent;35;9;19;13;5;2;83;-;-;-;-
2020;1;Somogy;12;szakgimnázium/szakközépiskola (2016.09.01-től kifutó rendszerben);férfi;nappali;magyar nyelv és irodalom;közép;rendes;Nem;magyar;4;68;68;megjelent;26;10;18;11;2;1;68;-;-;-;-
2020;1;Somogy;12;gimnázium;férfi;nappali;magyar nyelv és irodalom;közép;rendes;Nem;magyar;3;58;58;megjelent;27;6;13;9;3;0;58;-;-;-;-
2020;1;Somogy;13;szakközép;férfi;nappali;magyar nyelv és irodalom;közép;rendes;Nem;magyar;1;10;16;nem jelent meg;-;-;-;-;-;-;-;-;-;-;-
2020;1;Somogy;12;szakgimnázium/szakközépiskola (2016.09.01-től kifutó rendszerben);nő;nappali;magyar nyelv és irodalom;közép;rendes;Nem;magyar;3;52;52;megjelent;23;9;11;6;2;1;52;-;-;-;-
2020;1;Somogy;12;gimnázium;férfi;nappali;magyar nyelv és irodalom;közép;rendes;Nem;magyar;5;83;83;megjelent;32;9;25;13;3;1;83;-;-;-;-
2020;1;Somogy;12;szakgimnázium/szakközépiskola (2016.09.01-től kifutó rendszerben);férfi;nappali;magyar nyelv és irodalom;közép;rendes;Nem;magyar;4;63;63;megjelent;34;9;6;8;5;1;63;-;-;-;-
2020;1;Somogy;12;szakgimnázium/szakközépiskola (2016.09.01-től kifutó rendszerben);nő;nappali;magyar nyelv és irodalom;közép;rendes;Nem;magyar;3;49;49;megjelent;20;7;13;8;0;1;49;-;-;-;-
2020;1;Somogy;12;gimnázium;férfi;nappali;magyar nyelv és irodalom;közép;rendes;Nem;magyar;5;88;88;megjelent;35;8;23;14;6;2;88;-;-;-;-
2020;1;Somogy;12;szakgimnázium/szakközépiskola (2016.09.01-től kifutó rendszerben);nő;nappali;magyar nyelv és irodalom;közép;rendes;Nem;magyar;3;51;51;megjelent;27;6;9;7;1;1;51;-;-;-;-
2020;1;Somogy;12;gimnázium;férfi;nappali;magyar nyelv és irodalom;közép;rendes;Nem;magyar;4;71;71;megjelent;29;8;18;11;4;1;71;-;-;-;-
2020;1;Somogy;12;szakgimnázium/szakközépiskola (2016.09.01-től kifutó rendszerben);nő;nappali;magyar nyelv és irodalom;közép;rendes;Nem;magyar;4;67;67;megjelent;32;10;13;10;0;2;67;-;-;-;-
2020;1;Somogy;13;szakközép;nő;nappali;magyar nyelv és irodalom;közép;rendes;Igen;magyar;2;28;43;megjelent;18;2;0;0;0;0;20;10;3;10;23
2020;1;Somogy;12;szakgimnázium/szakközépiskola (2016.09.01-től kifutó rendszerben);férfi;nappali;magyar nyelv és irodalom;közép;rendes;Nem;magyar;4;61;61;megjelent;22;9;18;11;0;1;61;-;-;-;-
2020;1;Somogy;12;gimnázium;férfi;nappali;magyar nyelv és irodalom;közép;rendes;Nem;magyar;4;69;69;megjelent;31;9;15;8;5;1;69;-;-;-;-
2020;1;Somogy;12;szakgimnázium/szakközépiskola (2016.09.01-től kifutó rendszerben);férfi;nappali;magyar nyelv és irodalom;közép;rendes;Nem;magyar;4;66;66;megjelent;35;9;12;7;1;2;66;-;-;-;-
2020;1;Somogy;12;szakgimnázium/szakközépiskola (2016.09.01-től kifutó rendszerben);nő;nappali;magyar nyelv és irodalom;közép;rendes;Nem;magyar;4;60;60;megjelent;35;0;9;7;7;2;60;-;-;-;-
2020;1;Somogy;12;gimnázium;férfi;nappali;magyar nyelv és irodalom;közép;rendes;Nem;magyar;3;56;56;megjelent;32;5;8;7;3;1;56;-;-;-;-
2020;1;Somogy;12;szakgimnázium/szakközépiskola (2016.09.01-től kifutó rendszerben);nő;nappali;magyar nyelv és irodalom;közép;rendes;Nem;magyar;3;49;49;megjelent;22;8;9;8;0;2;49;-;-;-;-
2020;1;Somogy;12;szakgimnázium/szakközépiskola (2016.09.01-től kifutó rendszerben);nő;nappali;magyar nyelv és irodalom;közép;rendes;Nem;magyar;4;60;60;megjelent;23;9;11;9;6;2;60;-;-;-;-
2020;1;Somogy;12;szakgimnázium/szakközépiskola (2016.09.01-től kifutó rendszerben);nő;nappali;magyar nyelv és irodalom;közép;rendes;Nem;magyar;4;60;60;megjelent;32;7;12;7;0;2;60;-;-;-;-
2020;1;Somogy;12;szakgimnázium/szakközépiskola (2016.09.01-től kifutó rendszerben);nő;nappali;magyar nyelv és irodalom;közép;rendes;Nem;magyar;4;64;64;megjelent;22;9;20;12;0;1;64;-;-;-;-
2020;1;Somogy;12;szakgimnázium/szakközépiskola (2016.09.01-től kifutó rendszerben);nő;nappali;magyar nyelv és irodalom;közép;rendes;Nem;magyar;4;60;60;megjelent;28;10;8;8;4;2;60;-;-;-;-
2020;1;Somogy;12;gimnázium;nő;nappali;magyar nyelv és irodalom;közép;rendes;Nem;magyar;4;74;74;megjelent;31;10;17;10;4;2;74;-;-;-;-
2020;1;Somogy;12;szakgimnázium/szakközépiskola (2016.09.01-től kifutó rendszerben);férfi;nappali;magyar nyelv és irodalom;közép;rendes;Nem;magyar;4;65;65;megjelent;29;8;16;11;0;1;65;-;-;-;-
2020;1;Somogy;12;szakgimnázium/szakközépiskola (2016.09.01-től kifutó rendszerben);nő;nappali;magyar nyelv és irodalom;közép;rendes;Nem;magyar;5;80;80;megjelent;34;9;16;11;8;2;80;-;-;-;-
2020;1;Somogy;12;szakgimnázium/szakközépiskola (2016.09.01-től kifutó rendszerben);férfi;nappali;magyar nyelv és irodalom;közép;rendes;Nem;magyar;4;67;67;megjelent;31;9;17;10;0;0;67;-;-;-;-
2020;1;Somogy;12;gimnázium;férfi;nappali;magyar nyelv és irodalom;közép;rendes;Igen;magyar;2;34;17;megjelent;-;-;-;-;-;-;-;8;2;7;17
2020;1;Somogy;12;gimnázium;férfi;nappali;magyar nyelv és irodalom;közép;rendes;Igen;magyar;3;41;38;megjelent;27;4;2;5;0;0;38;-;-;-;-
2020;1;Somogy;12;szakgimnázium/szakközépiskola (2016.09.01-től kifutó rendszerben);férfi;nappali;magyar nyelv és irodalom;közép;rendes;Nem;magyar;3;43;43;megjelent;24;6;7;5;0;1;43;-;-;-;-
2020;1;Somogy;12;gimnázium;férfi;nappali;magyar nyelv és irodalom;közép;rendes;Nem;magyar;2;38;38;megjelent;23;4;2;4;5;0;38;-;-;-;-
2020;1;Somogy;12;gimnázium;nő;nappali;magyar nyelv és irodalom;közép;rendes;Nem;magyar;5;82;82;megjelent;32;8;20;14;6;2;82;-;-;-;-
2020;1;Somogy;12;gimnázium;férfi;nappali;magyar nyelv és irodalom;közép;rendes;Nem;magyar;3;55;55;megjelent;29;8;9;8;1;0;55;-;-;-;-
2020;1;Somogy;12;gimnázium;férfi;nappali;magyar nyelv és irodalom;közép;rendes;Nem;magyar;3;52;52;megjelent;30;6;8;8;0;0;52;-;-;-;-
2020;1;Somogy;12;gimnázium;nő;nappali;magyar nyelv és irodalom;közép;rendes;Nem;magyar;2;32;32;megjelent;18;6;2;4;0;2;32;-;-;-;-
2020;1;Somogy;12;gimnázium;férfi;nappali;magyar nyelv és irodalom;közép;rendes;Nem;magyar;3;44;44;megjelent;28;4;2;6;4;0;44;-;-;-;-
2020;1;Somogy;12;gimnázium;nő;nappali;magyar nyelv és irodalom;közép;rendes;Nem;magyar;4;70;70;megjelent;33;8;15;11;1;2;70;-;-;-;-
2020;1;Somogy;12;gimnázium;férfi;nappali;magyar nyelv és irodalom;közép;rendes;Nem;magyar;4;67;67;megjelent;27;8;14;11;5;2;67;-;-;-;-
2020;1;Somogy;12;gimnázium;férfi;nappali;magyar nyelv és irodalom;közép;rendes;Nem;magyar;4;68;68;megjelent;29;5;16;12;5;1;68;-;-;-;-
2020;1;Somogy;12;gimnázium;férfi;nappali;magyar nyelv és irodalom;közép;rendes;Nem;magyar;3;52;52;megjelent;29;8;8;6;0;1;52;-;-;-;-
2020;1;Somogy;12;gimnázium;nő;nappali;magyar nyelv és irodalom;közép;rendes;Nem;magyar;2;33;33;megjelent;14;6;2;5;4;2;33;-;-;-;-
2020;1;Somogy;12;gimnázium;nő;nappali;magyar nyelv és irodalom;közép;rendes;Nem;magyar;2;29;29;megjelent;16;5;2;5;0;1;29;-;-;-;-
2020;1;Somogy;12;gimnázium;nő;nappali;magyar nyelv és irodalom;közép;rendes;Nem;magyar;3;54;54;megjelent;26;6;11;9;0;2;54;-;-;-;-
2020;1;Somogy;12;gimnázium;nő;nappali;magyar nyelv és irodalom;közép;rendes;Nem;magyar;3;50;50;megjelent;24;7;9;8;0;2;50;-;-;-;-
2020;1;Somogy;12;gimnázium;férfi;nappali;magyar nyelv és irodalom;közép;rendes;Nem;magyar;3;55;55;megjelent;28;9;10;7;1;0;55;-;-;-;-
2020;1;Somogy;12;gimnázium;nő;nappali;magyar nyelv és irodalom;közép;rendes;Nem;magyar;3;43;43;megjelent;29;4;6;2;0;2;43;-;-;-;-
2020;1;Somogy;12;gimnázium;nő;nappali;magyar nyelv és irodalom;közép;rendes;Nem;magyar;3;43;43;megjelent;27;6;2;5;2;1;43;-;-;-;-
2020;1;Somogy;12;gimnázium;férfi;nappali;magyar nyelv és irodalom;közép;rendes;Igen;magyar;3;58;54;megjelent;30;0;13;9;0;2;54;-;-;-;-
2020;1;Somogy;12;gimnázium;nő;nappali;magyar nyelv és irodalom;közép;rendes;Nem;magyar;5;82;82;megjelent;37;10;18;13;2;2;82;-;-;-;-
2020;1;Somogy;12;gimnázium;férfi;nappali;magyar nyelv és irodalom;közép;rendes;Nem;magyar;4;72;72;megjelent;38;9;13;11;0;1;72;-;-;-;-
2020;1;Somogy;12;gimnázium;férfi;nappali;magyar nyelv és irodalom;közép;rendes;Nem;magyar;3;46;46;megjelent;29;3;6;7;0;1;46;-;-;-;-
2020;1;Somogy;12;gimnázium;férfi;nappali;magyar nyelv és irodalom;közép;rendes;Igen;magyar;3;52;48;megjelent;33;4;5;4;0;2;48;-;-;-;-
2020;1;Somogy;12;gimnázium;férfi;nappali;magyar nyelv és irodalom;közép;rendes;Nem;magyar;4;67;67;megjelent;35;9;15;8;0;0;67;-;-;-;-
2020;1;Somogy;12;gimnázium;férfi;nappali;magyar nyelv és irodalom;közép;rendes;Nem;magyar;5;81;81;megjelent;33;9;19;13;6;1;81;-;-;-;-
2020;1;Somogy;12;gimnázium;férfi;nappali;magyar nyelv és irodalom;közép;rendes;Nem;magyar;5;83;83;megjelent;34;9;20;13;5;2;83;-;-;-;-
2020;1;Somogy;12;gimnázium;férfi;nappali;magyar nyelv és irodalom;közép;rendes;Nem;magyar;5;84;84;megjelent;32;10;25;15;0;2;84;-;-;-;-
2020;1;Somogy;12;gimnázium;férfi;nappali;magyar nyelv és irodalom;közép;rendes;Nem;magyar;5;88;88;megjelent;32;10;25;15;4;2;88;-;-;-;-
2020;1;Somogy;12;gimnázium;nő;nappali;magyar nyelv és irodalom;közép;rendes;Nem;magyar;4;69;69;megjelent;35;9;14;6;4;1;69;-;-;-;-
2020;1;Somogy;12;szakgimnázium/szakközépiskola (2016.09.01-től kifutó rendszerben);nő;nappali;magyar nyelv és irodalom;közép;rendes;Nem;magyar;3;49;49;megjelent;26;5;9;8;0;1;49;-;-;-;-
2020;1;Somogy;12;szakgimnázium/szakközépiskola (2016.09.01-től kifutó rendszerben);nő;nappali;magyar nyelv és irodalom;közép;rendes;Nem;magyar;3;56;56;megjelent;22;7;16;10;0;1;56;-;-;-;-
2020;1;Somogy;12;gimnázium;férfi;nappali;magyar nyelv és irodalom;közép;rendes;Nem;magyar;4;72;72;megjelent;30;6;21;10;4;1;72;-;-;-;-
2020;1;Somogy;12;gimnázium;férfi;nappali;magyar nyelv és irodalom;közép;rendes;Nem;magyar;5;80;80;megjelent;35;9;19;11;4;2;80;-;-;-;-
2020;1;Somogy;12;gimnázium;nő;nappali;magyar nyelv és irodalom;közép;rendes;Nem;magyar;4;72;72;megjelent;32;9;18;10;1;2;72;-;-;-;-
2020;1;Somogy;12;gimnázium;nő;nappali;magyar nyelv és irodalom;közép;rendes;Nem;magyar;5;80;80;megjelent;37;9;20;10;3;1;80;-;-;-;-
2020;1;Somogy;12;gimnázium;férfi;nappali;magyar nyelv és irodalom;közép;rendes;Nem;magyar;4;71;71;megjelent;33;7;17;11;1;2;71;-;-;-;-
2020;1;Somogy;12;gimnázium;férfi;nappali;magyar nyelv és irodalom;közép;rendes;Nem;magyar;4;67;67;megjelent;28;8;18;11;0;2;67;-;-;-;-
2020;1;Somogy;12;gimnázium;férfi;nappali;magyar nyelv és irodalom;közép;rendes;Nem;magyar;5;80;80;megjelent;35;6;20;12;5;2;80;-;-;-;-
2020;1;Somogy;12;gimnázium;férfi;nappali;magyar nyelv és irodalom;közép;rendes;Nem;magyar;4;73;73;megjelent;32;8;19;12;0;2;73;-;-;-;-
2020;1;Somogy;12;gimnázium;nő;nappali;magyar nyelv és irodalom;közép;rendes;Nem;magyar;5;81;81;megjelent;34;7;20;12;6;2;81;-;-;-;-
2020;1;Somogy;12;gimnázium;férfi;nappali;magyar nyelv és irodalom;közép;rendes;Nem;magyar;4;72;72;megjelent;34;8;18;10;0;2;72;-;-;-;-
2020;1;Somogy;12;gimnázium;férfi;nappali;magyar nyelv és irodalom;közép;rendes;Nem;magyar;5;87;87;megjelent;37;9;21;12;6;2;87;-;-;-;-
2020;1;Somogy;12;gimnázium;nő;nappali;magyar nyelv és irodalom;közép;rendes;Nem;magyar;4;74;74;megjelent;33;9;15;11;4;2;74;-;-;-;-
2020;1;Somogy;13;szakközép;férfi;nappali;magyar nyelv és irodalom;közép;rendes;Nem;magyar;2;27;27;megjelent;21;3;1;2;0;0;27;-;-;-;-
2020;1;Somogy;12;gimnázium;nő;nappali;magyar nyelv és irodalom;közép;rendes;Nem;magyar;5;89;89;megjelent;38;9;21;13;7;1;89;-;-;-;-
2020;1;Somogy;13;szakközép;férfi;nappali;magyar nyelv és irodalom;közép;rendes;Nem;magyar;2;39;39;megjelent;31;3;3;2;0;0;39;-;-;-;-
2020;1;Somogy;12;gimnázium;nő;nappali;magyar nyelv és irodalom;közép;rendes;Nem;magyar;4;66;66;megjelent;30;8;17;9;0;2;66;-;-;-;-
2020;1;Somogy;12;gimnázium;nő;nappali;magyar nyelv és irodalom;közép;rendes;Nem;magyar;5;81;81;megjelent;34;9;20;11;5;2;81;-;-;-;-
2020;1;Somogy;12;szakgimnázium/szakközépiskola (2016.09.01-től kifutó rendszerben);férfi;nappali;magyar nyelv és irodalom;közép;rendes;Nem;magyar;4;65;65;megjelent;30;8;10;10;5;2;65;-;-;-;-
2020;1;Somogy;12;gimnázium;nő;nappali;magyar nyelv és irodalom;közép;rendes;Nem;magyar;4;73;73;megjelent;26;9;23;13;0;2;73;-;-;-;-
2020;1;Somogy;12;gimnázium;nő;nappali;magyar nyelv és irodalom;közép;rendes;Nem;magyar;3;58;58;megjelent;28;9;12;9;0;0;58;-;-;-;-
2020;1;Somogy;12;gimnázium;nő;nappali;magyar nyelv és irodalom;közép;rendes;Nem;magyar;5;88;88;megjelent;35;10;23;13;5;2;88;-;-;-;-
2020;1;Somogy;12;gimnázium;férfi;nappali;magyar nyelv és irodalom;közép;rendes;Nem;magyar;3;55;55;megjelent;29;7;9;8;0;2;55;-;-;-;-
2020;1;Somogy;12;gimnázium;férfi;nappali;magyar nyelv és irodalom;közép;rendes;Nem;magyar;3;50;50;megjelent;25;6;10;8;0;1;50;-;-;-;-
2020;1;Somogy;12;gimnázium;nő;nappali;magyar nyelv és irodalom;közép;rendes;Nem;magyar;5;87;87;megjelent;34;10;24;14;3;2;87;-;-;-;-
2020;1;Somogy;12;gimnázium;férfi;nappali;magyar nyelv és irodalom;közép;rendes;Nem;magyar;5;83;83;megjelent;34;10;21;12;4;2;83;-;-;-;-
2020;1;Somogy;12;gimnázium;nő;nappali;magyar nyelv és irodalom;közép;rendes;Nem;magyar;3;54;54;megjelent;30;5;10;8;0;1;54;-;-;-;-
2020;1;Somogy;12;gimnázium;nő;nappali;magyar nyelv és irodalom;közép;rendes;Nem;magyar;4;77;77;megjelent;30;10;18;14;3;2;77;-;-;-;-
2020;1;Somogy;12;gimnázium;nő;nappali;magyar nyelv és irodalom;közép;rendes;Nem;magyar;4;61;61;megjelent;34;7;10;9;0;1;61;-;-;-;-
2020;1;Somogy;12;gimnázium;nő;nappali;magyar nyelv és irodalom;közép;rendes;Nem;magyar;5;87;87;megjelent;34;10;23;13;5;2;87;-;-;-;-
2020;1;Somogy;12;gimnázium;nő;nappali;magyar nyelv és irodalom;közép;rendes;Nem;magyar;5;89;89;megjelent;32;10;24;15;6;2;89;-;-;-;-
2020;1;Somogy;12;gimnázium;nő;nappali;magyar nyelv és irodalom;közép;rendes;Nem;magyar;5;91;91;megjelent;34;10;24;14;7;2;91;-;-;-;-
2020;1;Somogy;12;gimnázium;nő;nappali;magyar nyelv és irodalom;közép;rendes;Nem;magyar;4;72;72;megjelent;29;9;19;13;0;2;72;-;-;-;-
2020;1;Somogy;12;gimnázium;nő;nappali;magyar nyelv és irodalom;közép;rendes;Nem;magyar;5;82;82;megjelent;31;9;20;15;5;2;82;-;-;-;-
2020;1;Somogy;12;gimnázium;nő;nappali;magyar nyelv és irodalom;közép;előrehozott;Nem;magyar;3;50;50;megjelent;26;8;5;7;2;2;50;-;-;-;-
2020;1;Somogy;12;gimnázium;nő;nappali;magyar nyelv és irodalom;közép;rendes;Nem;magyar;5;93;93;megjelent;38;10;21;15;7;2;93;-;-;-;-
2020;1;Somogy;12;gimnázium;férfi;nappali;magyar nyelv és irodalom;közép;rendes;Nem;magyar;5;81;81;megjelent;30;8;24;15;2;2;81;-;-;-;-
2020;1;Somogy;12;gimnázium;férfi;nappali;magyar nyelv és irodalom;közép;rendes;Nem;magyar;4;60;60;megjelent;31;10;11;8;0;0;60;-;-;-;-
2020;1;Somogy;12;gimnázium;férfi;nappali;magyar nyelv és irodalom;közép;rendes;Nem;magyar;5;81;81;megjelent;34;7;25;13;0;2;81;-;-;-;-
2020;1;Somogy;12;gimnázium;férfi;nappali;magyar nyelv és irodalom;közép;rendes;Nem;magyar;4;64;64;megjelent;27;6;22;8;0;1;64;-;-;-;-
2020;1;Somogy;12;gimnázium;férfi;nappali;magyar nyelv és irodalom;közép;rendes;Nem;magyar;3;56;56;megjelent;26;0;16;10;2;2;56;-;-;-;-
2020;1;Somogy;12;gimnázium;férfi;nappali;magyar nyelv és irodalom;közép;rendes;Nem;magyar;5;83;83;megjelent;34;9;24;14;0;2;83;-;-;-;-
2020;1;Somogy;12;gimnázium;férfi;nappali;magyar nyelv és irodalom;közép;rendes;Nem;magyar;5;85;85;megjelent;35;9;23;12;4;2;85;-;-;-;-
2020;1;Somogy;12;gimnázium;nő;nappali;magyar nyelv és irodalom;közép;rendes;Nem;magyar;5;84;84;megjelent;38;10;21;12;1;2;84;-;-;-;-
2020;1;Somogy;12;gimnázium;nő;nappali;magyar nyelv és irodalom;közép;rendes;Nem;magyar;5;86;86;megjelent;35;10;19;15;5;2;86;-;-;-;-
2020;1;Somogy;12;gimnázium;nő;nappali;magyar nyelv és irodalom;közép;rendes;Nem;magyar;5;80;80;megjelent;30;9;21;13;5;2;80;-;-;-;-
2020;1;Somogy;12;gimnázium;nő;nappali;magyar nyelv és irodalom;közép;rendes;Nem;magyar;5;80;80;megjelent;33;8;24;13;0;2;80;-;-;-;-
2020;1;Somogy;12;gimnázium;férfi;nappali;magyar nyelv és irodalom;közép;rendes;Nem;magyar;4;67;67;megjelent;27;8;17;11;2;2;67;-;-;-;-
2020;1;Somogy;12;gimnázium;férfi;nappali;magyar nyelv és irodalom;közép;rendes;Nem;magyar;4;63;63;megjelent;29;4;19;9;0;2;63;-;-;-;-
2020;1;Somogy;12;gimnázium;nő;nappali;magyar nyelv és irodalom;közép;rendes;Nem;magyar;4;66;66;megjelent;30;7;18;9;0;2;66;-;-;-;-
2020;1;Somogy;12;gimnázium;férfi;nappali;magyar nyelv és irodalom;közép;rendes;Nem;magyar;4;70;70;megjelent;31;7;19;11;0;2;70;-;-;-;-
2020;1;Somogy;12;gimnázium;nő;nappali;magyar nyelv és irodalom;közép;rendes;Nem;magyar;5;80;80;megjelent;32;9;19;13;5;2;80;-;-;-;-
2020;1;Somogy;12;gimnázium;nő;nappali;magyar nyelv és irodalom;közép;rendes;Nem;magyar;5;93;93;megjelent;37;9;23;14;8;2;93;-;-;-;-
2020;1;Somogy;12;gimnázium;férfi;nappali;magyar nyelv és irodalom;közép;rendes;Nem;magyar;5;86;86;megjelent;36;10;23;14;1;2;86;-;-;-;-
2020;1;Somogy;12;gimnázium;nő;nappali;magyar nyelv és irodalom;közép;rendes;Nem;magyar;4;72;72;megjelent;33;5;19;13;0;2;72;-;-;-;-
2020;1;Somogy;12;gimnázium;férfi;nappali;magyar nyelv és irodalom;közép;rendes;Nem;magyar;4;61;61;megjelent;22;7;16;12;2;2;61;-;-;-;-
2020;1;Somogy;12;gimnázium;nő;nappali;magyar nyelv és irodalom;közép;rendes;Nem;magyar;5;84;84;megjelent;35;9;23;14;1;2;84;-;-;-;-
2020;1;Somogy;12;gimnázium;férfi;nappali;magyar nyelv és irodalom;közép;rendes;Igen;magyar;4;70;63;megjelent;35;5;14;9;0;0;63;-;-;-;-
2020;1;Somogy;12;gimnázium;férfi;nappali;magyar nyelv és irodalom;közép;rendes;Nem;magyar;5;94;94;megjelent;35;9;25;15;8;2;94;-;-;-;-
2020;1;Somogy;12;gimnázium;nő;nappali;magyar nyelv és irodalom;közép;rendes;Nem;magyar;5;88;88;megjelent;37;10;19;15;5;2;88;-;-;-;-
2020;1;Somogy;12;gimnázium;nő;nappali;magyar nyelv és irodalom;közép;rendes;Nem;magyar;5;97;97;megjelent;38;10;25;14;8;2;97;-;-;-;-
2020;1;Somogy;12;gimnázium;férfi;nappali;magyar nyelv és irodalom;közép;rendes;Nem;magyar;4;63;63;megjelent;30;8;13;9;1;2;63;-;-;-;-
2020;1;Somogy;12;gimnázium;nő;nappali;magyar nyelv és irodalom;közép;rendes;Nem;magyar;5;81;81;megjelent;35;9;19;14;2;2;81;-;-;-;-
2020;1;Somogy;12;gimnázium;nő;nappali;magyar nyelv és irodalom;közép;rendes;Nem;magyar;4;68;68;megjelent;31;9;14;11;1;2;68;-;-;-;-
2020;1;Somogy;12;gimnázium;nő;nappali;magyar nyelv és irodalom;közép;rendes;Nem;magyar;5;95;95;megjelent;37;10;25;15;6;2;95;-;-;-;-
2020;1;Somogy;12;gimnázium;nő;nappali;magyar nyelv és irodalom;közép;rendes;Nem;magyar;3;59;59;megjelent;34;6;10;3;4;2;59;-;-;-;-
2020;1;Somogy;12;gimnázium;férfi;nappali;magyar nyelv és irodalom;közép;rendes;Nem;magyar;5;86;86;megjelent;37;9;22;13;3;2;86;-;-;-;-
2020;1;Somogy;12;gimnázium;nő;nappali;magyar nyelv és irodalom;közép;rendes;Nem;magyar;5;85;85;megjelent;32;8;23;13;7;2;85;-;-;-;-
2020;1;Somogy;12;gimnázium;férfi;nappali;magyar nyelv és irodalom;közép;rendes;Nem;magyar;4;76;76;megjelent;35;10;19;11;0;1;76;-;-;-;-
2020;1;Somogy;12;gimnázium;férfi;nappali;magyar nyelv és irodalom;közép;rendes;Nem;magyar;5;88;88;megjelent;35;10;22;14;5;2;88;-;-;-;-
2020;1;Somogy;12;gimnázium;nő;nappali;magyar nyelv és irodalom;közép;rendes;Nem;magyar;5;94;94;megjelent;40;10;19;15;8;2;94;-;-;-;-
2020;1;Somogy;12;gimnázium;nő;nappali;magyar nyelv és irodalom;közép;rendes;Nem;magyar;5;84;84;megjelent;37;9;20;13;3;2;84;-;-;-;-
2020;1;Somogy;12;gimnázium;nő;nappali;magyar nyelv és irodalom;közép;rendes;Nem;magyar;5;86;86;megjelent;37;9;18;14;6;2;86;-;-;-;-
2020;1;Somogy;12;gimnázium;férfi;nappali;magyar nyelv és irodalom;közép;rendes;Nem;magyar;4;78;78;megjelent;35;9;18;13;2;1;78;-;-;-;-
2020;1;Somogy;12;gimnázium;férfi;nappali;magyar nyelv és irodalom;közép;rendes;Igen;magyar;5;82;76;megjelent;35;9;19;11;0;2;76;-;-;-;-
2020;1;Somogy;12;szakgimnázium/szakközépiskola (2016.09.01-től kifutó rendszerben);férfi;nappali;magyar nyelv és irodalom;közép;rendes;Nem;magyar;3;56;56;megjelent;24;9;14;7;0;2;56;-;-;-;-
2020;1;Somogy;12;gimnázium;nő;nappali;magyar nyelv és irodalom;közép;rendes;Nem;magyar;5;91;91;megjelent;39;9;20;14;7;2;91;-;-;-;-
2020;1;Somogy;12;gimnázium;nő;nappali;magyar nyelv és irodalom;közép;rendes;Nem;magyar;5;91;91;megjelent;37;9;23;14;6;2;91;-;-;-;-
2020;1;Somogy;12;gimnázium;nő;nappali;magyar nyelv és irodalom;közép;rendes;Nem;magyar;5;91;91;megjelent;36;10;21;15;7;2;91;-;-;-;-
2020;1;Somogy;12;gimnázium;nő;nappali;magyar nyelv és irodalom;közép;rendes;Nem;magyar;5;82;82;megjelent;33;9;21;11;6;2;82;-;-;-;-
2020;1;Somogy;12;gimnázium;nő;nappali;magyar nyelv és irodalom;közép;rendes;Nem;magyar;4;75;75;megjelent;36;9;17;11;0;2;75;-;-;-;-
2020;1;Somogy;12;gimnázium;nő;nappali;magyar nyelv és irodalom;közép;rendes;Nem;magyar;5;85;85;megjelent;36;9;19;13;6;2;85;-;-;-;-
2020;1;Somogy;12;gimnázium;nő;nappali;magyar nyelv és irodalom;közép;rendes;Nem;magyar;5;88;88;megjelent;39;9;18;12;8;2;88;-;-;-;-
2020;1;Somogy;12;gimnázium;nő;nappali;magyar nyelv és irodalom;közép;rendes;Nem;magyar;5;83;83;megjelent;35;9;17;12;8;2;83;-;-;-;-
2020;1;Somogy;12;gimnázium;nő;nappali;magyar nyelv és irodalom;közép;rendes;Nem;magyar;5;86;86;megjelent;34;10;19;13;8;2;86;-;-;-;-
2020;1;Somogy;12;szakgimnázium/szakközépiskola (2016.09.01-től kifutó rendszerben);férfi;nappali;magyar nyelv és irodalom;közép;rendes;Nem;magyar;2;25;25;megjelent;9;1;9;5;0;1;25;-;-;-;-
2020;1;Somogy;12;szakgimnázium/szakközépiskola (2016.09.01-től kifutó rendszerben);férfi;nappali;magyar nyelv és irodalom;közép;rendes;Nem;magyar;3;51;51;megjelent;29;2;9;7;2;2;51;-;-;-;-
2020;1;Somogy;12;szakgimnázium/szakközépiskola (2016.09.01-től kifutó rendszerben);férfi;nappali;magyar nyelv és irodalom;közép;rendes;Nem;magyar;3;51;51;megjelent;29;5;9;6;0;2;51;-;-;-;-
2020;1;Somogy;12;szakgimnázium/szakközépiskola (2016.09.01-től kifutó rendszerben);férfi;nappali;magyar nyelv és irodalom;közép;rendes;Nem;magyar;2;36;36;megjelent;16;3;11;4;0;2;36;-;-;-;-
2020;1;Somogy;12;gimnázium;nő;nappali;magyar nyelv és irodalom;közép;rendes;Nem;magyar;4;61;61;megjelent;23;9;17;12;0;0;61;-;-;-;-
2020;1;Somogy;12;szakgimnázium/szakközépiskola (2016.09.01-től kifutó rendszerben);férfi;nappali;magyar nyelv és irodalom;közép;rendes;Nem;magyar;2;36;36;megjelent;16;2;8;3;5;2;36;-;-;-;-
2020;1;Somogy;12;gimnázium;férfi;nappali;magyar nyelv és irodalom;közép;rendes;Nem;magyar;5;80;80;megjelent;35;7;23;13;0;2;80;-;-;-;-
2020;1;Somogy;12;gimnázium;nő;nappali;magyar nyelv és irodalom;közép;rendes;Nem;magyar;3;46;46;megjelent;21;6;10;8;0;1;46;-;-;-;-
2020;1;Somogy;12;gimnázium;nő;nappali;magyar nyelv és irodalom;közép;rendes;Nem;magyar;3;44;44;megjelent;16;7;13;6;0;2;44;-;-;-;-
2020;1;Somogy;12;gimnázium;nő;nappali;magyar nyelv és irodalom;közép;rendes;Nem;magyar;5;97;97;megjelent;40;10;24;13;8;2;97;-;-;-;-
2020;1;Somogy;12;gimnázium;nő;nappali;magyar nyelv és irodalom;közép;rendes;Nem;magyar;5;83;83;megjelent;33;10;23;13;2;2;83;-;-;-;-
2020;1;Somogy;12;gimnázium;férfi;nappali;magyar nyelv és irodalom;közép;rendes;Nem;magyar;3;42;42;megjelent;26;4;6;6;0;0;42;-;-;-;-
2020;1;Somogy;12;gimnázium;nő;nappali;magyar nyelv és irodalom;közép;rendes;Nem;magyar;4;73;73;megjelent;33;8;9;13;8;2;73;-;-;-;-
2020;1;Somogy;12;gimnázium;nő;nappali;magyar nyelv és irodalom;közép;rendes;Nem;magyar;3;54;54;megjelent;16;7;15;9;5;2;54;-;-;-;-
2020;1;Somogy;12;gimnázium;nő;nappali;magyar nyelv és irodalom;közép;rendes;Nem;magyar;5;87;87;megjelent;37;9;19;12;8;2;87;-;-;-;-
2020;1;Somogy;12;gimnázium;nő;nappali;magyar nyelv és irodalom;közép;rendes;Nem;magyar;3;56;56;megjelent;29;8;8;8;1;2;56;-;-;-;-
2020;1;Somogy;12;gimnázium;férfi;nappali;magyar nyelv és irodalom;közép;rendes;Nem;magyar;4;70;70;megjelent;30;10;15;13;0;2;70;-;-;-;-
2020;1;Somogy;12;gimnázium;nő;nappali;magyar nyelv és irodalom;közép;rendes;Nem;magyar;5;82;82;megjelent;38;9;21;10;2;2;82;-;-;-;-
2020;1;Somogy;12;gimnázium;nő;nappali;magyar nyelv és irodalom;közép;rendes;Nem;magyar;3;53;53;megjelent;28;9;6;9;0;1;53;-;-;-;-
2020;1;Somogy;12;szakgimnázium/szakközépiskola (2016.09.01-től kifutó rendszerben);férfi;nappali;magyar nyelv és irodalom;közép;rendes;Nem;magyar;3;40;40;megjelent;18;5;9;8;0;0;40;-;-;-;-
2020;1;Somogy;12;szakgimnázium/szakközépiskola (2016.09.01-től kifutó rendszerben);férfi;nappali;magyar nyelv és irodalom;közép;rendes;Nem;magyar;4;65;65;megjelent;31;8;13;11;0;2;65;-;-;-;-
2020;1;Somogy;12;szakgimnázium/szakközépiskola (2016.09.01-től kifutó rendszerben);férfi;nappali;magyar nyelv és irodalom;közép;rendes;Nem;magyar;4;69;69;megjelent;30;7;16;14;0;2;69;-;-;-;-
2020;1;Somogy;12;gimnázium;nő;nappali;magyar nyelv és irodalom;közép;rendes;Nem;magyar;4;67;67;megjelent;27;10;16;12;0;2;67;-;-;-;-
2020;1;Somogy;12;szakgimnázium/szakközépiskola (2016.09.01-től kifutó rendszerben);férfi;nappali;magyar nyelv és irodalom;közép;rendes;Nem;magyar;3;52;52;megjelent;22;5;6;9;8;2;52;-;-;-;-
2020;1;Somogy;12;szakgimnázium/szakközépiskola (2016.09.01-től kifutó rendszerben);nő;nappali;magyar nyelv és irodalom;közép;rendes;Nem;magyar;4;68;68;megjelent;26;9;12;12;7;2;68;-;-;-;-
2020;1;Somogy;12;szakgimnázium/szakközépiskola (2016.09.01-től kifutó rendszerben);nő;nappali;magyar nyelv és irodalom;közép;rendes;Nem;magyar;3;48;48;megjelent;18;8;8;10;2;2;48;-;-;-;-
2020;1;Somogy;12;gimnázium;férfi;nappali;magyar nyelv és irodalom;közép;rendes;Nem;magyar;5;80;80;megjelent;33;10;21;14;0;2;80;-;-;-;-
2020;1;Somogy;12;gimnázium;férfi;nappali;magyar nyelv és irodalom;közép;rendes;Nem;magyar;5;85;85;megjelent;35;10;23;15;0;2;85;-;-;-;-
2020;1;Somogy;12;szakgimnázium/szakközépiskola (2016.09.01-től kifutó rendszerben);nő;nappali;magyar nyelv és irodalom;közép;rendes;Nem;magyar;3;45;45;megjelent;22;5;8;10;0;0;45;-;-;-;-
2020;1;Somogy;12;szakgimnázium/szakközépiskola (2016.09.01-től kifutó rendszerben);férfi;nappali;magyar nyelv és irodalom;közép;rendes;Igen;magyar;2;32;30;megjelent;19;2;3;6;0;0;30;-;-;-;-
2020;1;Somogy;12;szakgimnázium/szakközépiskola (2016.09.01-től kifutó rendszerben);nő;nappali;magyar nyelv és irodalom;közép;rendes;Nem;magyar;3;49;49;megjelent;23;8;6;10;0;2;49;-;-;-;-
2020;1;Somogy;12;gimnázium;férfi;nappali;magyar nyelv és irodalom;közép;rendes;Nem;magyar;4;65;65;megjelent;31;10;11;11;0;2;65;-;-;-;-
2020;1;Somogy;12;szakgimnázium/szakközépiskola (2016.09.01-től kifutó rendszerben);nő;nappali;magyar nyelv és irodalom;közép;rendes;Nem;magyar;3;44;44;megjelent;20;7;6;9;0;2;44;-;-;-;-
2020;1;Somogy;12;szakgimnázium/szakközépiskola (2016.09.01-től kifutó rendszerben);férfi;nappali;magyar nyelv és irodalom;közép;rendes;Nem;magyar;4;60;60;megjelent;26;6;13;14;0;1;60;-;-;-;-
2020;1;Somogy;12;gimnázium;nő;nappali;magyar nyelv és irodalom;közép;rendes;Nem;magyar;4;67;67;megjelent;34;10;11;9;1;2;67;-;-;-;-
2020;1;Somogy;12;szakgimnázium/szakközépiskola (2016.09.01-től kifutó rendszerben);nő;nappali;magyar nyelv és irodalom;közép;rendes;Nem;magyar;3;51;51;megjelent;25;6;4;12;2;2;51;-;-;-;-
2020;1;Somogy;12;szakgimnázium/szakközépiskola (2016.09.01-től kifutó rendszerben);nő;nappali;magyar nyelv és irodalom;közép;rendes;Nem;magyar;3;51;51;megjelent;24;7;7;11;0;2;51;-;-;-;-
2020;1;Somogy;12;szakgimnázium/szakközépiskola (2016.09.01-től kifutó rendszerben);nő;nappali;magyar nyelv és irodalom;közép;rendes;Nem;magyar;3;50;50;megjelent;25;5;9;10;0;1;50;-;-;-;-
2020;1;Somogy;12;szakgimnázium/szakközépiskola (2016.09.01-től kifutó rendszerben);nő;nappali;magyar nyelv és irodalom;közép;rendes;Nem;magyar;3;40;40;megjelent;20;5;5;10;0;0;40;-;-;-;-
2020;1;Somogy;12;szakgimnázium/szakközépiskola (2016.09.01-től kifutó rendszerben);nő;nappali;magyar nyelv és irodalom;közép;rendes;Nem;magyar;4;63;63;megjelent;25;8;10;11;8;1;63;-;-;-;-
2020;1;Somogy;12;gimnázium;férfi;nappali;magyar nyelv és irodalom;közép;rendes;Nem;magyar;5;80;80;megjelent;35;9;18;12;5;1;80;-;-;-;-
2020;1;Somogy;12;szakgimnázium/szakközépiskola (2016.09.01-től kifutó rendszerben);nő;nappali;magyar nyelv és irodalom;közép;rendes;Nem;magyar;3;53;53;megjelent;25;7;8;11;0;2;53;-;-;-;-
2020;1;Somogy;12;szakgimnázium/szakközépiskola (2016.09.01-től kifutó rendszerben);nő;nappali;magyar nyelv és irodalom;közép;rendes;Nem;magyar;4;71;71;megjelent;27;9;13;14;6;2;71;-;-;-;-
2020;1;Somogy;12;szakgimnázium/szakközépiskola (2016.09.01-től kifutó rendszerben);férfi;nappali;magyar nyelv és irodalom;közép;rendes;Nem;magyar;4;64;64;megjelent;27;9;14;14;0;0;64;-;-;-;-
2020;1;Somogy;12;szakgimnázium/szakközépiskola (2016.09.01-től kifutó rendszerben);nő;nappali;magyar nyelv és irodalom;közép;rendes;Nem;magyar;3;47;47;megjelent;24;3;9;10;0;1;47;-;-;-;-
2020;1;Somogy;12;szakgimnázium/szakközépiskola (2016.09.01-től kifutó rendszerben);nő;nappali;magyar nyelv és irodalom;közép;rendes;Nem;magyar;4;71;71;megjelent;33;9;9;14;5;1;71;-;-;-;-
2020;1;Somogy;12;szakgimnázium/szakközépiskola (2016.09.01-től kifutó rendszerben);férfi;nappali;magyar nyelv és irodalom;közép;rendes;Nem;magyar;3;55;55;megjelent;28;5;9;9;3;1;55;-;-;-;-
2020;1;Somogy;12;gimnázium;nő;nappali;magyar nyelv és irodalom;közép;rendes;Nem;magyar;4;69;69;megjelent;29;8;17;10;3;2;69;-;-;-;-
2020;1;Somogy;12;szakgimnázium/szakközépiskola (2016.09.01-től kifutó rendszerben);nő;nappali;magyar nyelv és irodalom;közép;rendes;Nem;magyar;3;50;50;megjelent;27;0;6;12;3;2;50;-;-;-;-
2020;1;Somogy;12;szakgimnázium/szakközépiskola (2016.09.01-től kifutó rendszerben);nő;nappali;magyar nyelv és irodalom;közép;rendes;Nem;magyar;3;50;50;megjelent;22;9;5;12;0;2;50;-;-;-;-
2020;1;Somogy;12;szakgimnázium/szakközépiskola (2016.09.01-től kifutó rendszerben);nő;nappali;magyar nyelv és irodalom;közép;rendes;Nem;magyar;3;52;52;megjelent;25;7;5;12;2;1;52;-;-;-;-
2020;1;Somogy;12;gimnázium;férfi;nappali;magyar nyelv és irodalom;közép;rendes;Nem;magyar;5;82;82;megjelent;34;10;14;15;7;2;82;-;-;-;-
2020;1;Somogy;12;gimnázium;férfi;nappali;magyar nyelv és irodalom;közép;rendes;Nem;magyar;4;68;68;megjelent;31;8;17;11;0;1;68;-;-;-;-
2020;1;Somogy;12;gimnázium;nő;nappali;magyar nyelv és irodalom;közép;rendes;Nem;magyar;5;95;95;megjelent;36;10;25;15;8;1;95;-;-;-;-
2020;1;Somogy;12;gimnázium;férfi;nappali;magyar nyelv és irodalom;közép;rendes;Nem;magyar;4;77;77;megjelent;37;7;20;11;0;2;77;-;-;-;-
2020;1;Somogy;12;gimnázium;férfi;nappali;magyar nyelv és irodalom;közép;rendes;Nem;magyar;4;73;73;megjelent;37;8;17;9;0;2;73;-;-;-;-
2020;1;Somogy;12;gimnázium;nő;nappali;magyar nyelv és irodalom;közép;rendes;Nem;magyar;4;78;78;megjelent;37;9;17;11;2;2;78;-;-;-;-
2020;1;Somogy;12;gimnázium;nő;nappali;magyar nyelv és irodalom;közép;rendes;Nem;magyar;5;80;80;megjelent;33;9;20;10;7;1;80;-;-;-;-
2020;1;Somogy;12;gimnázium;nő;nappali;magyar nyelv és irodalom;közép;rendes;Nem;magyar;5;96;96;megjelent;38;9;25;14;8;2;96;-;-;-;-
2020;1;Somogy;12;gimnázium;nő;nappali;magyar nyelv és irodalom;közép;rendes;Nem;magyar;5;86;86;megjelent;33;9;22;13;7;2;86;-;-;-;-
2020;1;Somogy;12;gimnázium;nő;nappali;magyar nyelv és irodalom;közép;rendes;Nem;magyar;4;64;64;megjelent;29;7;16;9;1;2;64;-;-;-;-
2020;1;Somogy;12;gimnázium;férfi;nappali;magyar nyelv és irodalom;közép;rendes;Nem;magyar;4;65;65;megjelent;28;8;18;9;0;2;65;-;-;-;-
2020;1;Somogy;12;gimnázium;nő;nappali;magyar nyelv és irodalom;közép;rendes;Nem;magyar;5;81;81;megjelent;32;9;22;12;4;2;81;-;-;-;-
2020;1;Somogy;12;szakgimnázium/szakközépiskola (2016.09.01-től kifutó rendszerben);férfi;nappali;magyar nyelv és irodalom;közép;rendes;Nem;magyar;4;63;63;megjelent;23;5;18;15;0;2;63;-;-;-;-
2020;1;Somogy;12;szakgimnázium/szakközépiskola (2016.09.01-től kifutó rendszerben);férfi;nappali;magyar nyelv és irodalom;közép;rendes;Nem;magyar;3;57;57;megjelent;30;6;10;10;0;1;57;-;-;-;-
2020;1;Somogy;12;szakgimnázium/szakközépiskola (2016.09.01-től kifutó rendszerben);férfi;nappali;magyar nyelv és irodalom;közép;rendes;Nem;magyar;3;50;50;megjelent;16;6;12;10;4;2;50;-;-;-;-
2020;1;Somogy;12;szakgimnázium/szakközépiskola (2016.09.01-től kifutó rendszerben);férfi;nappali;magyar nyelv és irodalom;közép;rendes;Nem;magyar;2;38;38;megjelent;27;5;2;2;0;2;38;-;-;-;-
2020;1;Somogy;12;szakgimnázium/szakközépiskola (2016.09.01-től kifutó rendszerben);férfi;nappali;magyar nyelv és irodalom;közép;rendes;Nem;magyar;3;41;41;megjelent;18;7;9;6;0;1;41;-;-;-;-
2020;1;Somogy;12;szakgimnázium/szakközépiskola (2016.09.01-től kifutó rendszerben);férfi;nappali;magyar nyelv és irodalom;közép;rendes;Nem;magyar;2;25;25;megjelent;14;0;6;4;0;1;25;-;-;-;-
2020;1;Somogy;12;szakgimnázium/szakközépiskola (2016.09.01-től kifutó rendszerben);férfi;nappali;magyar nyelv és irodalom;közép;rendes;Igen;magyar;5;83;75;megjelent;33;7;22;13;0;0;75;-;-;-;-
2020;1;Somogy;12;szakgimnázium/szakközépiskola (2016.09.01-től kifutó rendszerben);férfi;nappali;magyar nyelv és irodalom;közép;rendes;Nem;magyar;3;53;53;megjelent;33;4;3;6;5;2;53;-;-;-;-
2020;1;Somogy;12;szakgimnázium/szakközépiskola (2016.09.01-től kifutó rendszerben);férfi;nappali;magyar nyelv és irodalom;közép;rendes;Nem;magyar;4;69;69;megjelent;31;10;14;11;1;2;69;-;-;-;-
2020;1;Somogy;12;gimnázium;férfi;nappali;magyar nyelv és irodalom;közép;rendes;Nem;magyar;5;83;83;megjelent;32;8;22;13;6;2;83;-;-;-;-
2020;1;Somogy;12;gimnázium;férfi;nappali;magyar nyelv és irodalom;közép;rendes;Nem;magyar;4;78;78;megjelent;31;9;24;13;0;1;78;-;-;-;-
2020;1;Somogy;12;szakgimnázium/szakközépiskola (2016.09.01-től kifutó rendszerben);férfi;nappali;magyar nyelv és irodalom;közép;rendes;Nem;magyar;2;35;35;megjelent;16;6;6;5;0;2;35;-;-;-;-
2020;1;Somogy;12;szakgimnázium/szakközépiskola (2016.09.01-től kifutó rendszerben);férfi;nappali;magyar nyelv és irodalom;közép;rendes;Nem;magyar;5;81;81;megjelent;32;8;25;14;0;2;81;-;-;-;-
2020;1;Somogy;12;szakgimnázium/szakközépiskola (2016.09.01-től kifutó rendszerben);nő;nappali;magyar nyelv és irodalom;közép;rendes;Nem;magyar;4;61;61;megjelent;18;10;20;11;0;2;61;-;-;-;-
2020;1;Somogy;12;szakgimnázium/szakközépiskola (2016.09.01-től kifutó rendszerben);nő;nappali;magyar nyelv és irodalom;közép;rendes;Nem;magyar;3;55;55;megjelent;30;10;6;5;2;2;55;-;-;-;-
2020;1;Somogy;12;szakgimnázium/szakközépiskola (2016.09.01-től kifutó rendszerben);férfi;nappali;magyar nyelv és irodalom;közép;rendes;Nem;magyar;4;61;61;megjelent;21;9;11;11;7;2;61;-;-;-;-
2020;1;Somogy;12;szakgimnázium/szakközépiskola (2016.09.01-től kifutó rendszerben);férfi;nappali;magyar nyelv és irodalom;közép;rendes;Nem;magyar;4;62;62;megjelent;34;0;13;8;5;2;62;-;-;-;-
2020;1;Somogy;12;szakgimnázium/szakközépiskola (2016.09.01-től kifutó rendszerben);férfi;nappali;magyar nyelv és irodalom;közép;rendes;Nem;magyar;4;62;62;megjelent;32;4;15;9;0;2;62;-;-;-;-
2020;1;Somogy;12;szakgimnázium/szakközépiskola (2016.09.01-től kifutó rendszerben);férfi;nappali;magyar nyelv és irodalom;közép;rendes;Nem;magyar;4;67;67;megjelent;32;5;19;10;0;1;67;-;-;-;-
2020;1;Somogy;12;szakgimnázium/szakközépiskola (2016.09.01-től kifutó rendszerben);férfi;nappali;magyar nyelv és irodalom;közép;rendes;Nem;magyar;4;70;70;megjelent;33;5;16;11;3;2;70;-;-;-;-
2020;1;Somogy;12;szakgimnázium/szakközépiskola (2016.09.01-től kifutó rendszerben);férfi;nappali;magyar nyelv és irodalom;közép;rendes;Nem;magyar;3;43;43;megjelent;22;7;6;6;0;2;43;-;-;-;-
2020;1;Somogy;12;szakgimnázium/szakközépiskola (2016.09.01-től kifutó rendszerben);férfi;nappali;magyar nyelv és irodalom;közép;rendes;Nem;magyar;2;34;34;megjelent;25;4;2;3;0;0;34;-;-;-;-
2020;1;Somogy;12;gimnázium;nő;nappali;magyar nyelv és irodalom;közép;rendes;Nem;magyar;4;67;67;megjelent;29;9;15;12;0;2;67;-;-;-;-
2020;1;Somogy;12;szakgimnázium/szakközépiskola (2016.09.01-től kifutó rendszerben);férfi;nappali;magyar nyelv és irodalom;közép;rendes;Nem;magyar;3;55;55;megjelent;30;4;12;8;0;1;55;-;-;-;-
2020;1;Somogy;12;szakgimnázium/szakközépiskola (2016.09.01-től kifutó rendszerben);férfi;nappali;magyar nyelv és irodalom;közép;rendes;Nem;magyar;5;82;82;megjelent;33;8;25;14;0;2;82;-;-;-;-
2020;1;Somogy;12;szakgimnázium/szakközépiskola (2016.09.01-től kifutó rendszerben);férfi;nappali;magyar nyelv és irodalom;közép;rendes;Igen;magyar;2;26;13;megjelent;-;-;-;-;-;-;-;2;6;5;13
2020;1;Somogy;12;gimnázium;nő;nappali;magyar nyelv és irodalom;közép;rendes;Nem;magyar;5;82;82;megjelent;32;8;19;14;8;1;82;-;-;-;-
2020;1;Somogy;12;gimnázium;férfi;nappali;magyar nyelv és irodalom;közép;rendes;Nem;magyar;4;76;76;megjelent;34;10;17;11;4;0;76;-;-;-;-
2020;1;Somogy;12;gimnázium;nő;nappali;magyar nyelv és irodalom;közép;rendes;Nem;magyar;3;50;50;megjelent;25;5;13;6;0;1;50;-;-;-;-
2020;1;Somogy;12;szakgimnázium/szakközépiskola (2016.09.01-től kifutó rendszerben);férfi;nappali;magyar nyelv és irodalom;közép;rendes;Nem;magyar;3;41;41;megjelent;17;4;10;8;0;2;41;-;-;-;-
2020;1;Somogy;12;gimnázium;nő;nappali;magyar nyelv és irodalom;közép;rendes;Nem;magyar;3;52;52;megjelent;21;6;16;7;2;0;52;-;-;-;-
2020;1;Somogy;12;szakgimnázium/szakközépiskola (2016.09.01-től kifutó rendszerben);férfi;nappali;magyar nyelv és irodalom;közép;rendes;Nem;magyar;4;64;64;megjelent;25;9;16;11;1;2;64;-;-;-;-
2020;1;Somogy;12;szakgimnázium/szakközépiskola (2016.09.01-től kifutó rendszerben);férfi;nappali;magyar nyelv és irodalom;közép;rendes;Nem;magyar;3;40;40;megjelent;21;6;6;6;0;1;40;-;-;-;-
2020;1;Somogy;12;szakgimnázium/szakközépiskola (2016.09.01-től kifutó rendszerben);férfi;nappali;magyar nyelv és irodalom;közép;rendes;Nem;magyar;3;53;53;megjelent;27;5;10;10;0;1;53;-;-;-;-
2020;1;Somogy;12;szakgimnázium/szakközépiskola (2016.09.01-től kifutó rendszerben);férfi;nappali;magyar nyelv és irodalom;közép;rendes;Nem;magyar;4;66;66;megjelent;31;7;15;11;0;2;66;-;-;-;-
2020;1;Somogy;12;szakgimnázium/szakközépiskola (2016.09.01-től kifutó rendszerben);férfi;nappali;magyar nyelv és irodalom;közép;rendes;Nem;magyar;3;44;44;megjelent;24;3;8;7;0;2;44;-;-;-;-
2020;1;Somogy;12;gimnázium;férfi;nappali;magyar nyelv és irodalom;közép;rendes;Nem;magyar;4;76;76;megjelent;31;9;20;12;2;2;76;-;-;-;-
2020;1;Somogy;12;gimnázium;férfi;nappali;magyar nyelv és irodalom;közép;rendes;Nem;magyar;4;66;66;megjelent;32;7;10;8;7;2;66;-;-;-;-
2020;1;Somogy;12;gimnázium;nő;nappali;magyar nyelv és irodalom;közép;rendes;Nem;magyar;4;61;61;megjelent;30;6;15;8;0;2;61;-;-;-;-
2020;1;Somogy;12;gimnázium;nő;nappali;magyar nyelv és irodalom;közép;rendes;Nem;magyar;3;56;56;megjelent;31;5;10;8;0;2;56;-;-;-;-
2020;1;Somogy;12;gimnázium;nő;nappali;magyar nyelv és irodalom;közép;rendes;Nem;magyar;4;71;71;megjelent;33;6;18;12;0;2;71;-;-;-;-
2020;1;Somogy;12;gimnázium;férfi;nappali;magyar nyelv és irodalom;közép;rendes;Nem;magyar;3;40;40;megjelent;28;7;3;2;0;0;40;-;-;-;-
2020;1;Somogy;12;gimnázium;nő;nappali;magyar nyelv és irodalom;közép;rendes;Nem;magyar;3;51;51;megjelent;20;8;13;8;0;2;51;-;-;-;-
2020;1;Somogy;12;gimnázium;férfi;nappali;magyar nyelv és irodalom;közép;rendes;Nem;magyar;3;42;42;megjelent;26;5;5;4;0;2;42;-;-;-;-
2020;1;Somogy;12;szakgimnázium/szakközépiskola (2016.09.01-től kifutó rendszerben);férfi;nappali;magyar nyelv és irodalom;közép;rendes;Nem;magyar;2;31;31;megjelent;19;3;4;3;0;2;31;-;-;-;-
2020;1;Somogy;12;szakgimnázium/szakközépiskola (2016.09.01-től kifutó rendszerben);férfi;nappali;magyar nyelv és irodalom;közép;rendes;Nem;magyar;3;57;57;megjelent;32;5;12;6;0;2;57;-;-;-;-
2020;1;Somogy;12;szakgimnázium/szakközépiskola (2016.09.01-től kifutó rendszerben);nő;nappali;magyar nyelv és irodalom;közép;rendes;Nem;magyar;4;75;75;megjelent;35;7;19;12;0;2;75;-;-;-;-
2020;1;Somogy;12;szakgimnázium/szakközépiskola (2016.09.01-től kifutó rendszerben);nő;nappali;magyar nyelv és irodalom;közép;rendes;Nem;magyar;3;56;56;megjelent;26;0;15;9;4;2;56;-;-;-;-
2020;1;Somogy;12;szakgimnázium/szakközépiskola (2016.09.01-től kifutó rendszerben);férfi;nappali;magyar nyelv és irodalom;közép;rendes;Nem;magyar;4;63;63;megjelent;27;8;16;8;3;1;63;-;-;-;-
2020;1;Somogy;12;szakgimnázium/szakközépiskola (2016.09.01-től kifutó rendszerben);férfi;nappali;magyar nyelv és irodalom;közép;rendes;Igen;magyar;4;75;68;megjelent;31;8;20;9;0;0;68;-;-;-;-
2020;1;Somogy;12;szakgimnázium/szakközépiskola (2016.09.01-től kifutó rendszerben);nő;nappali;magyar nyelv és irodalom;közép;rendes;Nem;magyar;4;60;60;megjelent;21;8;15;8;6;2;60;-;-;-;-
2020;1;Somogy;12;szakgimnázium/szakközépiskola (2016.09.01-től kifutó rendszerben);nő;nappali;magyar nyelv és irodalom;közép;előrehozott;Nem;magyar;2;36;36;megjelent;17;8;1;4;5;1;36;-;-;-;-
2020;1;Somogy;12;szakgimnázium/szakközépiskola (2016.09.01-től kifutó rendszerben);férfi;nappali;magyar nyelv és irodalom;közép;rendes;Igen;magyar;3;48;45;megjelent;25;6;6;6;0;2;45;-;-;-;-
2020;1;Somogy;12;szakgimnázium/szakközépiskola (2016.09.01-től kifutó rendszerben);nő;nappali;magyar nyelv és irodalom;közép;rendes;Nem;magyar;4;60;60;megjelent;28;7;14;9;0;2;60;-;-;-;-
2020;1;Somogy;12;szakgimnázium/szakközépiskola (2016.09.01-től kifutó rendszerben);férfi;nappali;magyar nyelv és irodalom;közép;rendes;Nem;magyar;2;32;32;megjelent;18;3;5;5;0;1;32;-;-;-;-
2020;1;Somogy;12;gimnázium;nő;nappali;magyar nyelv és irodalom;közép;rendes;Nem;magyar;4;71;71;megjelent;31;0;20;11;8;1;71;-;-;-;-
2020;1;Somogy;12;gimnázium;nő;nappali;magyar nyelv és irodalom;közép;rendes;Nem;magyar;5;88;88;megjelent;35;10;22;14;6;1;88;-;-;-;-
2020;1;Somogy;12;gimnázium;nő;nappali;magyar nyelv és irodalom;közép;rendes;Nem;magyar;4;69;69;megjelent;31;8;18;10;0;2;69;-;-;-;-
2020;1;Somogy;12;gimnázium;férfi;nappali;magyar nyelv és irodalom;közép;rendes;Nem;magyar;3;42;42;megjelent;25;5;7;5;0;0;42;-;-;-;-
2020;1;Somogy;12;gimnázium;nő;nappali;magyar nyelv és irodalom;közép;rendes;Nem;magyar;4;73;73;megjelent;28;8;17;14;4;2;73;-;-;-;-
2020;1;Somogy;12;gimnázium;nő;nappali;magyar nyelv és irodalom;közép;rendes;Nem;magyar;3;58;58;megjelent;26;6;18;8;0;0;58;-;-;-;-
2020;1;Somogy;12;gimnázium;férfi;nappali;magyar nyelv és irodalom;közép;rendes;Nem;magyar;3;53;53;megjelent;29;5;9;8;1;1;53;-;-;-;-
2020;1;Somogy;12;gimnázium;nő;nappali;magyar nyelv és irodalom;közép;rendes;Nem;magyar;3;57;57;megjelent;28;8;11;7;2;1;57;-;-;-;-
2020;1;Somogy;12;gimnázium;nő;nappali;magyar nyelv és irodalom;közép;rendes;Nem;magyar;3;46;46;megjelent;20;5;14;7;0;0;46;-;-;-;-
2020;1;Somogy;12;gimnázium;nő;nappali;magyar nyelv és irodalom;közép;rendes;Nem;magyar;3;56;56;megjelent;26;4;14;8;3;1;56;-;-;-;-
2020;1;Somogy;12;gimnázium;férfi;nappali;magyar nyelv és irodalom;közép;rendes;Nem;magyar;4;64;64;megjelent;29;9;16;9;0;1;64;-;-;-;-
2020;1;Somogy;12;gimnázium;nő;nappali;magyar nyelv és irodalom;közép;rendes;Nem;magyar;3;45;45;megjelent;19;6;11;8;0;1;45;-;-;-;-
2020;1;Somogy;12;gimnázium;férfi;nappali;magyar nyelv és irodalom;közép;rendes;Igen;magyar;3;55;51;megjelent;19;6;17;7;0;2;51;-;-;-;-
2020;1;Somogy;12;gimnázium;férfi;nappali;magyar nyelv és irodalom;közép;rendes;Nem;magyar;4;65;65;megjelent;28;8;13;10;4;2;65;-;-;-;-
2020;1;Somogy;12;gimnázium;nő;nappali;magyar nyelv és irodalom;közép;rendes;Nem;magyar;5;84;84;megjelent;36;8;18;13;7;2;84;-;-;-;-
2020;1;Somogy;12;gimnázium;férfi;nappali;magyar nyelv és irodalom;közép;rendes;Nem;magyar;5;82;82;megjelent;36;9;18;12;5;2;82;-;-;-;-
2020;1;Somogy;12;gimnázium;férfi;nappali;magyar nyelv és irodalom;közép;rendes;Nem;magyar;4;75;75;megjelent;31;6;20;12;4;2;75;-;-;-;-
2020;1;Somogy;12;gimnázium;nő;nappali;magyar nyelv és irodalom;közép;rendes;Nem;magyar;5;84;84;megjelent;34;9;19;12;8;2;84;-;-;-;-
2020;1;Somogy;12;gimnázium;nő;nappali;magyar nyelv és irodalom;közép;rendes;Nem;magyar;5;92;92;megjelent;34;10;23;15;8;2;92;-;-;-;-
2020;1;Somogy;12;gimnázium;férfi;nappali;magyar nyelv és irodalom;közép;rendes;Nem;magyar;4;77;77;megjelent;35;8;18;12;2;2;77;-;-;-;-
2020;1;Somogy;12;gimnázium;nő;nappali;magyar nyelv és irodalom;közép;rendes;Nem;magyar;5;89;89;megjelent;36;9;21;14;7;2;89;-;-;-;-
2020;1;Somogy;12;gimnázium;nő;nappali;magyar nyelv és irodalom;közép;rendes;Nem;magyar;5;93;93;megjelent;37;10;22;14;8;2;93;-;-;-;-
2020;1;Somogy;12;gimnázium;férfi;nappali;magyar nyelv és irodalom;közép;rendes;Nem;magyar;4;66;66;megjelent;35;7;13;9;0;2;66;-;-;-;-
2020;1;Somogy;12;gimnázium;férfi;nappali;magyar nyelv és irodalom;közép;rendes;Nem;magyar;4;75;75;megjelent;36;8;13;11;5;2;75;-;-;-;-
2020;1;Somogy;12;gimnázium;nő;nappali;magyar nyelv és irodalom;közép;rendes;Nem;magyar;5;92;92;megjelent;36;10;21;15;8;2;92;-;-;-;-
2020;1;Somogy;12;gimnázium;férfi;nappali;magyar nyelv és irodalom;közép;rendes;Nem;magyar;5;81;81;megjelent;36;10;14;12;8;1;81;-;-;-;-
2020;1;Somogy;12;gimnázium;férfi;nappali;magyar nyelv és irodalom;közép;rendes;Nem;magyar;4;72;72;megjelent;34;8;14;10;5;1;72;-;-;-;-
2020;1;Somogy;12;gimnázium;nő;nappali;magyar nyelv és irodalom;közép;rendes;Nem;magyar;5;84;84;megjelent;35;10;19;13;6;1;84;-;-;-;-
2020;1;Somogy;12;gimnázium;nő;nappali;magyar nyelv és irodalom;közép;rendes;Nem;magyar;5;94;94;megjelent;36;10;23;15;8;2;94;-;-;-;-
2020;1;Somogy;12;gimnázium;férfi;nappali;magyar nyelv és irodalom;közép;rendes;Nem;magyar;5;96;96;megjelent;38;10;23;15;8;2;96;-;-;-;-
2020;1;Somogy;12;gimnázium;férfi;nappali;magyar nyelv és irodalom;közép;rendes;Nem;magyar;5;84;84;megjelent;34;8;21;14;5;2;84;-;-;-;-
2020;1;Somogy;12;gimnázium;férfi;nappali;magyar nyelv és irodalom;közép;rendes;Nem;magyar;5;83;83;megjelent;36;8;18;14;5;2;83;-;-;-;-
2020;1;Somogy;12;gimnázium;férfi;nappali;magyar nyelv és irodalom;közép;rendes;Nem;magyar;5;82;82;megjelent;35;7;22;15;1;2;82;-;-;-;-
2020;1;Somogy;12;gimnázium;nő;nappali;magyar nyelv és irodalom;közép;rendes;Nem;magyar;5;90;90;megjelent;35;10;22;15;6;2;90;-;-;-;-
2020;1;Somogy;12;gimnázium;férfi;nappali;magyar nyelv és irodalom;közép;rendes;Nem;magyar;4;71;71;megjelent;31;8;18;12;1;1;71;-;-;-;-
2020;1;Somogy;12;gimnázium;nő;nappali;magyar nyelv és irodalom;közép;rendes;Nem;magyar;5;82;82;megjelent;35;9;16;12;8;2;82;-;-;-;-
2020;1;Somogy;12;gimnázium;nő;nappali;magyar nyelv és irodalom;közép;rendes;Nem;magyar;5;90;90;megjelent;34;9;22;15;8;2;90;-;-;-;-
2020;1;Somogy;12;gimnázium;férfi;nappali;magyar nyelv és irodalom;közép;rendes;Nem;magyar;4;77;77;megjelent;34;8;13;12;8;2;77;-;-;-;-
2020;1;Somogy;12;gimnázium;nő;nappali;magyar nyelv és irodalom;közép;rendes;Nem;magyar;4;78;78;megjelent;30;9;17;13;7;2;78;-;-;-;-
2020;1;Somogy;12;gimnázium;nő;nappali;magyar nyelv és irodalom;közép;rendes;Nem;magyar;5;93;93;megjelent;36;9;23;15;8;2;93;-;-;-;-
2020;1;Somogy;12;gimnázium;férfi;nappali;magyar nyelv és irodalom;közép;rendes;Nem;magyar;5;87;87;megjelent;33;8;23;15;6;2;87;-;-;-;-
2020;1;Somogy;12;szakgimnázium/szakközépiskola (2016.09.01-től kifutó rendszerben);férfi;nappali;magyar nyelv és irodalom;közép;rendes;Nem;magyar;2;39;39;megjelent;31;3;2;2;0;1;39;-;-;-;-
2020;1;Somogy;12;szakgimnázium/szakközépiskola (2016.09.01-től kifutó rendszerben);férfi;nappali;magyar nyelv és irodalom;közép;rendes;Nem;magyar;3;55;55;megjelent;30;5;10;8;0;2;55;-;-;-;-
2020;1;Somogy;12;szakgimnázium/szakközépiskola (2016.09.01-től kifutó rendszerben);férfi;nappali;magyar nyelv és irodalom;közép;rendes;Nem;magyar;2;39;39;megjelent;23;8;4;4;0;0;39;-;-;-;-
2020;1;Somogy;12;szakgimnázium/szakközépiskola (2016.09.01-től kifutó rendszerben);férfi;nappali;magyar nyelv és irodalom;közép;rendes;Nem;magyar;2;39;39;megjelent;29;3;2;2;1;2;39;-;-;-;-
2020;1;Somogy;12;szakgimnázium/szakközépiskola (2016.09.01-től kifutó rendszerben);férfi;nappali;magyar nyelv és irodalom;közép;rendes;Nem;magyar;5;86;86;megjelent;36;10;25;13;0;2;86;-;-;-;-
2020;1;Somogy;12;szakgimnázium/szakközépiskola (2016.09.01-től kifutó rendszerben);férfi;nappali;magyar nyelv és irodalom;közép;rendes;Nem;magyar;2;38;38;megjelent;28;6;2;2;0;0;38;-;-;-;-
2020;1;Somogy;12;szakgimnázium/szakközépiskola (2016.09.01-től kifutó rendszerben);férfi;nappali;magyar nyelv és irodalom;közép;rendes;Nem;magyar;3;40;40;megjelent;24;3;7;4;0;2;40;-;-;-;-
2020;1;Somogy;12;szakgimnázium/szakközépiskola (2016.09.01-től kifutó rendszerben);férfi;nappali;magyar nyelv és irodalom;közép;rendes;Nem;magyar;4;78;78;megjelent;33;9;21;13;0;2;78;-;-;-;-
2020;1;Somogy;12;szakgimnázium/szakközépiskola (2016.09.01-től kifutó rendszerben);férfi;nappali;magyar nyelv és irodalom;közép;rendes;Nem;magyar;3;42;42;megjelent;27;5;4;4;0;2;42;-;-;-;-
2020;1;Somogy;12;szakgimnázium/szakközépiskola (2016.09.01-től kifutó rendszerben);férfi;nappali;magyar nyelv és irodalom;közép;rendes;Nem;magyar;3;48;48;megjelent;28;9;2;2;5;2;48;-;-;-;-
2020;1;Somogy;12;szakgimnázium/szakközépiskola (2016.09.01-től kifutó rendszerben);férfi;nappali;magyar nyelv és irodalom;közép;rendes;Nem;magyar;4;66;66;megjelent;24;6;20;14;0;2;66;-;-;-;-
2020;1;Somogy;12;szakgimnázium/szakközépiskola (2016.09.01-től kifutó rendszerben);férfi;nappali;magyar nyelv és irodalom;közép;rendes;Nem;magyar;4;65;65;megjelent;31;10;13;6;3;2;65;-;-;-;-
2020;1;Somogy;12;szakgimnázium/szakközépiskola (2016.09.01-től kifutó rendszerben);férfi;nappali;magyar nyelv és irodalom;közép;rendes;Nem;magyar;3;53;53;megjelent;32;3;11;7;0;0;53;-;-;-;-
2020;1;Somogy;12;szakgimnázium/szakközépiskola (2016.09.01-től kifutó rendszerben);férfi;nappali;magyar nyelv és irodalom;közép;rendes;Nem;magyar;4;73;73;megjelent;35;8;17;12;0;1;73;-;-;-;-
2020;1;Somogy;12;szakgimnázium/szakközépiskola (2016.09.01-től kifutó rendszerben);férfi;nappali;magyar nyelv és irodalom;közép;rendes;Nem;magyar;3;53;53;megjelent;28;8;7;7;2;1;53;-;-;-;-
2020;1;Somogy;12;szakgimnázium/szakközépiskola (2016.09.01-től kifutó rendszerben);férfi;nappali;magyar nyelv és irodalom;közép;rendes;Nem;magyar;3;45;45;megjelent;29;3;5;7;0;1;45;-;-;-;-
2020;1;Somogy;12;szakgimnázium/szakközépiskola (2016.09.01-től kifutó rendszerben);férfi;nappali;magyar nyelv és irodalom;közép;rendes;Nem;magyar;5;83;83;megjelent;35;9;16;14;7;2;83;-;-;-;-
2020;1;Somogy;12;szakgimnázium/szakközépiskola (2016.09.01-től kifutó rendszerben);férfi;nappali;magyar nyelv és irodalom;közép;rendes;Nem;magyar;4;63;63;megjelent;33;8;10;10;0;2;63;-;-;-;-
2020;1;Somogy;12;szakgimnázium/szakközépiskola (2016.09.01-től kifutó rendszerben);férfi;nappali;magyar nyelv és irodalom;közép;rendes;Nem;magyar;3;54;54;megjelent;31;7;8;8;0;0;54;-;-;-;-
2020;1;Somogy;12;szakgimnázium/szakközépiskola (2016.09.01-től kifutó rendszerben);férfi;nappali;magyar nyelv és irodalom;közép;rendes;Nem;magyar;3;57;57;megjelent;35;5;8;9;0;0;57;-;-;-;-
2020;1;Somogy;12;szakgimnázium/szakközépiskola (2016.09.01-től kifutó rendszerben);férfi;nappali;magyar nyelv és irodalom;közép;rendes;Nem;magyar;3;55;55;megjelent;31;7;7;8;0;2;55;-;-;-;-
2020;1;Somogy;12;szakgimnázium/szakközépiskola (2016.09.01-től kifutó rendszerben);férfi;nappali;magyar nyelv és irodalom;közép;rendes;Nem;magyar;4;73;73;megjelent;33;10;16;12;0;2;73;-;-;-;-
2020;1;Somogy;12;szakgimnázium/szakközépiskola (2016.09.01-től kifutó rendszerben);férfi;nappali;magyar nyelv és irodalom;közép;rendes;Nem;magyar;4;74;74;megjelent;31;10;16;11;5;1;74;-;-;-;-
2020;1;Somogy;12;szakgimnázium/szakközépiskola (2016.09.01-től kifutó rendszerben);férfi;nappali;magyar nyelv és irodalom;közép;rendes;Nem;magyar;5;87;87;megjelent;34;10;20;15;6;2;87;-;-;-;-
2020;1;Somogy;12;szakgimnázium/szakközépiskola (2016.09.01-től kifutó rendszerben);férfi;nappali;magyar nyelv és irodalom;közép;rendes;Nem;magyar;4;60;60;megjelent;28;9;11;10;0;2;60;-;-;-;-
2020;1;Somogy;12;szakgimnázium/szakközépiskola (2016.09.01-től kifutó rendszerben);férfi;nappali;magyar nyelv és irodalom;közép;rendes;Nem;magyar;3;58;58;megjelent;33;10;5;8;0;2;58;-;-;-;-
2020;1;Somogy;12;szakgimnázium/szakközépiskola (2016.09.01-től kifutó rendszerben);férfi;nappali;magyar nyelv és irodalom;közép;rendes;Nem;magyar;2;33;33;megjelent;20;5;3;3;0;2;33;-;-;-;-
2020;1;Somogy;12;szakgimnázium/szakközépiskola (2016.09.01-től kifutó rendszerben);férfi;nappali;magyar nyelv és irodalom;közép;rendes;Nem;magyar;3;49;49;megjelent;33;4;5;5;0;2;49;-;-;-;-
2020;1;Somogy;12;szakgimnázium/szakközépiskola (2016.09.01-től kifutó rendszerben);férfi;nappali;magyar nyelv és irodalom;közép;rendes;Nem;magyar;5;80;80;megjelent;29;9;20;15;5;2;80;-;-;-;-
2020;1;Somogy;12;szakgimnázium/szakközépiskola (2016.09.01-től kifutó rendszerben);férfi;nappali;magyar nyelv és irodalom;közép;rendes;Nem;magyar;3;48;48;megjelent;30;4;5;7;0;2;48;-;-;-;-
2020;1;Somogy;12;szakgimnázium/szakközépiskola (2016.09.01-től kifutó rendszerben);férfi;nappali;magyar nyelv és irodalom;közép;rendes;Nem;magyar;4;65;65;megjelent;34;7;10;12;0;2;65;-;-;-;-
2020;1;Somogy;12;szakgimnázium/szakközépiskola (2016.09.01-től kifutó rendszerben);férfi;nappali;magyar nyelv és irodalom;közép;rendes;Nem;magyar;3;47;47;megjelent;23;7;9;6;0;2;47;-;-;-;-
2020;1;Somogy;12;szakgimnázium/szakközépiskola (2016.09.01-től kifutó rendszerben);férfi;nappali;magyar nyelv és irodalom;közép;rendes;Nem;magyar;4;71;71;megjelent;33;7;15;13;1;2;71;-;-;-;-
2020;1;Somogy;12;szakgimnázium/szakközépiskola (2016.09.01-től kifutó rendszerben);férfi;nappali;magyar nyelv és irodalom;közép;rendes;Nem;magyar;3;49;49;megjelent;32;6;4;5;0;2;49;-;-;-;-
2020;1;Somogy;12;szakgimnázium/szakközépiskola (2016.09.01-től kifutó rendszerben);férfi;nappali;magyar nyelv és irodalom;közép;rendes;Nem;magyar;2;37;37;megjelent;30;6;0;0;0;1;37;-;-;-;-
2020;1;Somogy;12;szakgimnázium/szakközépiskola (2016.09.01-től kifutó rendszerben);férfi;nappali;magyar nyelv és irodalom;közép;rendes;Nem;magyar;4;69;69;megjelent;32;8;15;11;1;2;69;-;-;-;-
2020;1;Somogy;12;szakgimnázium/szakközépiskola (2016.09.01-től kifutó rendszerben);férfi;nappali;magyar nyelv és irodalom;közép;rendes;Igen;magyar;3;43;40;megjelent;24;2;9;5;0;0;40;-;-;-;-
2020;1;Somogy;12;szakgimnázium/szakközépiskola (2016.09.01-től kifutó rendszerben);nő;nappali;magyar nyelv és irodalom;közép;rendes;Nem;magyar;4;77;77;megjelent;32;10;20;13;0;2;77;-;-;-;-
2020;1;Somogy;12;szakgimnázium/szakközépiskola (2016.09.01-től kifutó rendszerben);férfi;nappali;magyar nyelv és irodalom;közép;rendes;Nem;magyar;4;70;70;megjelent;31;7;19;11;0;2;70;-;-;-;-
2020;1;Somogy;12;szakgimnázium/szakközépiskola (2016.09.01-től kifutó rendszerben);férfi;nappali;magyar nyelv és irodalom;közép;rendes;Nem;magyar;3;48;48;megjelent;33;3;6;4;1;1;48;-;-;-;-
2020;1;Somogy;12;szakgimnázium/szakközépiskola (2016.09.01-től kifutó rendszerben);nő;nappali;magyar nyelv és irodalom;közép;rendes;Nem;magyar;3;46;46;megjelent;20;8;12;6;0;0;46;-;-;-;-
2020;1;Somogy;12;szakgimnázium/szakközépiskola (2016.09.01-től kifutó rendszerben);férfi;nappali;magyar nyelv és irodalom;közép;rendes;Igen;magyar;2;36;34;megjelent;19;7;5;3;0;0;34;-;-;-;-
2020;1;Somogy;12;szakgimnázium/szakközépiskola (2016.09.01-től kifutó rendszerben);férfi;nappali;magyar nyelv és irodalom;közép;rendes;Igen;magyar;2;30;28;megjelent;17;6;3;2;0;0;28;-;-;-;-
2020;1;Somogy;12;szakgimnázium/szakközépiskola (2016.09.01-től kifutó rendszerben);férfi;nappali;magyar nyelv és irodalom;közép;rendes;Nem;magyar;3;48;48;megjelent;24;5;11;8;0;0;48;-;-;-;-
2020;1;Somogy;12;szakgimnázium/szakközépiskola (2016.09.01-től kifutó rendszerben);nő;nappali;magyar nyelv és irodalom;közép;rendes;Nem;magyar;3;40;40;megjelent;17;5;10;6;0;2;40;-;-;-;-
2020;1;Somogy;12;szakgimnázium/szakközépiskola (2016.09.01-től kifutó rendszerben);férfi;nappali;magyar nyelv és irodalom;közép;rendes;Nem;magyar;2;38;38;megjelent;18;7;7;6;0;0;38;-;-;-;-
2020;1;Somogy;12;szakgimnázium/szakközépiskola (2016.09.01-től kifutó rendszerben);férfi;nappali;magyar nyelv és irodalom;közép;rendes;Nem;magyar;2;37;37;megjelent;21;7;5;4;0;0;37;-;-;-;-
2020;1;Somogy;12;szakgimnázium/szakközépiskola (2016.09.01-től kifutó rendszerben);nő;nappali;magyar nyelv és irodalom;közép;rendes;Nem;magyar;3;58;58;megjelent;26;6;16;9;0;1;58;-;-;-;-
2020;1;Somogy;12;szakgimnázium/szakközépiskola (2016.09.01-től kifutó rendszerben);férfi;nappali;magyar nyelv és irodalom;közép;rendes;Nem;magyar;2;36;36;megjelent;21;3;7;4;0;1;36;-;-;-;-
2020;1;Somogy;12;szakgimnázium/szakközépiskola (2016.09.01-től kifutó rendszerben);nő;nappali;magyar nyelv és irodalom;közép;rendes;Nem;magyar;4;60;60;megjelent;23;6;19;11;0;1;60;-;-;-;-
2020;1;Somogy;12;szakgimnázium/szakközépiskola (2016.09.01-től kifutó rendszerben);nő;nappali;magyar nyelv és irodalom;közép;rendes;Nem;magyar;3;53;53;megjelent;29;1;14;7;1;1;53;-;-;-;-
2020;1;Somogy;12;szakgimnázium/szakközépiskola (2016.09.01-től kifutó rendszerben);nő;nappali;magyar nyelv és irodalom;közép;rendes;Nem;magyar;2;30;30;megjelent;11;8;4;6;0;1;30;-;-;-;-
2020;1;Somogy;12;szakgimnázium/szakközépiskola (2016.09.01-től kifutó rendszerben);férfi;nappali;magyar nyelv és irodalom;közép;rendes;Nem;magyar;3;42;42;megjelent;25;5;6;5;0;1;42;-;-;-;-
2020;1;Somogy;12;szakgimnázium/szakközépiskola (2016.09.01-től kifutó rendszerben);nő;nappali;magyar nyelv és irodalom;közép;rendes;Nem;magyar;2;28;28;megjelent;12;4;7;4;0;1;28;-;-;-;-
2020;1;Somogy;12;szakgimnázium/szakközépiskola (2016.09.01-től kifutó rendszerben);nő;nappali;magyar nyelv és irodalom;közép;rendes;Nem;magyar;3;43;43;megjelent;19;4;11;8;0;1;43;-;-;-;-
2020;1;Somogy;12;szakgimnázium/szakközépiskola (2016.09.01-től kifutó rendszerben);nő;nappali;magyar nyelv és irodalom;közép;rendes;Nem;magyar;2;34;34;megjelent;18;5;5;5;0;1;34;-;-;-;-
2020;1;Somogy;12;szakgimnázium/szakközépiskola (2016.09.01-től kifutó rendszerben);nő;nappali;magyar nyelv és irodalom;közép;rendes;Nem;magyar;4;61;61;megjelent;28;8;12;10;2;1;61;-;-;-;-
2020;1;Somogy;12;szakgimnázium/szakközépiskola (2016.09.01-től kifutó rendszerben);férfi;nappali;magyar nyelv és irodalom;közép;rendes;Nem;magyar;4;71;71;megjelent;30;7;20;12;1;1;71;-;-;-;-
2020;1;Somogy;12;szakgimnázium/szakközépiskola (2016.09.01-től kifutó rendszerben);férfi;nappali;magyar nyelv és irodalom;közép;rendes;Nem;magyar;3;56;56;megjelent;28;7;10;10;0;1;56;-;-;-;-
2020;1;Somogy;12;szakgimnázium/szakközépiskola (2016.09.01-től kifutó rendszerben);férfi;nappali;magyar nyelv és irodalom;közép;rendes;Nem;magyar;4;65;65;megjelent;27;6;14;11;5;2;65;-;-;-;-
2020;1;Somogy;12;szakgimnázium/szakközépiskola (2016.09.01-től kifutó rendszerben);nő;nappali;magyar nyelv és irodalom;közép;rendes;Nem;magyar;4;63;63;megjelent;32;5;15;10;0;1;63;-;-;-;-
2020;1;Somogy;12;szakgimnázium/szakközépiskola (2016.09.01-től kifutó rendszerben);férfi;nappali;magyar nyelv és irodalom;közép;rendes;Nem;magyar;3;44;44;megjelent;29;5;5;5;0;0;44;-;-;-;-
2020;1;Somogy;12;szakgimnázium/szakközépiskola (2016.09.01-től kifutó rendszerben);nő;nappali;magyar nyelv és irodalom;közép;rendes;Nem;magyar;4;60;60;megjelent;28;5;15;11;0;1;60;-;-;-;-
2020;1;Somogy;12;szakgimnázium/szakközépiskola (2016.09.01-től kifutó rendszerben);nő;nappali;magyar nyelv és irodalom;közép;rendes;Nem;magyar;4;60;60;megjelent;22;8;17;12;0;1;60;-;-;-;-
2020;1;Somogy;12;szakgimnázium/szakközépiskola (2016.09.01-től kifutó rendszerben);férfi;nappali;magyar nyelv és irodalom;közép;rendes;Nem;magyar;3;54;54;megjelent;26;5;13;10;0;0;54;-;-;-;-
2020;1;Somogy;12;szakgimnázium/szakközépiskola (2016.09.01-től kifutó rendszerben);férfi;nappali;magyar nyelv és irodalom;közép;rendes;Nem;magyar;4;60;60;megjelent;25;8;15;11;0;1;60;-;-;-;-
2020;1;Somogy;12;szakgimnázium/szakközépiskola (2016.09.01-től kifutó rendszerben);nő;nappali;magyar nyelv és irodalom;közép;rendes;Nem;magyar;4;68;68;megjelent;32;7;12;12;3;2;68;-;-;-;-
2020;1;Somogy;12;szakgimnázium/szakközépiskola (2016.09.01-től kifutó rendszerben);férfi;nappali;magyar nyelv és irodalom;közép;rendes;Nem;magyar;4;60;60;megjelent;29;6;13;11;0;1;60;-;-;-;-
2020;1;Somogy;12;szakgimnázium/szakközépiskola (2016.09.01-től kifutó rendszerben);nő;nappali;magyar nyelv és irodalom;közép;rendes;Nem;magyar;4;64;64;megjelent;33;7;15;8;0;1;64;-;-;-;-
2020;1;Somogy;12;szakgimnázium/szakközépiskola (2016.09.01-től kifutó rendszerben);férfi;nappali;magyar nyelv és irodalom;közép;rendes;Nem;magyar;4;68;68;megjelent;26;8;21;12;0;1;68;-;-;-;-
2020;1;Somogy;12;szakgimnázium/szakközépiskola (2016.09.01-től kifutó rendszerben);nő;nappali;magyar nyelv és irodalom;közép;rendes;Nem;magyar;5;85;85;megjelent;34;8;24;14;4;1;85;-;-;-;-
2020;1;Somogy;12;szakgimnázium/szakközépiskola (2016.09.01-től kifutó rendszerben);nő;nappali;magyar nyelv és irodalom;közép;rendes;Nem;magyar;4;75;75;megjelent;31;8;20;13;1;2;75;-;-;-;-
2020;1;Somogy;12;szakgimnázium/szakközépiskola (2016.09.01-től kifutó rendszerben);nő;nappali;magyar nyelv és irodalom;közép;rendes;Nem;magyar;4;65;65;megjelent;27;7;17;9;3;2;65;-;-;-;-
2020;1;Somogy;12;szakgimnázium/szakközépiskola (2016.09.01-től kifutó rendszerben);nő;nappali;magyar nyelv és irodalom;közép;rendes;Nem;magyar;5;82;82;megjelent;37;7;23;14;0;1;82;-;-;-;-
2020;1;Somogy;12;szakgimnázium/szakközépiskola (2016.09.01-től kifutó rendszerben);férfi;nappali;magyar nyelv és irodalom;közép;rendes;Nem;magyar;5;82;82;megjelent;36;9;23;13;0;1;82;-;-;-;-
2020;1;Somogy;12;szakgimnázium/szakközépiskola (2016.09.01-től kifutó rendszerben);férfi;nappali;magyar nyelv és irodalom;közép;rendes;Nem;magyar;4;60;60;megjelent;25;8;16;10;0;1;60;-;-;-;-
2020;1;Somogy;12;szakgimnázium/szakközépiskola (2016.09.01-től kifutó rendszerben);nő;nappali;magyar nyelv és irodalom;közép;rendes;Nem;magyar;4;63;63;megjelent;30;5;16;10;0;2;63;-;-;-;-
2020;1;Somogy;12;szakgimnázium/szakközépiskola (2016.09.01-től kifutó rendszerben);nő;nappali;magyar nyelv és irodalom;közép;rendes;Nem;magyar;3;53;53;megjelent;28;6;10;8;0;1;53;-;-;-;-
2020;1;Somogy;12;szakgimnázium/szakközépiskola (2016.09.01-től kifutó rendszerben);férfi;nappali;magyar nyelv és irodalom;közép;rendes;Nem;magyar;3;49;49;megjelent;29;4;9;7;0;0;49;-;-;-;-
2020;1;Somogy;12;szakgimnázium/szakközépiskola (2016.09.01-től kifutó rendszerben);nő;nappali;magyar nyelv és irodalom;közép;rendes;Nem;magyar;4;60;60;megjelent;26;8;15;10;0;1;60;-;-;-;-
2020;1;Somogy;12;szakgimnázium/szakközépiskola (2016.09.01-től kifutó rendszerben);férfi;nappali;magyar nyelv és irodalom;közép;rendes;Nem;magyar;4;75;75;megjelent;35;7;18;14;0;1;75;-;-;-;-
2020;1;Somogy;12;szakgimnázium/szakközépiskola (2016.09.01-től kifutó rendszerben);nő;nappali;magyar nyelv és irodalom;közép;rendes;Nem;magyar;3;50;50;megjelent;23;6;12;8;0;1;50;-;-;-;-
2020;1;Somogy;12;szakgimnázium/szakközépiskola (2016.09.01-től kifutó rendszerben);nő;nappali;magyar nyelv és irodalom;közép;rendes;Nem;magyar;3;54;54;megjelent;24;8;12;8;0;2;54;-;-;-;-
2020;1;Somogy;12;szakgimnázium/szakközépiskola (2016.09.01-től kifutó rendszerben);nő;nappali;magyar nyelv és irodalom;közép;rendes;Nem;magyar;3;56;56;megjelent;25;10;12;8;0;1;56;-;-;-;-
2020;1;Somogy;12;szakgimnázium/szakközépiskola (2016.09.01-től kifutó rendszerben);nő;nappali;magyar nyelv és irodalom;közép;rendes;Nem;magyar;4;75;75;megjelent;32;8;20;14;0;1;75;-;-;-;-
2020;1;Somogy;12;szakgimnázium/szakközépiskola (2016.09.01-től kifutó rendszerben);nő;nappali;magyar nyelv és irodalom;közép;rendes;Nem;magyar;4;68;68;megjelent;23;7;19;13;4;2;68;-;-;-;-
2020;1;Somogy;12;szakgimnázium/szakközépiskola (2016.09.01-től kifutó rendszerben);nő;nappali;magyar nyelv és irodalom;közép;rendes;Nem;magyar;3;47;47;megjelent;19;6;12;8;0;2;47;-;-;-;-
2020;1;Somogy;12;szakgimnázium/szakközépiskola (2016.09.01-től kifutó rendszerben);nő;nappali;magyar nyelv és irodalom;közép;rendes;Nem;magyar;5;82;82;megjelent;32;8;22;15;3;2;82;-;-;-;-
2020;1;Somogy;12;szakgimnázium/szakközépiskola (2016.09.01-től kifutó rendszerben);férfi;nappali;magyar nyelv és irodalom;közép;rendes;Nem;magyar;2;38;38;megjelent;13;8;8;7;0;2;38;-;-;-;-
2020;1;Somogy;12;szakgimnázium/szakközépiskola (2016.09.01-től kifutó rendszerben);nő;nappali;magyar nyelv és irodalom;közép;rendes;Nem;magyar;4;69;69;megjelent;29;9;15;12;2;2;69;-;-;-;-
2020;1;Somogy;12;szakgimnázium/szakközépiskola (2016.09.01-től kifutó rendszerben);férfi;nappali;magyar nyelv és irodalom;közép;rendes;Nem;magyar;3;46;46;megjelent;21;7;7;10;0;1;46;-;-;-;-
2020;1;Somogy;12;szakgimnázium/szakközépiskola (2016.09.01-től kifutó rendszerben);nő;nappali;magyar nyelv és irodalom;közép;rendes;Nem;magyar;3;47;47;megjelent;22;8;6;9;0;2;47;-;-;-;-
2020;1;Somogy;12;szakgimnázium/szakközépiskola (2016.09.01-től kifutó rendszerben);nő;nappali;magyar nyelv és irodalom;közép;rendes;Nem;magyar;4;68;68;megjelent;31;8;15;12;0;2;68;-;-;-;-
2020;1;Somogy;12;szakgimnázium/szakközépiskola (2016.09.01-től kifutó rendszerben);nő;nappali;magyar nyelv és irodalom;közép;rendes;Nem;magyar;3;58;58;megjelent;27;9;7;9;4;2;58;-;-;-;-
2020;1;Somogy;12;szakgimnázium/szakközépiskola (2016.09.01-től kifutó rendszerben);férfi;nappali;magyar nyelv és irodalom;közép;rendes;Nem;magyar;3;51;51;megjelent;24;7;12;7;0;1;51;-;-;-;-
2020;1;Somogy;12;szakgimnázium/szakközépiskola (2016.09.01-től kifutó rendszerben);nő;nappali;magyar nyelv és irodalom;közép;rendes;Nem;magyar;4;75;75;megjelent;35;8;18;12;0;2;75;-;-;-;-
2020;1;Somogy;12;szakgimnázium/szakközépiskola (2016.09.01-től kifutó rendszerben);nő;nappali;magyar nyelv és irodalom;közép;rendes;Nem;magyar;4;64;64;megjelent;30;8;14;10;0;2;64;-;-;-;-
2020;1;Somogy;12;gimnázium;nő;nappali;magyar nyelv és irodalom;közép;rendes;Nem;magyar;4;74;74;megjelent;30;9;19;12;2;2;74;-;-;-;-
2020;1;Somogy;12;gimnázium;férfi;nappali;magyar nyelv és irodalom;közép;rendes;Nem;magyar;4;76;76;megjelent;30;10;20;14;0;2;76;-;-;-;-
2020;1;Somogy;12;gimnázium;férfi;nappali;magyar nyelv és irodalom;közép;rendes;Nem;magyar;4;63;63;megjelent;25;6;18;8;4;2;63;-;-;-;-
2020;1;Somogy;12;gimnázium;férfi;nappali;magyar nyelv és irodalom;közép;rendes;Nem;magyar;3;51;51;megjelent;25;6;13;6;0;1;51;-;-;-;-
2020;1;Somogy;12;gimnázium;nő;nappali;magyar nyelv és irodalom;közép;rendes;Nem;magyar;3;56;56;megjelent;25;4;12;10;3;2;56;-;-;-;-
2020;1;Somogy;12;gimnázium;nő;nappali;magyar nyelv és irodalom;közép;rendes;Nem;magyar;5;81;81;megjelent;25;10;21;15;8;2;81;-;-;-;-
2020;1;Somogy;12;gimnázium;nő;nappali;magyar nyelv és irodalom;közép;rendes;Nem;magyar;5;80;80;megjelent;29;9;23;15;2;2;80;-;-;-;-
2020;1;Somogy;12;gimnázium;nő;nappali;magyar nyelv és irodalom;közép;rendes;Nem;magyar;4;70;70;megjelent;26;9;18;9;6;2;70;-;-;-;-
2020;1;Somogy;12;gimnázium;férfi;nappali;magyar nyelv és irodalom;közép;rendes;Nem;magyar;5;84;84;megjelent;30;10;23;14;5;2;84;-;-;-;-
2020;1;Somogy;12;gimnázium;férfi;nappali;magyar nyelv és irodalom;közép;rendes;Nem;magyar;4;75;75;megjelent;31;9;20;13;0;2;75;-;-;-;-
2020;1;Somogy;12;gimnázium;nő;nappali;magyar nyelv és irodalom;közép;rendes;Nem;magyar;3;48;48;megjelent;23;4;10;10;0;1;48;-;-;-;-
2020;1;Somogy;12;gimnázium;nő;nappali;magyar nyelv és irodalom;közép;rendes;Nem;magyar;4;65;65;megjelent;26;9;18;11;0;1;65;-;-;-;-
2020;1;Somogy;12;gimnázium;nő;nappali;magyar nyelv és irodalom;közép;rendes;Nem;magyar;4;75;75;megjelent;29;7;18;13;6;2;75;-;-;-;-
2020;1;Somogy;12;gimnázium;férfi;nappali;magyar nyelv és irodalom;közép;rendes;Nem;magyar;4;75;75;megjelent;30;8;15;12;8;2;75;-;-;-;-
2020;1;Somogy;12;gimnázium;nő;nappali;magyar nyelv és irodalom;közép;rendes;Nem;magyar;4;69;69;megjelent;27;6;23;10;1;2;69;-;-;-;-
2020;1;Somogy;12;gimnázium;férfi;nappali;magyar nyelv és irodalom;közép;rendes;Nem;magyar;3;43;43;megjelent;21;7;8;6;0;1;43;-;-;-;-
2020;1;Somogy;12;gimnázium;nő;nappali;magyar nyelv és irodalom;közép;rendes;Nem;magyar;4;76;76;megjelent;24;8;24;15;3;2;76;-;-;-;-
2020;1;Somogy;12;gimnázium;férfi;nappali;magyar nyelv és irodalom;közép;rendes;Nem;magyar;4;60;60;megjelent;21;9;13;11;4;2;60;-;-;-;-
2020;1;Somogy;12;gimnázium;férfi;nappali;magyar nyelv és irodalom;közép;rendes;Nem;magyar;4;70;70;megjelent;31;9;18;11;0;1;70;-;-;-;-
2020;1;Somogy;12;gimnázium;férfi;nappali;magyar nyelv és irodalom;közép;rendes;Nem;magyar;2;37;37;megjelent;18;5;4;9;0;1;37;-;-;-;-
2020;1;Somogy;12;gimnázium;férfi;nappali;magyar nyelv és irodalom;közép;rendes;Nem;magyar;2;39;39;megjelent;18;7;8;5;0;1;39;-;-;-;-
2020;1;Somogy;12;gimnázium;nő;nappali;magyar nyelv és irodalom;közép;rendes;Nem;magyar;2;36;36;megjelent;23;3;4;5;0;1;36;-;-;-;-
2020;1;Somogy;12;gimnázium;férfi;nappali;magyar nyelv és irodalom;közép;rendes;Nem;magyar;2;25;38;megjelent;9;3;0;0;0;0;12;9;6;11;26
2020;1;Somogy;12;gimnázium;férfi;nappali;magyar nyelv és irodalom;közép;rendes;Nem;magyar;2;35;35;megjelent;19;3;6;6;0;1;35;-;-;-;-
2020;1;Somogy;12;gimnázium;nő;nappali;magyar nyelv és irodalom;közép;rendes;Nem;magyar;3;54;54;megjelent;22;9;14;8;0;1;54;-;-;-;-
2020;1;Somogy;12;gimnázium;férfi;nappali;magyar nyelv és irodalom;közép;rendes;Nem;magyar;3;41;41;megjelent;26;6;3;5;0;1;41;-;-;-;-
2020;1;Somogy;12;gimnázium;férfi;nappali;magyar nyelv és irodalom;közép;rendes;Nem;magyar;3;42;42;megjelent;13;8;9;5;6;1;42;-;-;-;-
2020;1;Somogy;12;gimnázium;nő;nappali;magyar nyelv és irodalom;közép;rendes;Nem;magyar;4;63;63;megjelent;30;3;12;8;8;2;63;-;-;-;-
2020;1;Somogy;12;gimnázium;férfi;nappali;magyar nyelv és irodalom;közép;rendes;Nem;magyar;3;41;41;megjelent;16;5;13;7;0;0;41;-;-;-;-
2020;1;Somogy;12;gimnázium;férfi;nappali;magyar nyelv és irodalom;közép;rendes;Nem;magyar;3;40;40;megjelent;19;4;12;5;0;0;40;-;-;-;-
2020;1;Somogy;12;gimnázium;férfi;nappali;magyar nyelv és irodalom;közép;rendes;Igen;magyar;3;42;21;megjelent;-;-;-;-;-;-;-;9;6;6;21
2020;1;Somogy;12;gimnázium;férfi;nappali;magyar nyelv és irodalom;közép;rendes;Nem;magyar;3;54;54;megjelent;26;3;12;9;3;1;54;-;-;-;-
2020;1;Somogy;12;gimnázium;nő;nappali;magyar nyelv és irodalom;közép;rendes;Nem;magyar;5;81;81;megjelent;30;9;21;13;6;2;81;-;-;-;-
2020;1;Somogy;12;gimnázium;nő;nappali;magyar nyelv és irodalom;közép;rendes;Nem;magyar;2;28;28;megjelent;18;7;0;0;1;2;28;-;-;-;-
2020;1;Somogy;12;gimnázium;férfi;nappali;magyar nyelv és irodalom;közép;rendes;Nem;magyar;4;69;69;megjelent;28;7;19;13;0;2;69;-;-;-;-
2020;1;Somogy;12;gimnázium;férfi;nappali;magyar nyelv és irodalom;közép;rendes;Nem;magyar;3;55;55;megjelent;24;5;13;8;4;1;55;-;-;-;-
2020;1;Somogy;12;gimnázium;férfi;nappali;magyar nyelv és irodalom;közép;rendes;Nem;magyar;4;65;65;megjelent;28;9;16;8;3;1;65;-;-;-;-
2020;1;Somogy;12;gimnázium;nő;nappali;magyar nyelv és irodalom;közép;rendes;Nem;magyar;3;50;50;megjelent;22;3;14;9;0;2;50;-;-;-;-
2020;1;Somogy;12;gimnázium;nő;nappali;magyar nyelv és irodalom;közép;rendes;Nem;magyar;3;55;55;megjelent;29;9;3;8;4;2;55;-;-;-;-
2020;1;Somogy;12;szakgimnázium/szakközépiskola (2016.09.01-től kifutó rendszerben);nő;nappali;magyar nyelv és irodalom;közép;rendes;Nem;magyar;4;63;63;megjelent;30;9;12;10;0;2;63;-;-;-;-
2020;1;Somogy;12;szakgimnázium/szakközépiskola (2016.09.01-től kifutó rendszerben);férfi;nappali;magyar nyelv és irodalom;közép;rendes;Nem;magyar;2;25;25;megjelent;14;4;2;3;0;2;25;-;-;-;-
2020;1;Somogy;12;szakgimnázium/szakközépiskola (2016.09.01-től kifutó rendszerben);férfi;nappali;magyar nyelv és irodalom;közép;rendes;Nem;magyar;3;45;45;megjelent;26;9;5;5;0;0;45;-;-;-;-
2020;1;Somogy;12;szakgimnázium/szakközépiskola (2016.09.01-től kifutó rendszerben);férfi;nappali;magyar nyelv és irodalom;közép;rendes;Nem;magyar;3;44;44;megjelent;25;8;3;5;1;2;44;-;-;-;-
2020;1;Somogy;12;szakgimnázium/szakközépiskola (2016.09.01-től kifutó rendszerben);nő;nappali;magyar nyelv és irodalom;közép;rendes;Nem;magyar;3;40;40;megjelent;20;7;4;7;0;2;40;-;-;-;-
2020;1;Somogy;12;szakgimnázium/szakközépiskola (2016.09.01-től kifutó rendszerben);férfi;nappali;magyar nyelv és irodalom;közép;rendes;Nem;magyar;4;61;61;megjelent;31;10;10;10;0;0;61;-;-;-;-
2020;1;Somogy;12;szakgimnázium/szakközépiskola (2016.09.01-től kifutó rendszerben);férfi;nappali;magyar nyelv és irodalom;közép;rendes;Igen;magyar;3;41;38;megjelent;15;8;6;7;0;2;38;-;-;-;-
2020;1;Somogy;12;szakgimnázium/szakközépiskola (2016.09.01-től kifutó rendszerben);nő;nappali;magyar nyelv és irodalom;közép;rendes;Nem;magyar;2;32;32;megjelent;16;7;2;4;1;2;32;-;-;-;-
2020;1;Somogy;12;szakgimnázium/szakközépiskola (2016.09.01-től kifutó rendszerben);nő;nappali;magyar nyelv és irodalom;közép;rendes;Nem;magyar;3;44;44;megjelent;26;8;4;4;0;2;44;-;-;-;-
2020;1;Somogy;12;szakgimnázium/szakközépiskola (2016.09.01-től kifutó rendszerben);nő;nappali;magyar nyelv és irodalom;közép;rendes;Igen;magyar;2;30;28;megjelent;13;8;2;3;0;2;28;-;-;-;-
2020;1;Somogy;12;szakgimnázium/szakközépiskola (2016.09.01-től kifutó rendszerben);nő;nappali;magyar nyelv és irodalom;közép;rendes;Nem;magyar;3;45;45;megjelent;24;7;6;6;0;2;45;-;-;-;-
2020;1;Somogy;12;szakgimnázium/szakközépiskola (2016.09.01-től kifutó rendszerben);férfi;nappali;magyar nyelv és irodalom;közép;rendes;Nem;magyar;3;53;53;megjelent;31;7;5;4;4;2;53;-;-;-;-
2020;1;Somogy;12;szakgimnázium/szakközépiskola (2016.09.01-től kifutó rendszerben);nő;nappali;magyar nyelv és irodalom;közép;rendes;Nem;magyar;5;85;85;megjelent;33;10;18;15;7;2;85;-;-;-;-
2020;1;Somogy;12;szakgimnázium/szakközépiskola (2016.09.01-től kifutó rendszerben);férfi;nappali;magyar nyelv és irodalom;közép;rendes;Nem;magyar;3;43;43;megjelent;28;9;0;0;5;1;43;-;-;-;-
2020;1;Somogy;12;szakgimnázium/szakközépiskola (2016.09.01-től kifutó rendszerben);nő;nappali;magyar nyelv és irodalom;közép;rendes;Nem;magyar;3;43;43;megjelent;25;9;5;3;0;1;43;-;-;-;-
2020;1;Somogy;12;szakgimnázium/szakközépiskola (2016.09.01-től kifutó rendszerben);férfi;nappali;magyar nyelv és irodalom;közép;rendes;Nem;magyar;3;48;48;megjelent;24;8;5;9;0;2;48;-;-;-;-
2020;1;Somogy;12;szakgimnázium/szakközépiskola (2016.09.01-től kifutó rendszerben);férfi;nappali;magyar nyelv és irodalom;közép;rendes;Nem;magyar;2;38;38;megjelent;19;6;3;3;5;2;38;-;-;-;-
2020;1;Somogy;12;szakgimnázium/szakközépiskola (2016.09.01-től kifutó rendszerben);férfi;nappali;magyar nyelv és irodalom;közép;rendes;Nem;magyar;2;35;35;megjelent;20;5;5;4;0;1;35;-;-;-;-
2020;1;Somogy;12;szakgimnázium/szakközépiskola (2016.09.01-től kifutó rendszerben);nő;nappali;magyar nyelv és irodalom;közép;előrehozott;Nem;magyar;1;15;23;megjelent;7;0;3;2;0;1;13;2;4;4;10
2020;1;Somogy;12;szakgimnázium/szakközépiskola (2016.09.01-től kifutó rendszerben);nő;nappali;magyar nyelv és irodalom;közép;rendes;Nem;magyar;2;37;37;megjelent;17;6;5;7;0;2;37;-;-;-;-
2020;1;Somogy;12;szakgimnázium/szakközépiskola (2016.09.01-től kifutó rendszerben);nő;nappali;magyar nyelv és irodalom;közép;rendes;Nem;magyar;4;73;73;megjelent;32;9;15;13;2;2;73;-;-;-;-
2020;1;Somogy;12;szakgimnázium/szakközépiskola (2016.09.01-től kifutó rendszerben);nő;nappali;magyar nyelv és irodalom;közép;előrehozott;Nem;magyar;2;25;25;megjelent;14;0;3;6;0;2;25;-;-;-;-
2020;1;Somogy;12;szakgimnázium/szakközépiskola (2016.09.01-től kifutó rendszerben);nő;nappali;magyar nyelv és irodalom;közép;rendes;Nem;magyar;4;61;61;megjelent;33;7;9;9;1;2;61;-;-;-;-
2020;1;Somogy;12;szakgimnázium/szakközépiskola (2016.09.01-től kifutó rendszerben);nő;nappali;magyar nyelv és irodalom;közép;rendes;Nem;magyar;4;65;65;megjelent;34;9;6;8;6;2;65;-;-;-;-
2020;1;Somogy;12;szakgimnázium/szakközépiskola (2016.09.01-től kifutó rendszerben);nő;nappali;magyar nyelv és irodalom;közép;rendes;Nem;magyar;3;50;50;megjelent;24;10;6;8;0;2;50;-;-;-;-
2020;1;Somogy;12;szakgimnázium/szakközépiskola (2016.09.01-től kifutó rendszerben);nő;nappali;magyar nyelv és irodalom;közép;rendes;Nem;magyar;2;35;35;megjelent;17;5;5;6;0;2;35;-;-;-;-
2020;1;Somogy;12;szakgimnázium/szakközépiskola (2016.09.01-től kifutó rendszerben);nő;nappali;magyar nyelv és irodalom;közép;rendes;Nem;magyar;2;31;31;megjelent;21;4;3;3;0;0;31;-;-;-;-
2020;1;Somogy;12;szakgimnázium/szakközépiskola (2016.09.01-től kifutó rendszerben);férfi;nappali;magyar nyelv és irodalom;közép;rendes;Nem;magyar;3;43;43;megjelent;23;5;9;5;0;1;43;-;-;-;-
2020;1;Somogy;12;szakgimnázium/szakközépiskola (2016.09.01-től kifutó rendszerben);férfi;nappali;magyar nyelv és irodalom;közép;rendes;Nem;magyar;3;49;49;megjelent;29;9;5;5;0;1;49;-;-;-;-
2020;1;Somogy;12;szakgimnázium/szakközépiskola (2016.09.01-től kifutó rendszerben);férfi;nappali;magyar nyelv és irodalom;közép;rendes;Nem;magyar;4;61;61;megjelent;32;8;10;9;0;2;61;-;-;-;-
2020;1;Somogy;12;gimnázium;férfi;nappali;magyar nyelv és irodalom;közép;rendes;Nem;magyar;4;73;73;megjelent;35;9;18;11;0;0;73;-;-;-;-
2020;1;Somogy;12;szakgimnázium/szakközépiskola (2016.09.01-től kifutó rendszerben);férfi;nappali;magyar nyelv és irodalom;közép;rendes;Nem;magyar;4;61;61;megjelent;28;8;14;9;0;2;61;-;-;-;-
2020;1;Somogy;12;gimnázium;férfi;nappali;magyar nyelv és irodalom;közép;rendes;Nem;magyar;4;70;70;megjelent;30;8;18;10;4;0;70;-;-;-;-
2020;1;Somogy;12;szakgimnázium/szakközépiskola (2016.09.01-től kifutó rendszerben);férfi;nappali;magyar nyelv és irodalom;közép;rendes;Nem;magyar;5;94;94;megjelent;38;10;25;15;4;2;94;-;-;-;-
2020;1;Somogy;12;szakgimnázium/szakközépiskola (2016.09.01-től kifutó rendszerben);férfi;nappali;magyar nyelv és irodalom;közép;rendes;Nem;magyar;4;70;70;megjelent;33;8;15;12;0;2;70;-;-;-;-
2020;1;Somogy;12;szakgimnázium/szakközépiskola (2016.09.01-től kifutó rendszerben);férfi;nappali;magyar nyelv és irodalom;közép;rendes;Igen;magyar;2;26;13;megjelent;-;-;-;-;-;-;-;6;3;4;13
2020;1;Somogy;12;gimnázium;férfi;nappali;magyar nyelv és irodalom;közép;rendes;Igen;magyar;5;90;45;megjelent;-;-;-;-;-;-;-;23;8;14;45
2020;1;Somogy;12;szakgimnázium/szakközépiskola (2016.09.01-től kifutó rendszerben);férfi;nappali;magyar nyelv és irodalom;közép;rendes;Nem;magyar;4;70;70;megjelent;35;5;19;10;0;1;70;-;-;-;-
2020;1;Somogy;12;szakgimnázium/szakközépiskola (2016.09.01-től kifutó rendszerben);férfi;nappali;magyar nyelv és irodalom;közép;rendes;Nem;magyar;4;73;73;megjelent;36;10;10;9;6;2;73;-;-;-;-
2020;1;Somogy;12;szakgimnázium/szakközépiskola (2016.09.01-től kifutó rendszerben);férfi;nappali;magyar nyelv és irodalom;közép;rendes;Nem;magyar;4;77;77;megjelent;32;7;25;11;0;2;77;-;-;-;-
2020;1;Somogy;12;szakgimnázium/szakközépiskola (2016.09.01-től kifutó rendszerben);férfi;nappali;magyar nyelv és irodalom;közép;rendes;Nem;magyar;3;57;57;megjelent;25;10;13;7;0;2;57;-;-;-;-
2020;1;Somogy;12;szakgimnázium/szakközépiskola (2016.09.01-től kifutó rendszerben);férfi;nappali;magyar nyelv és irodalom;közép;rendes;Nem;magyar;3;50;50;megjelent;26;9;10;4;0;1;50;-;-;-;-
2020;1;Somogy;12;szakgimnázium/szakközépiskola (2016.09.01-től kifutó rendszerben);férfi;nappali;magyar nyelv és irodalom;közép;rendes;Nem;magyar;3;44;44;megjelent;22;8;3;3;6;2;44;-;-;-;-
2020;1;Somogy;12;szakgimnázium/szakközépiskola (2016.09.01-től kifutó rendszerben);férfi;nappali;magyar nyelv és irodalom;közép;rendes;Nem;magyar;4;68;68;megjelent;32;8;18;9;0;1;68;-;-;-;-
2020;1;Somogy;12;szakgimnázium/szakközépiskola (2016.09.01-től kifutó rendszerben);férfi;nappali;magyar nyelv és irodalom;közép;rendes;Nem;magyar;3;49;49;megjelent;28;5;7;7;0;2;49;-;-;-;-
2020;1;Somogy;12;szakgimnázium/szakközépiskola (2016.09.01-től kifutó rendszerben);férfi;nappali;magyar nyelv és irodalom;közép;rendes;Nem;magyar;3;44;44;megjelent;31;4;5;4;0;0;44;-;-;-;-
2020;1;Somogy;12;szakgimnázium/szakközépiskola (2016.09.01-től kifutó rendszerben);férfi;nappali;magyar nyelv és irodalom;közép;rendes;Nem;magyar;3;42;42;megjelent;27;4;6;5;0;0;42;-;-;-;-
2020;1;Somogy;12;szakgimnázium/szakközépiskola (2016.09.01-től kifutó rendszerben);férfi;nappali;magyar nyelv és irodalom;közép;rendes;Nem;magyar;3;55;55;megjelent;31;8;9;5;0;2;55;-;-;-;-
2020;1;Somogy;12;szakgimnázium/szakközépiskola (2016.09.01-től kifutó rendszerben);férfi;nappali;magyar nyelv és irodalom;közép;rendes;Igen;magyar;4;65;60;megjelent;26;4;18;10;0;2;60;-;-;-;-
2020;1;Somogy;12;szakgimnázium/szakközépiskola (2016.09.01-től kifutó rendszerben);férfi;nappali;magyar nyelv és irodalom;közép;rendes;Nem;magyar;5;92;92;megjelent;35;10;25;13;7;2;92;-;-;-;-
2020;1;Somogy;12;szakgimnázium/szakközépiskola (2016.09.01-től kifutó rendszerben);férfi;nappali;magyar nyelv és irodalom;közép;rendes;Nem;magyar;4;62;62;megjelent;27;5;18;10;0;2;62;-;-;-;-
2020;1;Somogy;12;szakgimnázium/szakközépiskola (2016.09.01-től kifutó rendszerben);férfi;nappali;magyar nyelv és irodalom;közép;rendes;Nem;magyar;2;33;33;megjelent;26;3;2;2;0;0;33;-;-;-;-
2020;1;Somogy;12;szakgimnázium/szakközépiskola (2016.09.01-től kifutó rendszerben);férfi;nappali;magyar nyelv és irodalom;közép;rendes;Nem;magyar;2;26;26;megjelent;20;3;1;1;0;1;26;-;-;-;-
2020;1;Somogy;12;szakgimnázium/szakközépiskola (2016.09.01-től kifutó rendszerben);férfi;nappali;magyar nyelv és irodalom;közép;rendes;Nem;magyar;3;49;49;megjelent;30;5;9;5;0;0;49;-;-;-;-
2020;1;Somogy;12;szakgimnázium/szakközépiskola (2016.09.01-től kifutó rendszerben);férfi;nappali;magyar nyelv és irodalom;közép;rendes;Nem;magyar;2;38;38;megjelent;21;4;6;7;0;0;38;-;-;-;-
2020;1;Somogy;12;szakgimnázium/szakközépiskola (2016.09.01-től kifutó rendszerben);férfi;nappali;magyar nyelv és irodalom;közép;rendes;Nem;magyar;3;46;46;megjelent;29;0;5;7;4;1;46;-;-;-;-
2020;1;Somogy;12;szakgimnázium/szakközépiskola (2016.09.01-től kifutó rendszerben);férfi;nappali;magyar nyelv és irodalom;közép;rendes;Nem;magyar;3;45;45;megjelent;27;3;6;9;0;0;45;-;-;-;-
2020;1;Somogy;12;szakgimnázium/szakközépiskola (2016.09.01-től kifutó rendszerben);férfi;nappali;magyar nyelv és irodalom;közép;rendes;Nem;magyar;3;43;43;megjelent;26;7;5;3;0;2;43;-;-;-;-
2020;1;Somogy;12;szakgimnázium/szakközépiskola (2016.09.01-től kifutó rendszerben);férfi;nappali;magyar nyelv és irodalom;közép;rendes;Nem;magyar;2;29;29;megjelent;22;0;3;3;0;1;29;-;-;-;-
2020;1;Somogy;12;szakgimnázium/szakközépiskola (2016.09.01-től kifutó rendszerben);férfi;nappali;magyar nyelv és irodalom;közép;rendes;Nem;magyar;3;46;46;megjelent;24;4;10;8;0;0;46;-;-;-;-
2020;1;Somogy;12;szakgimnázium/szakközépiskola (2016.09.01-től kifutó rendszerben);férfi;nappali;magyar nyelv és irodalom;közép;rendes;Nem;magyar;4;60;60;megjelent;24;6;17;11;0;2;60;-;-;-;-
2020;1;Somogy;12;szakgimnázium/szakközépiskola (2016.09.01-től kifutó rendszerben);férfi;nappali;magyar nyelv és irodalom;közép;rendes;Nem;magyar;4;77;77;megjelent;30;8;22;14;1;2;77;-;-;-;-
2020;1;Somogy;12;szakgimnázium/szakközépiskola (2016.09.01-től kifutó rendszerben);férfi;nappali;magyar nyelv és irodalom;közép;rendes;Nem;magyar;3;50;50;megjelent;24;3;14;8;0;1;50;-;-;-;-
2020;1;Somogy;12;szakgimnázium/szakközépiskola (2016.09.01-től kifutó rendszerben);férfi;nappali;magyar nyelv és irodalom;közép;rendes;Nem;magyar;3;57;57;megjelent;28;7;7;6;7;2;57;-;-;-;-
2020;1;Somogy;12;szakgimnázium/szakközépiskola (2016.09.01-től kifutó rendszerben);férfi;nappali;magyar nyelv és irodalom;közép;rendes;Nem;magyar;3;46;46;megjelent;33;1;5;5;0;2;46;-;-;-;-
2020;1;Somogy;12;szakgimnázium/szakközépiskola (2016.09.01-től kifutó rendszerben);férfi;nappali;magyar nyelv és irodalom;közép;rendes;Nem;magyar;3;43;43;megjelent;27;4;5;5;0;2;43;-;-;-;-
2020;1;Somogy;12;szakgimnázium/szakközépiskola (2016.09.01-től kifutó rendszerben);nő;nappali;magyar nyelv és irodalom;közép;rendes;Nem;magyar;4;60;60;megjelent;25;9;12;9;3;2;60;-;-;-;-
2020;1;Somogy;12;szakgimnázium/szakközépiskola (2016.09.01-től kifutó rendszerben);férfi;nappali;magyar nyelv és irodalom;közép;rendes;Nem;magyar;5;98;98;megjelent;39;9;25;15;8;2;98;-;-;-;-
2020;1;Somogy;12;szakgimnázium/szakközépiskola (2016.09.01-től kifutó rendszerben);férfi;nappali;magyar nyelv és irodalom;közép;rendes;Nem;magyar;3;48;48;megjelent;24;5;9;9;0;1;48;-;-;-;-
2020;1;Somogy;12;szakgimnázium/szakközépiskola (2016.09.01-től kifutó rendszerben);férfi;nappali;magyar nyelv és irodalom;közép;rendes;Igen;magyar;3;46;23;megjelent;-;-;-;-;-;-;-;12;3;8;23
2020;1;Somogy;12;szakgimnázium/szakközépiskola (2016.09.01-től kifutó rendszerben);férfi;nappali;magyar nyelv és irodalom;közép;rendes;Nem;magyar;3;50;50;megjelent;26;6;8;7;2;1;50;-;-;-;-
2020;1;Somogy;12;szakgimnázium/szakközépiskola (2016.09.01-től kifutó rendszerben);nő;nappali;magyar nyelv és irodalom;közép;rendes;Nem;magyar;3;50;50;megjelent;24;8;10;8;0;0;50;-;-;-;-
2020;1;Somogy;12;szakgimnázium/szakközépiskola (2016.09.01-től kifutó rendszerben);nő;nappali;magyar nyelv és irodalom;közép;rendes;Igen;magyar;3;47;47;megjelent;25;6;10;6;0;0;47;-;-;-;-
2020;1;Somogy;12;szakgimnázium/szakközépiskola (2016.09.01-től kifutó rendszerben);férfi;nappali;magyar nyelv és irodalom;közép;rendes;Nem;magyar;2;32;32;megjelent;22;3;3;3;0;1;32;-;-;-;-
2020;1;Somogy;12;szakgimnázium/szakközépiskola (2016.09.01-től kifutó rendszerben);férfi;nappali;magyar nyelv és irodalom;közép;rendes;Nem;magyar;3;43;43;megjelent;23;4;8;7;0;1;43;-;-;-;-
2020;1;Somogy;12;szakgimnázium/szakközépiskola (2016.09.01-től kifutó rendszerben);férfi;nappali;magyar nyelv és irodalom;közép;rendes;Nem;magyar;5;94;94;megjelent;37;10;25;15;5;2;94;-;-;-;-
2020;1;Somogy;12;szakgimnázium/szakközépiskola (2016.09.01-től kifutó rendszerben);férfi;nappali;magyar nyelv és irodalom;közép;előrehozott;Nem;magyar;2;35;35;megjelent;22;4;5;4;0;0;35;-;-;-;-
2020;1;Somogy;12;szakgimnázium/szakközépiskola (2016.09.01-től kifutó rendszerben);férfi;nappali;magyar nyelv és irodalom;közép;előrehozott;Nem;magyar;2;36;36;megjelent;24;3;4;4;0;1;36;-;-;-;-
2020;1;Somogy;12;szakgimnázium/szakközépiskola (2016.09.01-től kifutó rendszerben);férfi;nappali;magyar nyelv és irodalom;közép;rendes;Nem;magyar;2;34;34;megjelent;23;4;3;3;0;1;34;-;-;-;-
2020;1;Somogy;12;szakgimnázium/szakközépiskola (2016.09.01-től kifutó rendszerben);nő;nappali;magyar nyelv és irodalom;közép;rendes;Nem;magyar;3;49;49;megjelent;24;6;10;8;0;1;49;-;-;-;-
2020;1;Somogy;12;szakgimnázium/szakközépiskola (2016.09.01-től kifutó rendszerben);férfi;nappali;magyar nyelv és irodalom;közép;rendes;Nem;magyar;4;61;61;megjelent;29;7;14;9;0;2;61;-;-;-;-
2020;1;Somogy;12;szakgimnázium/szakközépiskola (2016.09.01-től kifutó rendszerben);nő;nappali;magyar nyelv és irodalom;közép;rendes;Nem;magyar;3;42;42;megjelent;27;5;4;4;0;2;42;-;-;-;-
2020;1;Somogy;12;szakgimnázium/szakközépiskola (2016.09.01-től kifutó rendszerben);férfi;nappali;magyar nyelv és irodalom;közép;rendes;Nem;magyar;4;74;74;megjelent;35;7;15;11;4;2;74;-;-;-;-
2020;1;Somogy;12;szakgimnázium/szakközépiskola (2016.09.01-től kifutó rendszerben);férfi;nappali;magyar nyelv és irodalom;közép;rendes;Nem;magyar;5;86;86;megjelent;35;9;24;13;3;2;86;-;-;-;-
2020;1;Somogy;12;szakgimnázium/szakközépiskola (2016.09.01-től kifutó rendszerben);nő;nappali;magyar nyelv és irodalom;közép;rendes;Nem;magyar;2;32;32;megjelent;25;1;2;2;0;2;32;-;-;-;-
2020;1;Somogy;12;szakgimnázium/szakközépiskola (2016.09.01-től kifutó rendszerben);férfi;nappali;magyar nyelv és irodalom;közép;rendes;Nem;magyar;3;50;50;megjelent;30;5;6;5;2;2;50;-;-;-;-
2020;1;Somogy;12;szakgimnázium/szakközépiskola (2016.09.01-től kifutó rendszerben);férfi;nappali;magyar nyelv és irodalom;közép;rendes;Nem;magyar;4;63;63;megjelent;32;4;15;11;0;1;63;-;-;-;-
2020;1;Somogy;12;szakgimnázium/szakközépiskola (2016.09.01-től kifutó rendszerben);nő;nappali;magyar nyelv és irodalom;közép;rendes;Nem;magyar;3;55;55;megjelent;23;7;15;10;0;0;55;-;-;-;-
2020;1;Somogy;12;szakgimnázium/szakközépiskola (2016.09.01-től kifutó rendszerben);férfi;nappali;magyar nyelv és irodalom;közép;rendes;Nem;magyar;4;60;60;megjelent;26;9;14;9;0;2;60;-;-;-;-
2020;1;Somogy;12;szakgimnázium/szakközépiskola (2016.09.01-től kifutó rendszerben);nő;nappali;magyar nyelv és irodalom;közép;rendes;Nem;magyar;4;61;61;megjelent;14;9;21;10;5;2;61;-;-;-;-
2020;1;Somogy;12;szakgimnázium/szakközépiskola (2016.09.01-től kifutó rendszerben);férfi;nappali;magyar nyelv és irodalom;közép;rendes;Nem;magyar;3;51;51;megjelent;32;7;8;4;0;0;51;-;-;-;-
2020;1;Somogy;12;szakgimnázium/szakközépiskola (2016.09.01-től kifutó rendszerben);férfi;nappali;magyar nyelv és irodalom;közép;rendes;Igen;magyar;2;34;32;megjelent;22;3;3;3;0;1;32;-;-;-;-
2020;1;Somogy;12;szakgimnázium/szakközépiskola (2016.09.01-től kifutó rendszerben);nő;nappali;magyar nyelv és irodalom;közép;rendes;Nem;magyar;3;47;47;megjelent;21;6;10;8;0;2;47;-;-;-;-
2020;1;Somogy;12;szakgimnázium/szakközépiskola (2016.09.01-től kifutó rendszerben);férfi;nappali;magyar nyelv és irodalom;közép;rendes;Nem;magyar;3;52;52;megjelent;28;7;6;6;4;1;52;-;-;-;-
2020;1;Somogy;12;szakgimnázium/szakközépiskola (2016.09.01-től kifutó rendszerben);nő;nappali;magyar nyelv és irodalom;közép;rendes;Nem;magyar;2;37;37;megjelent;12;10;3;5;5;2;37;-;-;-;-
2020;1;Somogy;12;szakgimnázium/szakközépiskola (2016.09.01-től kifutó rendszerben);nő;nappali;magyar nyelv és irodalom;közép;rendes;Nem;magyar;3;40;40;megjelent;20;5;7;7;0;1;40;-;-;-;-
2020;1;Somogy;12;szakgimnázium/szakközépiskola (2016.09.01-től kifutó rendszerben);férfi;nappali;magyar nyelv és irodalom;közép;rendes;Nem;magyar;4;60;60;megjelent;25;9;9;7;8;2;60;-;-;-;-
2020;1;Somogy;12;szakgimnázium/szakközépiskola (2016.09.01-től kifutó rendszerben);nő;nappali;magyar nyelv és irodalom;közép;rendes;Nem;magyar;2;35;35;megjelent;19;5;5;4;0;2;35;-;-;-;-
2020;1;Somogy;12;szakgimnázium/szakközépiskola (2016.09.01-től kifutó rendszerben);férfi;nappali;magyar nyelv és irodalom;közép;rendes;Nem;magyar;2;30;30;megjelent;21;3;1;4;0;1;30;-;-;-;-
2020;1;Somogy;12;szakgimnázium/szakközépiskola (2016.09.01-től kifutó rendszerben);férfi;nappali;magyar nyelv és irodalom;közép;rendes;Nem;magyar;3;55;55;megjelent;29;5;12;7;0;2;55;-;-;-;-
2020;1;Somogy;12;szakgimnázium/szakközépiskola (2016.09.01-től kifutó rendszerben);nő;nappali;magyar nyelv és irodalom;közép;rendes;Nem;magyar;4;60;60;megjelent;26;9;15;9;0;1;60;-;-;-;-
2020;1;Somogy;12;szakgimnázium/szakközépiskola (2016.09.01-től kifutó rendszerben);férfi;nappali;magyar nyelv és irodalom;közép;rendes;Nem;magyar;3;42;42;megjelent;24;7;7;3;0;1;42;-;-;-;-
2020;1;Somogy;12;szakgimnázium/szakközépiskola (2016.09.01-től kifutó rendszerben);nő;nappali;magyar nyelv és irodalom;közép;rendes;Nem;magyar;4;77;77;megjelent;29;10;19;9;8;2;77;-;-;-;-
2020;1;Somogy;12;szakgimnázium/szakközépiskola (2016.09.01-től kifutó rendszerben);férfi;nappali;magyar nyelv és irodalom;közép;előrehozott;Nem;magyar;2;32;32;megjelent;19;6;1;2;3;1;32;-;-;-;-
2020;1;Somogy;12;szakgimnázium/szakközépiskola (2016.09.01-től kifutó rendszerben);nő;nappali;magyar nyelv és irodalom;közép;rendes;Nem;magyar;3;58;58;megjelent;20;8;12;10;6;2;58;-;-;-;-
2020;1;Somogy;12;szakgimnázium/szakközépiskola (2016.09.01-től kifutó rendszerben);nő;nappali;magyar nyelv és irodalom;közép;rendes;Nem;magyar;3;43;43;megjelent;23;5;9;5;0;1;43;-;-;-;-
2020;1;Somogy;12;szakgimnázium/szakközépiskola (2016.09.01-től kifutó rendszerben);nő;nappali;magyar nyelv és irodalom;közép;rendes;Nem;magyar;2;34;34;megjelent;23;2;5;3;0;1;34;-;-;-;-
2020;1;Somogy;12;szakgimnázium/szakközépiskola (2016.09.01-től kifutó rendszerben);férfi;nappali;magyar nyelv és irodalom;közép;rendes;Nem;magyar;4;65;65;megjelent;31;7;15;10;0;2;65;-;-;-;-
2020;1;Somogy;12;szakgimnázium/szakközépiskola (2016.09.01-től kifutó rendszerben);nő;nappali;magyar nyelv és irodalom;közép;rendes;Nem;magyar;5;82;82;megjelent;32;10;18;12;8;2;82;-;-;-;-
2020;1;Somogy;12;szakgimnázium/szakközépiskola (2016.09.01-től kifutó rendszerben);nő;nappali;magyar nyelv és irodalom;közép;rendes;Nem;magyar;3;48;48;megjelent;24;4;11;8;0;1;48;-;-;-;-
2020;1;Somogy;12;szakgimnázium/szakközépiskola (2016.09.01-től kifutó rendszerben);férfi;nappali;magyar nyelv és irodalom;közép;rendes;Igen;magyar;3;50;25;megjelent;-;-;-;-;-;-;-;14;5;6;25
2020;1;Somogy;12;szakgimnázium/szakközépiskola (2016.09.01-től kifutó rendszerben);férfi;nappali;magyar nyelv és irodalom;közép;rendes;Nem;magyar;4;67;67;megjelent;36;0;15;11;3;2;67;-;-;-;-
2020;1;Somogy;12;szakgimnázium/szakközépiskola (2016.09.01-től kifutó rendszerben);nő;nappali;magyar nyelv és irodalom;közép;rendes;Nem;magyar;5;85;85;megjelent;29;10;22;15;7;2;85;-;-;-;-
2020;1;Somogy;12;szakgimnázium/szakközépiskola (2016.09.01-től kifutó rendszerben);nő;nappali;magyar nyelv és irodalom;közép;rendes;Nem;magyar;5;87;87;megjelent;33;10;22;15;5;2;87;-;-;-;-
2020;1;Somogy;12;szakgimnázium/szakközépiskola (2016.09.01-től kifutó rendszerben);férfi;nappali;magyar nyelv és irodalom;közép;rendes;Nem;magyar;4;74;74;megjelent;34;6;18;8;7;1;74;-;-;-;-
2020;1;Somogy;12;szakgimnázium/szakközépiskola (2016.09.01-től kifutó rendszerben);nő;nappali;magyar nyelv és irodalom;közép;rendes;Nem;magyar;3;42;42;megjelent;30;2;3;3;2;2;42;-;-;-;-
2020;1;Somogy;12;szakgimnázium/szakközépiskola (2016.09.01-től kifutó rendszerben);férfi;nappali;magyar nyelv és irodalom;közép;rendes;Nem;magyar;5;80;80;megjelent;31;7;25;15;0;2;80;-;-;-;-
2020;1;Somogy;12;szakgimnázium/szakközépiskola (2016.09.01-től kifutó rendszerben);nő;nappali;magyar nyelv és irodalom;közép;rendes;Nem;magyar;3;53;53;megjelent;21;8;15;5;2;2;53;-;-;-;-
2020;1;Somogy;12;szakgimnázium/szakközépiskola (2016.09.01-től kifutó rendszerben);nő;nappali;magyar nyelv és irodalom;közép;rendes;Nem;magyar;4;77;77;megjelent;34;8;17;10;6;2;77;-;-;-;-
2020;1;Somogy;12;szakgimnázium/szakközépiskola (2016.09.01-től kifutó rendszerben);nő;nappali;magyar nyelv és irodalom;közép;rendes;Nem;magyar;3;42;42;megjelent;20;5;10;5;0;2;42;-;-;-;-
2020;1;Somogy;12;szakgimnázium/szakközépiskola (2016.09.01-től kifutó rendszerben);nő;nappali;magyar nyelv és irodalom;közép;rendes;Nem;magyar;5;82;82;megjelent;33;9;20;11;7;2;82;-;-;-;-
2020;1;Somogy;12;szakgimnázium/szakközépiskola (2016.09.01-től kifutó rendszerben);nő;nappali;magyar nyelv és irodalom;közép;rendes;Nem;magyar;4;62;62;megjelent;26;7;16;11;0;2;62;-;-;-;-
2020;1;Somogy;12;szakgimnázium/szakközépiskola (2016.09.01-től kifutó rendszerben);férfi;nappali;magyar nyelv és irodalom;közép;rendes;Nem;magyar;4;76;76;megjelent;35;5;19;11;4;2;76;-;-;-;-
2020;1;Somogy;12;szakgimnázium/szakközépiskola (2016.09.01-től kifutó rendszerben);férfi;nappali;magyar nyelv és irodalom;közép;rendes;Nem;magyar;3;47;47;megjelent;23;6;8;6;2;2;47;-;-;-;-
2020;1;Somogy;12;szakgimnázium/szakközépiskola (2016.09.01-től kifutó rendszerben);férfi;nappali;magyar nyelv és irodalom;közép;rendes;Igen;magyar;3;56;52;megjelent;25;4;15;8;0;0;52;-;-;-;-
2020;1;Somogy;13;szakközép;nő;nappali;magyar nyelv és irodalom;közép;rendes;Nem;magyar;2;36;36;megjelent;16;3;9;6;0;2;36;-;-;-;-
2020;1;Somogy;13;szakközép;nő;nappali;magyar nyelv és irodalom;közép;rendes;Nem;magyar;4;68;68;megjelent;31;7;19;10;0;1;68;-;-;-;-
2020;1;Somogy;12;szakgimnázium/szakközépiskola (2016.09.01-től kifutó rendszerben);nő;nappali;magyar nyelv és irodalom;közép;rendes;Nem;magyar;2;34;34;megjelent;15;6;7;6;0;0;34;-;-;-;-
2020;1;Somogy;13;szakközép;férfi;nappali;magyar nyelv és irodalom;közép;rendes;Igen;magyar;2;25;36;megjelent;19;0;0;0;0;0;19;9;3;5;17
2020;1;Somogy;12;szakgimnázium/szakközépiskola (2016.09.01-től kifutó rendszerben);nő;nappali;magyar nyelv és irodalom;közép;rendes;Nem;magyar;3;47;47;megjelent;23;7;8;8;0;1;47;-;-;-;-
2020;1;Somogy;13;szakközép;férfi;nappali;magyar nyelv és irodalom;közép;rendes;Nem;magyar;3;56;56;megjelent;24;8;13;10;0;1;56;-;-;-;-
2020;1;Somogy;12;szakgimnázium/szakközépiskola (2016.09.01-től kifutó rendszerben);nő;nappali;magyar nyelv és irodalom;közép;rendes;Nem;magyar;3;57;57;megjelent;24;7;14;10;0;2;57;-;-;-;-
2020;1;Somogy;13;szakközép;férfi;nappali;magyar nyelv és irodalom;közép;rendes;Nem;magyar;2;38;38;megjelent;18;2;11;6;0;1;38;-;-;-;-
2020;1;Somogy;13;szakközép;férfi;nappali;magyar nyelv és irodalom;közép;rendes;Nem;magyar;3;45;45;megjelent;24;4;10;7;0;0;45;-;-;-;-
2020;1;Somogy;12;szakgimnázium/szakközépiskola (2016.09.01-től kifutó rendszerben);nő;nappali;magyar nyelv és irodalom;közép;rendes;Nem;magyar;4;67;67;megjelent;26;8;20;11;0;2;67;-;-;-;-
2020;1;Somogy;13;szakközép;férfi;nappali;magyar nyelv és irodalom;közép;rendes;Nem;magyar;2;27;27;megjelent;14;3;5;5;0;0;27;-;-;-;-
2020;1;Somogy;13;szakközép;nő;nappali;magyar nyelv és irodalom;közép;rendes;Nem;magyar;3;49;49;megjelent;21;3;15;9;0;1;49;-;-;-;-
2020;1;Somogy;12;szakgimnázium/szakközépiskola (2016.09.01-től kifutó rendszerben);nő;nappali;magyar nyelv és irodalom;közép;rendes;Nem;magyar;4;65;65;megjelent;26;8;18;11;0;2;65;-;-;-;-
2020;1;Somogy;12;szakgimnázium/szakközépiskola (2016.09.01-től kifutó rendszerben);nő;nappali;magyar nyelv és irodalom;közép;rendes;Nem;magyar;3;52;52;megjelent;21;6;15;8;0;2;52;-;-;-;-
2020;1;Somogy;12;szakgimnázium/szakközépiskola (2016.09.01-től kifutó rendszerben);nő;nappali;magyar nyelv és irodalom;közép;rendes;Nem;magyar;4;70;70;megjelent;35;10;14;9;0;2;70;-;-;-;-
2020;1;Somogy;12;szakgimnázium/szakközépiskola (2016.09.01-től kifutó rendszerben);nő;nappali;magyar nyelv és irodalom;közép;rendes;Nem;magyar;5;85;85;megjelent;35;10;18;12;8;2;85;-;-;-;-
2020;1;Somogy;12;szakgimnázium/szakközépiskola (2016.09.01-től kifutó rendszerben);nő;nappali;magyar nyelv és irodalom;közép;rendes;Nem;magyar;4;66;66;megjelent;27;10;12;10;5;2;66;-;-;-;-
2020;1;Somogy;12;szakgimnázium/szakközépiskola (2016.09.01-től kifutó rendszerben);nő;nappali;magyar nyelv és irodalom;közép;rendes;Nem;magyar;3;54;54;megjelent;34;0;7;6;5;2;54;-;-;-;-
2020;1;Somogy;12;szakgimnázium/szakközépiskola (2016.09.01-től kifutó rendszerben);nő;nappali;magyar nyelv és irodalom;közép;rendes;Nem;magyar;3;50;50;megjelent;26;10;6;6;0;2;50;-;-;-;-
2020;1;Somogy;12;szakgimnázium/szakközépiskola (2016.09.01-től kifutó rendszerben);férfi;nappali;magyar nyelv és irodalom;közép;rendes;Nem;magyar;4;77;77;megjelent;30;10;18;12;5;2;77;-;-;-;-
2020;1;Somogy;13;szakközép;férfi;nappali;magyar nyelv és irodalom;közép;rendes;Igen;magyar;2;33;31;megjelent;16;3;4;6;0;2;31;-;-;-;-
2020;1;Somogy;12;szakgimnázium/szakközépiskola (2016.09.01-től kifutó rendszerben);nő;nappali;magyar nyelv és irodalom;közép;rendes;Nem;magyar;4;68;68;megjelent;30;8;13;8;7;2;68;-;-;-;-
2020;1;Somogy;12;szakgimnázium/szakközépiskola (2016.09.01-től kifutó rendszerben);nő;nappali;magyar nyelv és irodalom;közép;rendes;Nem;magyar;4;70;70;megjelent;31;8;19;10;0;2;70;-;-;-;-
2020;1;Somogy;13;szakközép;férfi;nappali;magyar nyelv és irodalom;közép;rendes;Nem;magyar;3;40;40;megjelent;16;0;15;8;0;1;40;-;-;-;-
2020;1;Somogy;13;szakközép;férfi;nappali;magyar nyelv és irodalom;közép;rendes;Nem;magyar;3;42;42;megjelent;22;0;8;5;6;1;42;-;-;-;-
2020;1;Somogy;13;szakközép;férfi;nappali;magyar nyelv és irodalom;közép;rendes;Nem;magyar;3;41;41;megjelent;19;6;10;6;0;0;41;-;-;-;-
2020;1;Somogy;12;gimnázium;nő;nappali;magyar nyelv és irodalom;közép;rendes;Nem;magyar;5;88;88;megjelent;32;10;24;13;7;2;88;-;-;-;-
2020;1;Somogy;12;szakgimnázium/szakközépiskola (2016.09.01-től kifutó rendszerben);nő;nappali;magyar nyelv és irodalom;közép;rendes;Nem;magyar;3;51;51;megjelent;28;8;6;7;0;2;51;-;-;-;-
2020;1;Somogy;12;gimnázium;nő;nappali;magyar nyelv és irodalom;közép;rendes;Nem;magyar;4;73;73;megjelent;32;8;14;10;7;2;73;-;-;-;-
2020;1;Somogy;12;gimnázium;férfi;nappali;magyar nyelv és irodalom;közép;rendes;Nem;magyar;5;80;80;megjelent;34;9;18;10;8;1;80;-;-;-;-
2020;1;Somogy;12;szakgimnázium/szakközépiskola (2016.09.01-től kifutó rendszerben);férfi;nappali;magyar nyelv és irodalom;közép;rendes;Nem;magyar;2;28;28;megjelent;17;0;6;4;0;1;28;-;-;-;-
2020;1;Somogy;12;szakgimnázium/szakközépiskola (2016.09.01-től kifutó rendszerben);férfi;nappali;magyar nyelv és irodalom;közép;rendes;Igen;magyar;2;34;32;megjelent;21;6;2;3;0;0;32;-;-;-;-
2020;1;Somogy;12;szakgimnázium/szakközépiskola (2016.09.01-től kifutó rendszerben);nő;nappali;magyar nyelv és irodalom;közép;rendes;Nem;magyar;3;41;41;megjelent;24;5;4;6;0;2;41;-;-;-;-
2020;1;Somogy;12;szakgimnázium/szakközépiskola (2016.09.01-től kifutó rendszerben);nő;nappali;magyar nyelv és irodalom;közép;rendes;Nem;magyar;4;62;62;megjelent;31;9;10;10;0;2;62;-;-;-;-
2020;1;Somogy;12;szakgimnázium/szakközépiskola (2016.09.01-től kifutó rendszerben);nő;nappali;magyar nyelv és irodalom;közép;rendes;Nem;magyar;4;63;63;megjelent;31;9;12;9;0;2;63;-;-;-;-
2020;1;Somogy;12;szakgimnázium/szakközépiskola (2016.09.01-től kifutó rendszerben);férfi;nappali;magyar nyelv és irodalom;közép;rendes;Nem;magyar;3;44;44;megjelent;27;6;5;5;0;1;44;-;-;-;-
2020;1;Somogy;12;szakgimnázium/szakközépiskola (2016.09.01-től kifutó rendszerben);férfi;nappali;magyar nyelv és irodalom;közép;rendes;Nem;magyar;4;70;70;megjelent;31;9;18;10;0;2;70;-;-;-;-
2020;1;Somogy;12;szakgimnázium/szakközépiskola (2016.09.01-től kifutó rendszerben);nő;nappali;magyar nyelv és irodalom;közép;rendes;Nem;magyar;5;80;80;megjelent;31;10;23;14;0;2;80;-;-;-;-
2020;1;Somogy;12;gimnázium;nő;nappali;magyar nyelv és irodalom;közép;rendes;Nem;magyar;4;67;67;megjelent;32;6;17;7;3;2;67;-;-;-;-
2020;1;Somogy;12;szakgimnázium/szakközépiskola (2016.09.01-től kifutó rendszerben);férfi;nappali;magyar nyelv és irodalom;közép;rendes;Nem;magyar;3;52;52;megjelent;29;8;10;5;0;0;52;-;-;-;-
2020;1;Somogy;12;szakgimnázium/szakközépiskola (2016.09.01-től kifutó rendszerben);nő;nappali;magyar nyelv és irodalom;közép;rendes;Nem;magyar;4;77;77;megjelent;28;10;17;13;7;2;77;-;-;-;-
2020;1;Somogy;12;gimnázium;férfi;nappali;magyar nyelv és irodalom;közép;rendes;Nem;magyar;4;62;62;megjelent;32;6;8;8;6;2;62;-;-;-;-
2020;1;Somogy;12;szakgimnázium/szakközépiskola (2016.09.01-től kifutó rendszerben);nő;nappali;magyar nyelv és irodalom;közép;rendes;Nem;magyar;5;80;80;megjelent;35;10;14;12;7;2;80;-;-;-;-
2020;1;Somogy;12;gimnázium;férfi;nappali;magyar nyelv és irodalom;közép;rendes;Nem;magyar;4;61;61;megjelent;30;9;13;8;0;1;61;-;-;-;-
2020;1;Somogy;12;gimnázium;nő;nappali;magyar nyelv és irodalom;közép;rendes;Nem;magyar;5;93;93;megjelent;35;9;24;15;8;2;93;-;-;-;-
2020;1;Somogy;12;gimnázium;nő;nappali;magyar nyelv és irodalom;közép;rendes;Nem;magyar;4;75;75;megjelent;27;10;19;11;6;2;75;-;-;-;-
2020;1;Somogy;12;gimnázium;nő;nappali;magyar nyelv és irodalom;közép;rendes;Nem;magyar;5;90;90;megjelent;33;10;24;13;8;2;90;-;-;-;-
2020;1;Somogy;12;gimnázium;férfi;nappali;magyar nyelv és irodalom;közép;rendes;Nem;magyar;5;83;83;megjelent;31;10;17;15;8;2;83;-;-;-;-
2020;1;Somogy;12;gimnázium;férfi;nappali;magyar nyelv és irodalom;közép;rendes;Nem;magyar;4;75;75;megjelent;35;8;17;12;1;2;75;-;-;-;-
2020;1;Somogy;12;szakgimnázium/szakközépiskola (2016.09.01-től kifutó rendszerben);férfi;nappali;magyar nyelv és irodalom;közép;rendes;Nem;magyar;4;76;76;megjelent;35;10;18;11;0;2;76;-;-;-;-
2020;1;Somogy;12;gimnázium;férfi;nappali;magyar nyelv és irodalom;közép;rendes;Nem;magyar;4;61;61;megjelent;28;6;15;7;3;2;61;-;-;-;-
2020;1;Somogy;13;szakgimnázium/szakközépiskola (2016.09.01-től kifutó rendszerben);férfi;nappali;magyar nyelv és irodalom;közép;rendes;Igen;magyar;3;51;47;megjelent;25;5;10;7;0;0;47;-;-;-;-
2020;1;Somogy;13;szakgimnázium/szakközépiskola (2016.09.01-től kifutó rendszerben);férfi;nappali;magyar nyelv és irodalom;közép;rendes;Nem;magyar;3;48;48;megjelent;24;7;9;7;0;1;48;-;-;-;-
2020;1;Somogy;12;gimnázium;nő;nappali;magyar nyelv és irodalom;közép;rendes;Nem;magyar;5;80;80;megjelent;32;9;23;12;2;2;80;-;-;-;-
2020;1;Somogy;12;gimnázium;nő;nappali;magyar nyelv és irodalom;közép;rendes;Nem;magyar;5;91;91;megjelent;35;10;23;14;7;2;91;-;-;-;-
2020;1;Somogy;13;szakgimnázium/szakközépiskola (2016.09.01-től kifutó rendszerben);férfi;nappali;magyar nyelv és irodalom;közép;rendes;Nem;magyar;3;47;47;megjelent;27;6;8;6;0;0;47;-;-;-;-
2020;1;Somogy;13;szakgimnázium/szakközépiskola (2016.09.01-től kifutó rendszerben);férfi;nappali;magyar nyelv és irodalom;közép;rendes;Nem;magyar;3;55;55;megjelent;25;7;13;9;0;1;55;-;-;-;-
2020;1;Somogy;13;szakgimnázium/szakközépiskola (2016.09.01-től kifutó rendszerben);nő;nappali;magyar nyelv és irodalom;közép;rendes;Nem;magyar;4;62;62;megjelent;25;9;12;10;4;2;62;-;-;-;-
2020;1;Somogy;13;szakgimnázium/szakközépiskola (2016.09.01-től kifutó rendszerben);férfi;nappali;magyar nyelv és irodalom;közép;rendes;Nem;magyar;3;49;49;megjelent;22;7;8;8;4;0;49;-;-;-;-
2020;1;Somogy;12;gimnázium;nő;nappali;magyar nyelv és irodalom;közép;rendes;Nem;magyar;5;80;80;megjelent;32;8;20;13;5;2;80;-;-;-;-
2020;1;Somogy;13;szakgimnázium/szakközépiskola (2016.09.01-től kifutó rendszerben);férfi;nappali;magyar nyelv és irodalom;közép;rendes;Nem;magyar;4;67;67;megjelent;26;8;15;11;5;2;67;-;-;-;-
2020;1;Somogy;13;szakgimnázium/szakközépiskola (2016.09.01-től kifutó rendszerben);férfi;nappali;magyar nyelv és irodalom;közép;rendes;Nem;magyar;2;37;37;megjelent;22;4;6;5;0;0;37;-;-;-;-
2020;1;Somogy;13;szakgimnázium/szakközépiskola (2016.09.01-től kifutó rendszerben);férfi;nappali;magyar nyelv és irodalom;közép;rendes;Nem;magyar;4;61;61;megjelent;31;5;14;10;0;1;61;-;-;-;-
2020;1;Somogy;13;szakgimnázium/szakközépiskola (2016.09.01-től kifutó rendszerben);férfi;nappali;magyar nyelv és irodalom;közép;rendes;Igen;magyar;3;52;48;megjelent;20;7;12;8;0;1;48;-;-;-;-
2020;1;Somogy;13;szakgimnázium/szakközépiskola (2016.09.01-től kifutó rendszerben);férfi;nappali;magyar nyelv és irodalom;közép;rendes;Nem;magyar;2;33;33;megjelent;18;7;4;4;0;0;33;-;-;-;-
2020;1;Somogy;12;szakgimnázium/szakközépiskola (2016.09.01-től kifutó rendszerben);férfi;nappali;magyar nyelv és irodalom;közép;rendes;Nem;magyar;3;49;49;megjelent;23;6;7;8;3;2;49;-;-;-;-
2020;1;Somogy;12;szakgimnázium/szakközépiskola (2016.09.01-től kifutó rendszerben);nő;nappali;magyar nyelv és irodalom;közép;rendes;Nem;magyar;4;60;60;megjelent;28;8;12;10;0;2;60;-;-;-;-
2020;1;Somogy;12;szakgimnázium/szakközépiskola (2016.09.01-től kifutó rendszerben);férfi;nappali;magyar nyelv és irodalom;közép;rendes;Igen;magyar;3;57;53;megjelent;33;0;12;8;0;0;53;-;-;-;-
2020;1;Somogy;12;szakgimnázium/szakközépiskola (2016.09.01-től kifutó rendszerben);nő;nappali;magyar nyelv és irodalom;közép;rendes;Nem;magyar;2;30;30;megjelent;20;0;4;4;0;2;30;-;-;-;-
2020;1;Somogy;12;szakgimnázium/szakközépiskola (2016.09.01-től kifutó rendszerben);férfi;nappali;magyar nyelv és irodalom;közép;rendes;Nem;magyar;4;60;60;megjelent;27;7;16;9;0;1;60;-;-;-;-
2020;1;Somogy;12;szakgimnázium/szakközépiskola (2016.09.01-től kifutó rendszerben);férfi;nappali;magyar nyelv és irodalom;közép;rendes;Nem;magyar;2;38;38;megjelent;20;5;4;4;4;1;38;-;-;-;-
2020;1;Somogy;12;szakgimnázium/szakközépiskola (2016.09.01-től kifutó rendszerben);férfi;nappali;magyar nyelv és irodalom;közép;rendes;Nem;magyar;5;80;80;megjelent;32;9;21;14;2;2;80;-;-;-;-
2020;1;Somogy;13;szakközép;nő;nappali;magyar nyelv és irodalom;közép;rendes;Nem;magyar;4;60;60;megjelent;29;10;10;8;1;2;60;-;-;-;-
2020;1;Somogy;12;szakgimnázium/szakközépiskola (2016.09.01-től kifutó rendszerben);férfi;nappali;magyar nyelv és irodalom;közép;rendes;Nem;magyar;3;59;59;megjelent;26;8;14;9;0;2;59;-;-;-;-
2020;1;Somogy;12;szakgimnázium/szakközépiskola (2016.09.01-től kifutó rendszerben);férfi;nappali;magyar nyelv és irodalom;közép;rendes;Nem;magyar;4;65;65;megjelent;33;8;14;8;0;2;65;-;-;-;-
2020;1;Somogy;12;szakgimnázium/szakközépiskola (2016.09.01-től kifutó rendszerben);férfi;nappali;magyar nyelv és irodalom;közép;rendes;Nem;magyar;3;45;45;megjelent;23;6;8;8;0;0;45;-;-;-;-
2020;1;Somogy;12;szakgimnázium/szakközépiskola (2016.09.01-től kifutó rendszerben);férfi;nappali;magyar nyelv és irodalom;közép;rendes;Nem;magyar;4;67;67;megjelent;29;10;14;10;3;1;67;-;-;-;-
2020;1;Somogy;12;szakgimnázium/szakközépiskola (2016.09.01-től kifutó rendszerben);férfi;nappali;magyar nyelv és irodalom;közép;rendes;Nem;magyar;4;60;60;megjelent;35;7;8;10;0;0;60;-;-;-;-
2020;1;Somogy;12;szakgimnázium/szakközépiskola (2016.09.01-től kifutó rendszerben);nő;nappali;magyar nyelv és irodalom;közép;rendes;Nem;magyar;4;77;77;megjelent;32;9;14;12;8;2;77;-;-;-;-
2020;1;Somogy;12;szakgimnázium/szakközépiskola (2016.09.01-től kifutó rendszerben);férfi;nappali;magyar nyelv és irodalom;közép;rendes;Nem;magyar;4;65;65;megjelent;30;9;16;10;0;0;65;-;-;-;-
2020;1;Somogy;12;gimnázium;férfi;nappali;magyar nyelv és irodalom;közép;rendes;Nem;magyar;5;84;84;megjelent;35;10;19;14;4;2;84;-;-;-;-
2020;1;Somogy;12;szakgimnázium/szakközépiskola (2016.09.01-től kifutó rendszerben);férfi;nappali;magyar nyelv és irodalom;közép;rendes;Nem;magyar;5;84;84;megjelent;34;9;20;13;6;2;84;-;-;-;-
2020;1;Somogy;12;szakgimnázium/szakközépiskola (2016.09.01-től kifutó rendszerben);férfi;nappali;magyar nyelv és irodalom;közép;rendes;Nem;magyar;3;52;52;megjelent;26;5;10;10;0;1;52;-;-;-;-
2020;1;Somogy;12;szakgimnázium/szakközépiskola (2016.09.01-től kifutó rendszerben);férfi;nappali;magyar nyelv és irodalom;közép;rendes;Nem;magyar;3;58;58;megjelent;30;8;9;9;1;1;58;-;-;-;-
2020;1;Somogy;12;szakközép;férfi;nappali;magyar nyelv és irodalom;közép;rendes;Nem;magyar;5;80;80;megjelent;34;8;19;15;2;2;80;-;-;-;-
2020;1;Somogy;12;szakgimnázium/szakközépiskola (2016.09.01-től kifutó rendszerben);férfi;nappali;magyar nyelv és irodalom;közép;rendes;Nem;magyar;3;58;58;megjelent;30;7;10;9;0;2;58;-;-;-;-
2020;1;Somogy;12;szakgimnázium/szakközépiskola (2016.09.01-től kifutó rendszerben);férfi;nappali;magyar nyelv és irodalom;közép;rendes;Nem;magyar;5;80;80;megjelent;31;7;25;15;0;2;80;-;-;-;-
2020;1;Somogy;12;szakgimnázium/szakközépiskola (2016.09.01-től kifutó rendszerben);férfi;nappali;magyar nyelv és irodalom;közép;rendes;Nem;magyar;3;52;52;megjelent;27;6;8;10;0;1;52;-;-;-;-
2020;1;Somogy;12;szakgimnázium/szakközépiskola (2016.09.01-től kifutó rendszerben);férfi;nappali;magyar nyelv és irodalom;közép;rendes;Nem;magyar;3;59;59;megjelent;29;6;14;10;0;0;59;-;-;-;-
2020;1;Somogy;12;szakgimnázium/szakközépiskola (2016.09.01-től kifutó rendszerben);férfi;nappali;magyar nyelv és irodalom;közép;rendes;Nem;magyar;4;72;72;megjelent;32;8;14;8;8;2;72;-;-;-;-
2020;1;Somogy;12;szakgimnázium/szakközépiskola (2016.09.01-től kifutó rendszerben);férfi;nappali;magyar nyelv és irodalom;közép;rendes;Nem;magyar;3;52;52;megjelent;23;9;10;8;1;1;52;-;-;-;-
2020;1;Somogy;12;szakgimnázium/szakközépiskola (2016.09.01-től kifutó rendszerben);férfi;nappali;magyar nyelv és irodalom;közép;rendes;Nem;magyar;4;62;62;megjelent;31;6;14;11;0;0;62;-;-;-;-
2020;1;Somogy;12;szakgimnázium/szakközépiskola (2016.09.01-től kifutó rendszerben);nő;nappali;magyar nyelv és irodalom;közép;rendes;Nem;magyar;4;66;66;megjelent;28;9;12;12;3;2;66;-;-;-;-
2020;1;Somogy;12;gimnázium;nő;nappali;magyar nyelv és irodalom;közép;rendes;Nem;magyar;4;65;65;megjelent;33;6;12;8;4;2;65;-;-;-;-
2020;1;Somogy;12;szakgimnázium/szakközépiskola (2016.09.01-től kifutó rendszerben);férfi;nappali;magyar nyelv és irodalom;közép;rendes;Nem;magyar;3;49;49;megjelent;20;6;10;8;5;0;49;-;-;-;-
2020;1;Somogy;12;szakgimnázium/szakközépiskola (2016.09.01-től kifutó rendszerben);nő;nappali;magyar nyelv és irodalom;közép;rendes;Nem;magyar;4;63;63;megjelent;25;5;18;12;3;0;63;-;-;-;-
2020;1;Somogy;12;szakgimnázium/szakközépiskola (2016.09.01-től kifutó rendszerben);férfi;nappali;magyar nyelv és irodalom;közép;rendes;Nem;magyar;2;30;30;megjelent;22;0;4;4;0;0;30;-;-;-;-
2020;1;Somogy;12;szakgimnázium/szakközépiskola (2016.09.01-től kifutó rendszerben);férfi;nappali;magyar nyelv és irodalom;közép;rendes;Nem;magyar;3;42;42;megjelent;23;5;4;3;7;0;42;-;-;-;-
2020;1;Somogy;12;szakgimnázium/szakközépiskola (2016.09.01-től kifutó rendszerben);férfi;nappali;magyar nyelv és irodalom;közép;rendes;Nem;magyar;3;53;53;megjelent;24;4;15;10;0;0;53;-;-;-;-
2020;1;Somogy;12;szakgimnázium/szakközépiskola (2016.09.01-től kifutó rendszerben);férfi;nappali;magyar nyelv és irodalom;közép;rendes;Nem;magyar;2;25;25;megjelent;16;3;4;2;0;0;25;-;-;-;-
2020;1;Somogy;12;szakgimnázium/szakközépiskola (2016.09.01-től kifutó rendszerben);nő;nappali;magyar nyelv és irodalom;közép;rendes;Nem;magyar;2;28;28;megjelent;21;3;2;2;0;0;28;-;-;-;-
2020;1;Somogy;12;szakgimnázium/szakközépiskola (2016.09.01-től kifutó rendszerben);nő;nappali;magyar nyelv és irodalom;közép;rendes;Nem;magyar;2;33;33;megjelent;15;8;6;3;0;1;33;-;-;-;-
2020;1;Somogy;12;szakgimnázium/szakközépiskola (2016.09.01-től kifutó rendszerben);férfi;nappali;magyar nyelv és irodalom;közép;rendes;Nem;magyar;2;28;42;megjelent;10;3;4;2;0;0;19;11;6;6;23
2020;1;Somogy;12;szakgimnázium/szakközépiskola (2016.09.01-től kifutó rendszerben);férfi;nappali;magyar nyelv és irodalom;közép;rendes;Nem;magyar;2;27;41;megjelent;16;0;3;2;0;0;21;10;5;5;20
2020;1;Somogy;12;szakgimnázium/szakközépiskola (2016.09.01-től kifutó rendszerben);nő;nappali;magyar nyelv és irodalom;közép;rendes;Nem;magyar;2;39;39;megjelent;22;8;4;3;0;2;39;-;-;-;-
2020;1;Somogy;12;szakgimnázium/szakközépiskola (2016.09.01-től kifutó rendszerben);nő;nappali;magyar nyelv és irodalom;közép;rendes;Igen;magyar;2;25;25;megjelent;20;0;3;2;0;0;25;-;-;-;-
2020;1;Somogy;12;szakgimnázium/szakközépiskola (2016.09.01-től kifutó rendszerben);férfi;nappali;magyar nyelv és irodalom;közép;rendes;Nem;magyar;2;38;57;megjelent;16;0;4;3;0;0;23;19;4;11;34
2020;1;Somogy;12;szakgimnázium/szakközépiskola (2016.09.01-től kifutó rendszerben);férfi;nappali;magyar nyelv és irodalom;közép;rendes;Nem;magyar;2;26;26;megjelent;17;3;3;3;0;0;26;-;-;-;-
2020;1;Somogy;12;szakgimnázium/szakközépiskola (2016.09.01-től kifutó rendszerben);férfi;nappali;magyar nyelv és irodalom;közép;rendes;Nem;magyar;4;64;64;megjelent;23;9;19;13;0;0;64;-;-;-;-
2020;1;Somogy;12;szakgimnázium/szakközépiskola (2016.09.01-től kifutó rendszerben);férfi;nappali;magyar nyelv és irodalom;közép;rendes;Nem;magyar;2;31;31;megjelent;22;4;3;2;0;0;31;-;-;-;-
2020;1;Somogy;12;szakgimnázium/szakközépiskola (2016.09.01-től kifutó rendszerben);férfi;nappali;magyar nyelv és irodalom;közép;rendes;Nem;magyar;4;64;64;megjelent;27;7;10;11;7;2;64;-;-;-;-
2020;1;Somogy;12;szakgimnázium/szakközépiskola (2016.09.01-től kifutó rendszerben);férfi;nappali;magyar nyelv és irodalom;közép;rendes;Nem;magyar;3;40;40;megjelent;30;3;4;3;0;0;40;-;-;-;-
2020;1;Somogy;12;szakgimnázium/szakközépiskola (2016.09.01-től kifutó rendszerben);férfi;nappali;magyar nyelv és irodalom;közép;rendes;Nem;magyar;4;62;62;megjelent;22;9;16;12;3;0;62;-;-;-;-
2020;1;Somogy;12;szakgimnázium/szakközépiskola (2016.09.01-től kifutó rendszerben);nő;nappali;magyar nyelv és irodalom;közép;rendes;Igen;magyar;2;27;27;megjelent;16;6;3;2;0;0;27;-;-;-;-
2020;1;Somogy;12;gimnázium;férfi;nappali;magyar nyelv és irodalom;közép;rendes;Igen;magyar;3;52;48;megjelent;28;9;5;4;0;2;48;-;-;-;-
2020;1;Somogy;12;gimnázium;férfi;nappali;magyar nyelv és irodalom;közép;rendes;Igen;magyar;5;80;40;megjelent;-;-;-;-;-;-;-;18;10;12;40
2020;1;Somogy;12;gimnázium;férfi;nappali;magyar nyelv és irodalom;közép;rendes;Nem;magyar;3;51;51;megjelent;18;9;14;7;1;2;51;-;-;-;-
2020;1;Somogy;12;gimnázium;férfi;nappali;magyar nyelv és irodalom;közép;rendes;Nem;magyar;3;46;46;megjelent;20;6;8;7;3;2;46;-;-;-;-
2020;1;Somogy;12;gimnázium;nő;nappali;magyar nyelv és irodalom;közép;rendes;Nem;magyar;5;86;86;megjelent;38;10;15;14;8;1;86;-;-;-;-
2020;1;Somogy;12;gimnázium;férfi;nappali;magyar nyelv és irodalom;közép;rendes;Nem;magyar;4;61;61;megjelent;32;5;14;9;0;1;61;-;-;-;-
2020;1;Somogy;12;gimnázium;férfi;nappali;magyar nyelv és irodalom;közép;rendes;Nem;magyar;5;81;81;megjelent;37;10;21;13;0;0;81;-;-;-;-
2020;1;Somogy;12;gimnázium;férfi;nappali;magyar nyelv és irodalom;közép;rendes;Nem;magyar;3;54;54;megjelent;27;5;11;10;0;1;54;-;-;-;-
2020;1;Somogy;12;gimnázium;férfi;nappali;magyar nyelv és irodalom;közép;rendes;Nem;magyar;4;66;66;megjelent;36;9;9;10;0;2;66;-;-;-;-
2020;1;Somogy;12;gimnázium;férfi;nappali;magyar nyelv és irodalom;közép;rendes;Nem;magyar;4;72;72;megjelent;36;8;10;14;2;2;72;-;-;-;-
2020;1;Somogy;12;gimnázium;férfi;nappali;magyar nyelv és irodalom;közép;rendes;Nem;magyar;3;46;46;megjelent;29;5;7;5;0;0;46;-;-;-;-
2020;1;Somogy;12;gimnázium;férfi;nappali;magyar nyelv és irodalom;közép;rendes;Nem;magyar;3;55;55;megjelent;30;6;10;7;0;2;55;-;-;-;-
2020;1;Somogy;12;gimnázium;férfi;nappali;magyar nyelv és irodalom;közép;rendes;Nem;magyar;4;70;70;megjelent;32;10;12;14;0;2;70;-;-;-;-
2020;1;Somogy;12;gimnázium;férfi;nappali;magyar nyelv és irodalom;közép;rendes;Nem;magyar;5;80;80;megjelent;32;10;22;14;0;2;80;-;-;-;-
2020;1;Somogy;12;gimnázium;nő;nappali;magyar nyelv és irodalom;közép;rendes;Nem;magyar;5;90;90;megjelent;34;10;22;14;8;2;90;-;-;-;-
2020;1;Somogy;12;gimnázium;férfi;nappali;magyar nyelv és irodalom;közép;rendes;Nem;magyar;3;50;50;megjelent;32;5;6;6;0;1;50;-;-;-;-
2020;1;Somogy;12;gimnázium;nő;nappali;magyar nyelv és irodalom;közép;rendes;Nem;magyar;4;65;65;megjelent;31;10;17;6;0;1;65;-;-;-;-
2020;1;Somogy;12;gimnázium;férfi;nappali;magyar nyelv és irodalom;közép;rendes;Nem;magyar;3;40;40;megjelent;28;5;2;2;2;1;40;-;-;-;-
2020;1;Somogy;12;gimnázium;férfi;nappali;magyar nyelv és irodalom;közép;rendes;Nem;magyar;5;82;82;megjelent;35;10;23;13;0;1;82;-;-;-;-
2020;1;Somogy;12;gimnázium;férfi;nappali;magyar nyelv és irodalom;közép;rendes;Nem;magyar;5;81;81;megjelent;34;10;21;14;0;2;81;-;-;-;-
2020;1;Somogy;12;gimnázium;férfi;nappali;magyar nyelv és irodalom;közép;rendes;Nem;magyar;3;42;42;megjelent;23;5;7;5;0;2;42;-;-;-;-
2020;1;Somogy;12;gimnázium;férfi;nappali;magyar nyelv és irodalom;közép;rendes;Nem;magyar;3;57;57;megjelent;32;8;10;6;0;1;57;-;-;-;-
2020;1;Somogy;12;gimnázium;nő;nappali;magyar nyelv és irodalom;közép;rendes;Nem;magyar;4;68;68;megjelent;27;6;20;10;4;1;68;-;-;-;-
2020;1;Somogy;12;gimnázium;férfi;nappali;magyar nyelv és irodalom;közép;rendes;Nem;magyar;5;83;83;megjelent;35;8;19;11;8;2;83;-;-;-;-
2020;1;Somogy;12;gimnázium;férfi;nappali;magyar nyelv és irodalom;közép;rendes;Nem;magyar;5;80;80;megjelent;35;7;19;10;7;2;80;-;-;-;-
2020;1;Somogy;12;gimnázium;férfi;nappali;magyar nyelv és irodalom;közép;rendes;Nem;magyar;5;99;99;megjelent;39;10;25;15;8;2;99;-;-;-;-
2020;1;Somogy;12;gimnázium;férfi;nappali;magyar nyelv és irodalom;közép;rendes;Nem;magyar;4;76;76;megjelent;31;7;19;11;7;1;76;-;-;-;-
2020;1;Somogy;12;gimnázium;nő;nappali;magyar nyelv és irodalom;közép;rendes;Nem;magyar;4;72;72;megjelent;30;9;14;11;6;2;72;-;-;-;-
2020;1;Somogy;12;gimnázium;nő;nappali;magyar nyelv és irodalom;közép;rendes;Nem;magyar;4;76;76;megjelent;35;9;19;9;2;2;76;-;-;-;-
2020;1;Somogy;12;gimnázium;nő;nappali;magyar nyelv és irodalom;közép;rendes;Nem;magyar;4;71;71;megjelent;31;9;19;10;0;2;71;-;-;-;-
2020;1;Somogy;12;gimnázium;férfi;nappali;magyar nyelv és irodalom;közép;rendes;Nem;magyar;4;76;76;megjelent;32;7;21;9;6;1;76;-;-;-;-
2020;1;Somogy;12;szakgimnázium/szakközépiskola (2016.09.01-től kifutó rendszerben);férfi;nappali;magyar nyelv és irodalom;közép;rendes;Nem;magyar;2;31;31;megjelent;20;5;4;2;0;0;31;-;-;-;-
2020;1;Somogy;12;szakgimnázium/szakközépiskola (2016.09.01-től kifutó rendszerben);nő;nappali;magyar nyelv és irodalom;közép;rendes;Igen;magyar;2;30;30;megjelent;19;4;4;3;0;0;30;-;-;-;-
2020;1;Somogy;12;gimnázium;férfi;nappali;magyar nyelv és irodalom;közép;rendes;Nem;magyar;5;82;82;megjelent;34;8;24;11;4;1;82;-;-;-;-
2020;1;Somogy;12;gimnázium;nő;nappali;magyar nyelv és irodalom;közép;rendes;Nem;magyar;5;88;88;megjelent;34;10;23;12;7;2;88;-;-;-;-
2020;1;Somogy;12;gimnázium;nő;nappali;magyar nyelv és irodalom;közép;rendes;Nem;magyar;5;85;85;megjelent;34;7;24;12;7;1;85;-;-;-;-
2020;1;Somogy;12;gimnázium;nő;nappali;magyar nyelv és irodalom;közép;rendes;Nem;magyar;4;76;76;megjelent;30;9;20;10;5;2;76;-;-;-;-
2020;1;Somogy;12;gimnázium;nő;nappali;magyar nyelv és irodalom;közép;rendes;Nem;magyar;3;51;51;megjelent;24;5;13;8;0;1;51;-;-;-;-
2020;1;Somogy;12;gimnázium;nő;nappali;magyar nyelv és irodalom;közép;rendes;Igen;magyar;2;36;33;megjelent;23;0;3;7;0;0;33;-;-;-;-
2020;1;Somogy;12;szakgimnázium/szakközépiskola (2016.09.01-től kifutó rendszerben);férfi;nappali;magyar nyelv és irodalom;közép;rendes;Nem;magyar;4;68;68;megjelent;26;10;19;13;0;0;68;-;-;-;-
2020;1;Somogy;12;gimnázium;nő;nappali;magyar nyelv és irodalom;közép;rendes;Igen;magyar;2;30;28;megjelent;15;4;4;5;0;0;28;-;-;-;-
2020;1;Somogy;12;szakgimnázium/szakközépiskola (2016.09.01-től kifutó rendszerben);férfi;nappali;magyar nyelv és irodalom;közép;rendes;Nem;magyar;5;81;81;megjelent;33;9;20;14;5;0;81;-;-;-;-
2020;1;Somogy;12;gimnázium;nő;nappali;magyar nyelv és irodalom;közép;rendes;Nem;magyar;5;81;81;megjelent;32;9;19;13;8;0;81;-;-;-;-
2020;1;Somogy;12;szakgimnázium/szakközépiskola (2016.09.01-től kifutó rendszerben);férfi;nappali;magyar nyelv és irodalom;közép;rendes;Nem;magyar;2;36;36;megjelent;21;6;4;5;0;0;36;-;-;-;-
2020;1;Somogy;12;szakgimnázium/szakközépiskola (2016.09.01-től kifutó rendszerben);nő;nappali;magyar nyelv és irodalom;közép;rendes;Nem;magyar;3;49;49;megjelent;25;7;9;8;0;0;49;-;-;-;-
2020;1;Somogy;12;gimnázium;férfi;nappali;magyar nyelv és irodalom;közép;rendes;Nem;magyar;3;49;49;megjelent;24;6;10;9;0;0;49;-;-;-;-
2020;1;Somogy;12;gimnázium;férfi;nappali;magyar nyelv és irodalom;közép;rendes;Nem;magyar;4;65;65;megjelent;29;8;19;8;0;1;65;-;-;-;-
2020;1;Somogy;13;szakközép;férfi;nappali;magyar nyelv és irodalom;közép;rendes;Nem;magyar;3;46;46;megjelent;17;3;16;8;0;2;46;-;-;-;-
2020;1;Somogy;12;gimnázium;férfi;nappali;magyar nyelv és irodalom;közép;rendes;Nem;magyar;3;59;59;megjelent;31;7;12;8;0;1;59;-;-;-;-
2020;1;Somogy;12;gimnázium;férfi;nappali;magyar nyelv és irodalom;közép;rendes;Nem;magyar;4;74;74;megjelent;30;8;16;11;8;1;74;-;-;-;-
2020;1;Somogy;12;szakgimnázium/szakközépiskola (2016.09.01-től kifutó rendszerben);nő;nappali;magyar nyelv és irodalom;közép;rendes;Nem;magyar;3;53;53;megjelent;26;4;12;9;0;2;53;-;-;-;-
2020;1;Somogy;12;szakgimnázium/szakközépiskola (2016.09.01-től kifutó rendszerben);férfi;nappali;magyar nyelv és irodalom;közép;rendes;Nem;magyar;5;80;80;megjelent;36;10;14;10;8;2;80;-;-;-;-
2020;1;Somogy;12;szakgimnázium/szakközépiskola (2016.09.01-től kifutó rendszerben);nő;nappali;magyar nyelv és irodalom;közép;rendes;Nem;magyar;4;61;61;megjelent;32;8;8;8;3;2;61;-;-;-;-
2020;1;Somogy;12;szakgimnázium/szakközépiskola (2016.09.01-től kifutó rendszerben);nő;nappali;magyar nyelv és irodalom;közép;rendes;Nem;magyar;4;60;60;megjelent;27;8;7;9;7;2;60;-;-;-;-
2020;1;Somogy;12;szakgimnázium/szakközépiskola (2016.09.01-től kifutó rendszerben);férfi;nappali;magyar nyelv és irodalom;közép;rendes;Nem;magyar;3;56;56;megjelent;28;7;10;9;0;2;56;-;-;-;-
2020;1;Somogy;12;szakgimnázium/szakközépiskola (2016.09.01-től kifutó rendszerben);nő;nappali;magyar nyelv és irodalom;közép;rendes;Nem;magyar;4;65;65;megjelent;28;7;10;10;8;2;65;-;-;-;-
2020;1;Somogy;12;szakgimnázium/szakközépiskola (2016.09.01-től kifutó rendszerben);nő;nappali;magyar nyelv és irodalom;közép;rendes;Nem;magyar;3;44;44;megjelent;25;5;3;6;3;2;44;-;-;-;-
2020;1;Somogy;12;szakgimnázium/szakközépiskola (2016.09.01-től kifutó rendszerben);nő;nappali;magyar nyelv és irodalom;közép;rendes;Nem;magyar;4;73;73;megjelent;30;9;14;10;8;2;73;-;-;-;-
2020;1;Somogy;12;szakgimnázium/szakközépiskola (2016.09.01-től kifutó rendszerben);nő;nappali;magyar nyelv és irodalom;közép;rendes;Nem;magyar;5;80;80;megjelent;34;9;15;12;8;2;80;-;-;-;-
2020;1;Somogy;12;szakgimnázium/szakközépiskola (2016.09.01-től kifutó rendszerben);nő;nappali;magyar nyelv és irodalom;közép;rendes;Nem;magyar;4;70;70;megjelent;30;9;11;12;6;2;70;-;-;-;-
2020;1;Somogy;12;szakgimnázium/szakközépiskola (2016.09.01-től kifutó rendszerben);férfi;nappali;magyar nyelv és irodalom;közép;rendes;Nem;magyar;3;41;41;megjelent;30;3;3;4;0;1;41;-;-;-;-
2020;1;Somogy;12;szakgimnázium/szakközépiskola (2016.09.01-től kifutó rendszerben);nő;nappali;magyar nyelv és irodalom;közép;rendes;Nem;magyar;4;63;63;megjelent;27;6;10;11;7;2;63;-;-;-;-
2020;1;Somogy;12;szakgimnázium/szakközépiskola (2016.09.01-től kifutó rendszerben);nő;nappali;magyar nyelv és irodalom;közép;rendes;Nem;magyar;3;51;51;megjelent;29;7;5;7;1;2;51;-;-;-;-
2020;1;Somogy;12;szakgimnázium/szakközépiskola (2016.09.01-től kifutó rendszerben);nő;nappali;magyar nyelv és irodalom;közép;rendes;Nem;magyar;2;35;35;megjelent;21;3;3;5;1;2;35;-;-;-;-
2020;1;Somogy;12;szakgimnázium/szakközépiskola (2016.09.01-től kifutó rendszerben);nő;nappali;magyar nyelv és irodalom;közép;rendes;Nem;magyar;3;40;40;megjelent;25;0;6;6;1;2;40;-;-;-;-
2020;1;Somogy;12;szakgimnázium/szakközépiskola (2016.09.01-től kifutó rendszerben);férfi;nappali;magyar nyelv és irodalom;közép;rendes;Nem;magyar;3;47;47;megjelent;25;6;4;6;6;0;47;-;-;-;-
2020;1;Somogy;12;szakgimnázium/szakközépiskola (2016.09.01-től kifutó rendszerben);nő;nappali;magyar nyelv és irodalom;közép;rendes;Nem;magyar;4;63;63;megjelent;29;5;12;10;5;2;63;-;-;-;-
2020;1;Somogy;12;szakgimnázium/szakközépiskola (2016.09.01-től kifutó rendszerben);nő;nappali;magyar nyelv és irodalom;közép;rendes;Nem;magyar;3;55;55;megjelent;30;6;5;6;6;2;55;-;-;-;-
2020;1;Somogy;12;szakgimnázium/szakközépiskola (2016.09.01-től kifutó rendszerben);férfi;nappali;magyar nyelv és irodalom;közép;rendes;Nem;magyar;2;34;34;megjelent;20;6;2;3;3;0;34;-;-;-;-
2020;1;Somogy;12;szakgimnázium/szakközépiskola (2016.09.01-től kifutó rendszerben);nő;nappali;magyar nyelv és irodalom;közép;rendes;Nem;magyar;3;41;41;megjelent;20;7;6;6;0;2;41;-;-;-;-
2020;1;Somogy;12;szakgimnázium/szakközépiskola (2016.09.01-től kifutó rendszerben);nő;nappali;magyar nyelv és irodalom;közép;előrehozott;Nem;magyar;3;50;50;megjelent;27;5;2;6;8;2;50;-;-;-;-
2020;1;Somogy;12;szakgimnázium/szakközépiskola (2016.09.01-től kifutó rendszerben);férfi;nappali;magyar nyelv és irodalom;közép;rendes;Nem;magyar;2;38;38;megjelent;29;4;2;3;0;0;38;-;-;-;-
2020;1;Somogy;12;szakgimnázium/szakközépiskola (2016.09.01-től kifutó rendszerben);nő;nappali;magyar nyelv és irodalom;közép;rendes;Nem;magyar;4;64;64;megjelent;30;6;10;8;8;2;64;-;-;-;-
2020;1;Somogy;12;szakgimnázium/szakközépiskola (2016.09.01-től kifutó rendszerben);nő;nappali;magyar nyelv és irodalom;közép;rendes;Nem;magyar;2;36;36;megjelent;16;4;3;6;5;2;36;-;-;-;-
2020;1;Somogy;12;szakgimnázium/szakközépiskola (2016.09.01-től kifutó rendszerben);nő;nappali;magyar nyelv és irodalom;közép;rendes;Nem;magyar;3;40;40;megjelent;18;6;3;6;5;2;40;-;-;-;-
2020;1;Somogy;12;szakgimnázium/szakközépiskola (2016.09.01-től kifutó rendszerben);nő;nappali;magyar nyelv és irodalom;közép;rendes;Nem;magyar;4;62;62;megjelent;31;7;6;8;8;2;62;-;-;-;-
2020;1;Somogy;13;szakközép;nő;nappali;magyar nyelv és irodalom;közép;rendes;Nem;magyar;3;54;54;megjelent;28;0;11;8;6;1;54;-;-;-;-
2020;1;Somogy;13;szakközép;nő;nappali;magyar nyelv és irodalom;közép;rendes;Nem;magyar;3;49;49;megjelent;30;0;3;6;8;2;49;-;-;-;-
2020;1;Somogy;13;szakközép;nő;nappali;magyar nyelv és irodalom;közép;rendes;Nem;magyar;2;35;35;megjelent;18;0;2;5;8;2;35;-;-;-;-
2020;1;Somogy;13;szakközép;nő;nappali;magyar nyelv és irodalom;közép;rendes;Nem;magyar;3;47;47;megjelent;22;5;5;7;6;2;47;-;-;-;-
2020;1;Somogy;13;szakközép;nő;nappali;magyar nyelv és irodalom;közép;rendes;Igen;magyar;3;45;42;megjelent;27;5;4;5;0;1;42;-;-;-;-
2020;1;Somogy;13;szakközép;nő;nappali;magyar nyelv és irodalom;közép;előrehozott;Nem;magyar;2;38;38;megjelent;25;0;3;5;3;2;38;-;-;-;-
2020;1;Somogy;13;szakközép;férfi;nappali;magyar nyelv és irodalom;közép;rendes;Nem;magyar;3;48;48;megjelent;27;0;7;8;5;1;48;-;-;-;-
2020;1;Somogy;13;szakközép;nő;nappali;magyar nyelv és irodalom;közép;rendes;Nem;magyar;4;63;63;megjelent;30;7;9;9;6;2;63;-;-;-;-
2020;1;Somogy;13;szakközép;nő;nappali;magyar nyelv és irodalom;közép;rendes;Nem;magyar;4;64;64;megjelent;30;7;10;9;6;2;64;-;-;-;-
2020;1;Somogy;13;szakközép;férfi;nappali;magyar nyelv és irodalom;közép;rendes;Nem;magyar;2;34;34;megjelent;24;3;3;4;0;0;34;-;-;-;-
2020;1;Somogy;13;szakközép;nő;nappali;magyar nyelv és irodalom;közép;rendes;Nem;magyar;2;29;29;megjelent;17;0;2;5;3;2;29;-;-;-;-
2020;1;Somogy;13;szakközép;férfi;nappali;magyar nyelv és irodalom;közép;rendes;Nem;magyar;2;31;31;megjelent;24;0;2;5;0;0;31;-;-;-;-
2020;1;Somogy;13;szakközép;férfi;nappali;magyar nyelv és irodalom;közép;rendes;Nem;magyar;3;42;42;megjelent;30;0;5;7;0;0;42;-;-;-;-
2020;1;Somogy;13;szakközép;nő;nappali;magyar nyelv és irodalom;közép;rendes;Nem;magyar;2;29;29;megjelent;17;0;2;4;4;2;29;-;-;-;-
2020;1;Somogy;13;szakközép;férfi;nappali;magyar nyelv és irodalom;közép;rendes;Nem;magyar;2;32;32;megjelent;23;0;3;4;0;2;32;-;-;-;-
2020;1;Somogy;13;szakközép;nő;nappali;magyar nyelv és irodalom;közép;rendes;Nem;magyar;2;30;30;megjelent;22;0;3;4;0;1;30;-;-;-;-
2020;1;Somogy;13;szakközép;nő;nappali;magyar nyelv és irodalom;közép;rendes;Nem;magyar;3;57;57;megjelent;24;8;8;7;8;2;57;-;-;-;-
2020;1;Somogy;13;szakközép;férfi;nappali;magyar nyelv és irodalom;közép;rendes;Nem;magyar;3;53;53;megjelent;27;4;5;7;8;2;53;-;-;-;-
2020;1;Somogy;13;szakközép;nő;nappali;magyar nyelv és irodalom;közép;rendes;Nem;magyar;3;57;57;megjelent;29;7;6;6;8;1;57;-;-;-;-
2020;1;Somogy;12;szakgimnázium/szakközépiskola (2016.09.01-től kifutó rendszerben);nő;nappali;magyar nyelv és irodalom;közép;rendes;Nem;magyar;4;72;72;megjelent;29;7;15;11;8;2;72;-;-;-;-
2020;1;Somogy;12;szakgimnázium/szakközépiskola (2016.09.01-től kifutó rendszerben);nő;nappali;magyar nyelv és irodalom;közép;rendes;Nem;magyar;2;26;39;megjelent;12;0;3;3;0;1;19;7;6;7;20
2020;1;Somogy;12;szakgimnázium/szakközépiskola (2016.09.01-től kifutó rendszerben);nő;nappali;magyar nyelv és irodalom;közép;rendes;Nem;magyar;2;36;36;megjelent;26;0;3;5;0;2;36;-;-;-;-
2020;1;Somogy;12;szakgimnázium/szakközépiskola (2016.09.01-től kifutó rendszerben);nő;nappali;magyar nyelv és irodalom;közép;rendes;Nem;magyar;3;55;55;megjelent;29;4;11;9;0;2;55;-;-;-;-
2020;1;Somogy;12;szakgimnázium/szakközépiskola (2016.09.01-től kifutó rendszerben);nő;nappali;magyar nyelv és irodalom;közép;rendes;Nem;magyar;3;48;48;megjelent;21;8;10;8;0;1;48;-;-;-;-
2020;1;Somogy;12;szakgimnázium/szakközépiskola (2016.09.01-től kifutó rendszerben);férfi;nappali;magyar nyelv és irodalom;közép;rendes;Igen;magyar;2;27;25;megjelent;16;0;4;4;0;1;25;-;-;-;-
2020;1;Somogy;12;szakgimnázium/szakközépiskola (2016.09.01-től kifutó rendszerben);nő;nappali;magyar nyelv és irodalom;közép;rendes;Nem;magyar;3;48;48;megjelent;25;3;8;6;4;2;48;-;-;-;-
2020;1;Somogy;12;szakgimnázium/szakközépiskola (2016.09.01-től kifutó rendszerben);nő;nappali;magyar nyelv és irodalom;közép;rendes;Nem;magyar;2;31;31;megjelent;20;5;2;3;0;1;31;-;-;-;-
2020;1;Somogy;12;szakgimnázium/szakközépiskola (2016.09.01-től kifutó rendszerben);férfi;nappali;magyar nyelv és irodalom;közép;rendes;Nem;magyar;3;54;54;megjelent;30;0;14;8;0;2;54;-;-;-;-
2020;1;Somogy;12;szakgimnázium/szakközépiskola (2016.09.01-től kifutó rendszerben);nő;nappali;magyar nyelv és irodalom;közép;rendes;Nem;magyar;3;58;58;megjelent;22;7;17;10;0;2;58;-;-;-;-
2020;1;Somogy;12;szakgimnázium/szakközépiskola (2016.09.01-től kifutó rendszerben);nő;nappali;magyar nyelv és irodalom;közép;rendes;Nem;magyar;3;45;45;megjelent;22;6;8;7;0;2;45;-;-;-;-
2020;1;Somogy;12;szakgimnázium/szakközépiskola (2016.09.01-től kifutó rendszerben);nő;nappali;magyar nyelv és irodalom;közép;rendes;Nem;magyar;4;60;60;megjelent;27;9;13;9;0;2;60;-;-;-;-
2020;1;Somogy;12;szakgimnázium/szakközépiskola (2016.09.01-től kifutó rendszerben);nő;nappali;magyar nyelv és irodalom;közép;rendes;Nem;magyar;3;56;56;megjelent;29;5;10;8;2;2;56;-;-;-;-
2020;1;Szabolcs-Szatmár-Bereg;12;szakgimnázium/szakközépiskola (2016.09.01-től kifutó rendszerben);férfi;nappali;magyar nyelv és irodalom;közép;rendes;Nem;magyar;3;46;46;megjelent;28;3;7;7;0;1;46;-;-;-;-
2020;1;Szabolcs-Szatmár-Bereg;12;szakgimnázium/szakközépiskola (2016.09.01-től kifutó rendszerben);nő;nappali;magyar nyelv és irodalom;közép;rendes;Nem;magyar;3;56;56;megjelent;29;6;12;8;0;1;56;-;-;-;-
2020;1;Szabolcs-Szatmár-Bereg;12;szakgimnázium/szakközépiskola (2016.09.01-től kifutó rendszerben);férfi;nappali;magyar nyelv és irodalom;közép;rendes;Nem;magyar;3;54;54;megjelent;31;4;13;6;0;0;54;-;-;-;-
2020;1;Szabolcs-Szatmár-Bereg;12;szakgimnázium/szakközépiskola (2016.09.01-től kifutó rendszerben);férfi;nappali;magyar nyelv és irodalom;közép;rendes;Nem;magyar;2;28;28;megjelent;25;1;1;1;0;0;28;-;-;-;-
2020;1;Szabolcs-Szatmár-Bereg;12;szakgimnázium/szakközépiskola (2016.09.01-től kifutó rendszerben);férfi;nappali;magyar nyelv és irodalom;közép;rendes;Nem;magyar;2;35;35;megjelent;18;9;3;4;0;1;35;-;-;-;-
2020;1;Szabolcs-Szatmár-Bereg;12;szakgimnázium/szakközépiskola (2016.09.01-től kifutó rendszerben);férfi;nappali;magyar nyelv és irodalom;közép;rendes;Nem;magyar;2;27;27;megjelent;25;0;1;1;0;0;27;-;-;-;-
2020;1;Szabolcs-Szatmár-Bereg;12;szakgimnázium/szakközépiskola (2016.09.01-től kifutó rendszerben);férfi;nappali;magyar nyelv és irodalom;közép;rendes;Nem;magyar;4;60;60;megjelent;28;8;9;11;2;2;60;-;-;-;-
2020;1;Szabolcs-Szatmár-Bereg;12;szakgimnázium/szakközépiskola (2016.09.01-től kifutó rendszerben);férfi;nappali;magyar nyelv és irodalom;közép;rendes;Nem;magyar;3;43;43;megjelent;28;4;4;7;0;0;43;-;-;-;-
2020;1;Szabolcs-Szatmár-Bereg;12;szakgimnázium/szakközépiskola (2016.09.01-től kifutó rendszerben);férfi;nappali;magyar nyelv és irodalom;közép;rendes;Nem;magyar;3;40;40;megjelent;23;6;5;6;0;0;40;-;-;-;-
2020;1;Szabolcs-Szatmár-Bereg;12;szakgimnázium/szakközépiskola (2016.09.01-től kifutó rendszerben);férfi;nappali;magyar nyelv és irodalom;közép;rendes;Nem;magyar;4;61;61;megjelent;28;9;13;10;0;1;61;-;-;-;-
2020;1;Szabolcs-Szatmár-Bereg;12;szakgimnázium/szakközépiskola (2016.09.01-től kifutó rendszerben);férfi;nappali;magyar nyelv és irodalom;közép;rendes;Nem;magyar;2;30;30;megjelent;20;3;4;3;0;0;30;-;-;-;-
2020;1;Szabolcs-Szatmár-Bereg;12;szakgimnázium/szakközépiskola (2016.09.01-től kifutó rendszerben);férfi;nappali;magyar nyelv és irodalom;közép;rendes;Nem;magyar;3;43;43;megjelent;31;4;4;4;0;0;43;-;-;-;-
2020;1;Szabolcs-Szatmár-Bereg;12;szakgimnázium/szakközépiskola (2016.09.01-től kifutó rendszerben);nő;nappali;magyar nyelv és irodalom;közép;rendes;Nem;magyar;2;25;38;megjelent;8;0;4;5;0;1;18;7;3;10;20
2020;1;Szabolcs-Szatmár-Bereg;12;szakgimnázium/szakközépiskola (2016.09.01-től kifutó rendszerben);nő;nappali;magyar nyelv és irodalom;közép;rendes;Nem;magyar;4;72;72;megjelent;32;8;20;11;0;1;72;-;-;-;-
2020;1;Szabolcs-Szatmár-Bereg;12;szakgimnázium/szakközépiskola (2016.09.01-től kifutó rendszerben);férfi;nappali;magyar nyelv és irodalom;közép;rendes;Nem;magyar;2;26;26;megjelent;26;0;0;0;0;0;26;-;-;-;-
2020;1;Szabolcs-Szatmár-Bereg;12;szakgimnázium/szakközépiskola (2016.09.01-től kifutó rendszerben);nő;nappali;magyar nyelv és irodalom;közép;rendes;Nem;magyar;3;43;43;megjelent;23;7;6;6;0;1;43;-;-;-;-
2020;1;Szabolcs-Szatmár-Bereg;12;szakgimnázium/szakközépiskola (2016.09.01-től kifutó rendszerben);férfi;nappali;magyar nyelv és irodalom;közép;rendes;Nem;magyar;3;50;50;megjelent;25;4;12;9;0;0;50;-;-;-;-
2020;1;Szabolcs-Szatmár-Bereg;12;szakgimnázium/szakközépiskola (2016.09.01-től kifutó rendszerben);férfi;nappali;magyar nyelv és irodalom;közép;rendes;Nem;magyar;3;48;48;megjelent;29;4;8;7;0;0;48;-;-;-;-
2020;1;Szabolcs-Szatmár-Bereg;12;szakgimnázium/szakközépiskola (2016.09.01-től kifutó rendszerben);férfi;nappali;magyar nyelv és irodalom;közép;rendes;Igen;magyar;3;48;24;megjelent;-;-;-;-;-;-;-;9;5;10;24
2020;1;Szabolcs-Szatmár-Bereg;12;szakgimnázium/szakközépiskola (2016.09.01-től kifutó rendszerben);férfi;nappali;magyar nyelv és irodalom;közép;rendes;Nem;magyar;3;57;57;megjelent;29;7;13;8;0;0;57;-;-;-;-
2020;1;Szabolcs-Szatmár-Bereg;12;szakgimnázium/szakközépiskola (2016.09.01-től kifutó rendszerben);férfi;nappali;magyar nyelv és irodalom;közép;rendes;Nem;magyar;2;26;26;megjelent;26;0;0;0;0;0;26;-;-;-;-
2020;1;Szabolcs-Szatmár-Bereg;12;szakgimnázium/szakközépiskola (2016.09.01-től kifutó rendszerben);férfi;nappali;magyar nyelv és irodalom;közép;rendes;Nem;magyar;4;61;61;megjelent;34;5;11;9;0;2;61;-;-;-;-
2020;1;Szabolcs-Szatmár-Bereg;12;szakgimnázium/szakközépiskola (2016.09.01-től kifutó rendszerben);nő;nappali;magyar nyelv és irodalom;közép;rendes;Nem;magyar;3;44;44;megjelent;21;6;10;6;0;1;44;-;-;-;-
2020;1;Szabolcs-Szatmár-Bereg;12;szakgimnázium/szakközépiskola (2016.09.01-től kifutó rendszerben);férfi;nappali;magyar nyelv és irodalom;közép;rendes;Nem;magyar;2;28;28;megjelent;23;3;1;1;0;0;28;-;-;-;-
2020;1;Szabolcs-Szatmár-Bereg;12;szakgimnázium/szakközépiskola (2016.09.01-től kifutó rendszerben);férfi;nappali;magyar nyelv és irodalom;közép;rendes;Nem;magyar;3;52;52;megjelent;31;7;6;4;2;2;52;-;-;-;-
2020;1;Szabolcs-Szatmár-Bereg;12;gimnázium;nő;nappali;magyar nyelv és irodalom;közép;rendes;Nem;magyar;3;51;51;megjelent;32;7;7;5;0;0;51;-;-;-;-
2020;1;Szabolcs-Szatmár-Bereg;12;szakgimnázium/szakközépiskola (2016.09.01-től kifutó rendszerben);férfi;nappali;magyar nyelv és irodalom;közép;rendes;Nem;magyar;3;41;41;megjelent;25;6;5;4;0;1;41;-;-;-;-
2020;1;Szabolcs-Szatmár-Bereg;12;szakgimnázium/szakközépiskola (2016.09.01-től kifutó rendszerben);férfi;nappali;magyar nyelv és irodalom;közép;rendes;Nem;magyar;3;53;53;megjelent;29;7;5;5;6;1;53;-;-;-;-
2020;1;Szabolcs-Szatmár-Bereg;12;gimnázium;nő;nappali;magyar nyelv és irodalom;közép;rendes;Nem;magyar;5;81;81;megjelent;32;9;19;15;4;2;81;-;-;-;-
2020;1;Szabolcs-Szatmár-Bereg;12;szakgimnázium/szakközépiskola (2016.09.01-től kifutó rendszerben);nő;nappali;magyar nyelv és irodalom;közép;rendes;Nem;magyar;3;41;41;megjelent;26;0;2;3;8;2;41;-;-;-;-
2020;1;Szabolcs-Szatmár-Bereg;12;szakgimnázium/szakközépiskola (2016.09.01-től kifutó rendszerben);férfi;nappali;magyar nyelv és irodalom;közép;rendes;Nem;magyar;4;71;71;megjelent;32;7;13;10;7;2;71;-;-;-;-
2020;1;Szabolcs-Szatmár-Bereg;12;gimnázium;férfi;nappali;magyar nyelv és irodalom;közép;rendes;Nem;magyar;4;67;67;megjelent;33;9;15;10;0;0;67;-;-;-;-
2020;1;Szabolcs-Szatmár-Bereg;12;szakgimnázium/szakközépiskola (2016.09.01-től kifutó rendszerben);férfi;nappali;magyar nyelv és irodalom;közép;rendes;Nem;magyar;4;74;74;megjelent;37;9;10;9;8;1;74;-;-;-;-
2020;1;Szabolcs-Szatmár-Bereg;12;gimnázium;férfi;nappali;magyar nyelv és irodalom;közép;rendes;Nem;magyar;4;62;62;megjelent;29;8;15;10;0;0;62;-;-;-;-
2020;1;Szabolcs-Szatmár-Bereg;12;szakgimnázium/szakközépiskola (2016.09.01-től kifutó rendszerben);férfi;nappali;magyar nyelv és irodalom;közép;rendes;Nem;magyar;3;44;44;megjelent;24;8;1;2;7;2;44;-;-;-;-
2020;1;Szabolcs-Szatmár-Bereg;12;gimnázium;nő;nappali;magyar nyelv és irodalom;közép;rendes;Nem;magyar;4;68;68;megjelent;31;9;15;9;2;2;68;-;-;-;-
2020;1;Szabolcs-Szatmár-Bereg;12;szakgimnázium/szakközépiskola (2016.09.01-től kifutó rendszerben);nő;nappali;magyar nyelv és irodalom;közép;rendes;Nem;magyar;2;36;36;megjelent;23;0;1;2;8;2;36;-;-;-;-
2020;1;Szabolcs-Szatmár-Bereg;12;szakgimnázium/szakközépiskola (2016.09.01-től kifutó rendszerben);férfi;nappali;magyar nyelv és irodalom;közép;rendes;Nem;magyar;4;67;67;megjelent;36;8;9;6;7;1;67;-;-;-;-
2020;1;Szabolcs-Szatmár-Bereg;12;gimnázium;nő;nappali;magyar nyelv és irodalom;közép;rendes;Nem;magyar;4;63;63;megjelent;32;8;12;9;0;2;63;-;-;-;-
2020;1;Szabolcs-Szatmár-Bereg;12;szakgimnázium/szakközépiskola (2016.09.01-től kifutó rendszerben);férfi;nappali;magyar nyelv és irodalom;közép;rendes;Nem;magyar;3;43;43;megjelent;33;5;1;2;0;2;43;-;-;-;-
2020;1;Szabolcs-Szatmár-Bereg;12;szakgimnázium/szakközépiskola (2016.09.01-től kifutó rendszerben);férfi;nappali;magyar nyelv és irodalom;közép;rendes;Nem;magyar;3;48;48;megjelent;33;3;4;4;3;1;48;-;-;-;-
2020;1;Szabolcs-Szatmár-Bereg;12;gimnázium;férfi;nappali;magyar nyelv és irodalom;közép;rendes;Nem;magyar;3;54;54;megjelent;28;8;10;8;0;0;54;-;-;-;-
2020;1;Szabolcs-Szatmár-Bereg;12;szakgimnázium/szakközépiskola (2016.09.01-től kifutó rendszerben);férfi;nappali;magyar nyelv és irodalom;közép;rendes;Nem;magyar;3;51;51;megjelent;24;6;7;6;7;1;51;-;-;-;-
2020;1;Szabolcs-Szatmár-Bereg;12;szakgimnázium/szakközépiskola (2016.09.01-től kifutó rendszerben);férfi;nappali;magyar nyelv és irodalom;közép;rendes;Nem;magyar;3;47;47;megjelent;30;4;2;3;7;1;47;-;-;-;-
2020;1;Szabolcs-Szatmár-Bereg;12;szakgimnázium/szakközépiskola (2016.09.01-től kifutó rendszerben);nő;nappali;magyar nyelv és irodalom;közép;rendes;Nem;magyar;4;61;61;megjelent;30;6;9;8;7;1;61;-;-;-;-
2020;1;Szabolcs-Szatmár-Bereg;12;szakgimnázium/szakközépiskola (2016.09.01-től kifutó rendszerben);férfi;nappali;magyar nyelv és irodalom;közép;rendes;Nem;magyar;3;55;55;megjelent;32;5;4;4;8;2;55;-;-;-;-
2020;1;Szabolcs-Szatmár-Bereg;12;gimnázium;nő;nappali;magyar nyelv és irodalom;közép;rendes;Nem;magyar;4;60;60;megjelent;29;10;11;8;0;2;60;-;-;-;-
2020;1;Szabolcs-Szatmár-Bereg;12;szakgimnázium/szakközépiskola (2016.09.01-től kifutó rendszerben);férfi;nappali;magyar nyelv és irodalom;közép;rendes;Nem;magyar;4;62;62;megjelent;30;8;7;8;8;1;62;-;-;-;-
2020;1;Szabolcs-Szatmár-Bereg;12;gimnázium;nő;nappali;magyar nyelv és irodalom;közép;rendes;Nem;magyar;4;67;67;megjelent;30;7;13;9;6;2;67;-;-;-;-
2020;1;Szabolcs-Szatmár-Bereg;12;szakgimnázium/szakközépiskola (2016.09.01-től kifutó rendszerben);férfi;nappali;magyar nyelv és irodalom;közép;rendes;Nem;magyar;3;41;41;megjelent;26;2;1;2;8;2;41;-;-;-;-
2020;1;Szabolcs-Szatmár-Bereg;12;szakgimnázium/szakközépiskola (2016.09.01-től kifutó rendszerben);férfi;nappali;magyar nyelv és irodalom;közép;rendes;Nem;magyar;4;68;68;megjelent;33;7;11;7;8;2;68;-;-;-;-
2020;1;Szabolcs-Szatmár-Bereg;12;szakgimnázium/szakközépiskola (2016.09.01-től kifutó rendszerben);férfi;nappali;magyar nyelv és irodalom;közép;rendes;Nem;magyar;3;41;41;megjelent;20;6;5;6;3;1;41;-;-;-;-
2020;1;Szabolcs-Szatmár-Bereg;12;gimnázium;férfi;nappali;magyar nyelv és irodalom;közép;rendes;Nem;magyar;5;80;80;megjelent;34;9;23;14;0;0;80;-;-;-;-
2020;1;Szabolcs-Szatmár-Bereg;12;szakgimnázium/szakközépiskola (2016.09.01-től kifutó rendszerben);nő;nappali;magyar nyelv és irodalom;közép;rendes;Nem;magyar;4;60;60;megjelent;31;6;7;10;4;2;60;-;-;-;-
2020;1;Szabolcs-Szatmár-Bereg;12;szakgimnázium/szakközépiskola (2016.09.01-től kifutó rendszerben);férfi;nappali;magyar nyelv és irodalom;közép;rendes;Nem;magyar;3;43;43;megjelent;28;6;3;4;0;2;43;-;-;-;-
2020;1;Szabolcs-Szatmár-Bereg;12;szakgimnázium/szakközépiskola (2016.09.01-től kifutó rendszerben);férfi;nappali;magyar nyelv és irodalom;közép;rendes;Nem;magyar;5;92;92;megjelent;37;9;22;14;8;2;92;-;-;-;-
2020;1;Szabolcs-Szatmár-Bereg;12;szakgimnázium/szakközépiskola (2016.09.01-től kifutó rendszerben);nő;nappali;magyar nyelv és irodalom;közép;rendes;Nem;magyar;3;58;58;megjelent;34;2;7;6;7;2;58;-;-;-;-
2020;1;Szabolcs-Szatmár-Bereg;12;szakgimnázium/szakközépiskola (2016.09.01-től kifutó rendszerben);férfi;nappali;magyar nyelv és irodalom;közép;rendes;Nem;magyar;4;61;61;megjelent;28;9;10;6;7;1;61;-;-;-;-
2020;1;Szabolcs-Szatmár-Bereg;12;gimnázium;nő;nappali;magyar nyelv és irodalom;közép;rendes;Nem;magyar;3;56;56;megjelent;26;9;12;9;0;0;56;-;-;-;-
2020;1;Szabolcs-Szatmár-Bereg;12;gimnázium;nő;nappali;magyar nyelv és irodalom;közép;rendes;Nem;magyar;3;54;54;megjelent;25;7;13;8;0;1;54;-;-;-;-
2020;1;Szabolcs-Szatmár-Bereg;12;gimnázium;férfi;nappali;magyar nyelv és irodalom;közép;rendes;Nem;magyar;4;65;65;megjelent;33;8;15;9;0;0;65;-;-;-;-
2020;1;Szabolcs-Szatmár-Bereg;12;gimnázium;férfi;nappali;magyar nyelv és irodalom;közép;rendes;Nem;magyar;5;80;80;megjelent;36;10;19;15;0;0;80;-;-;-;-
2020;1;Szabolcs-Szatmár-Bereg;12;szakgimnázium/szakközépiskola (2016.09.01-től kifutó rendszerben);férfi;nappali;magyar nyelv és irodalom;közép;rendes;Nem;magyar;2;37;37;megjelent;29;7;0;0;0;1;37;-;-;-;-
2020;1;Szabolcs-Szatmár-Bereg;12;szakgimnázium/szakközépiskola (2016.09.01-től kifutó rendszerben);férfi;nappali;magyar nyelv és irodalom;közép;rendes;Nem;magyar;3;52;52;megjelent;29;10;5;6;1;1;52;-;-;-;-
2020;1;Szabolcs-Szatmár-Bereg;12;szakgimnázium/szakközépiskola (2016.09.01-től kifutó rendszerben);férfi;nappali;magyar nyelv és irodalom;közép;rendes;Igen;magyar;5;100;50;megjelent;-;-;-;-;-;-;-;25;10;15;50
2020;1;Szabolcs-Szatmár-Bereg;12;szakgimnázium/szakközépiskola (2016.09.01-től kifutó rendszerben);férfi;nappali;magyar nyelv és irodalom;közép;rendes;Nem;magyar;3;57;57;megjelent;28;10;11;6;0;2;57;-;-;-;-
2020;1;Szabolcs-Szatmár-Bereg;12;szakgimnázium/szakközépiskola (2016.09.01-től kifutó rendszerben);férfi;nappali;magyar nyelv és irodalom;közép;rendes;Nem;magyar;3;51;51;megjelent;28;10;5;6;0;2;51;-;-;-;-
2020;1;Szabolcs-Szatmár-Bereg;12;szakgimnázium/szakközépiskola (2016.09.01-től kifutó rendszerben);férfi;nappali;magyar nyelv és irodalom;közép;rendes;Nem;magyar;3;43;43;megjelent;22;9;5;6;0;1;43;-;-;-;-
2020;1;Szabolcs-Szatmár-Bereg;12;szakgimnázium/szakközépiskola (2016.09.01-től kifutó rendszerben);férfi;nappali;magyar nyelv és irodalom;közép;rendes;Nem;magyar;3;44;44;megjelent;30;9;2;3;0;0;44;-;-;-;-
2020;1;Szabolcs-Szatmár-Bereg;12;szakgimnázium/szakközépiskola (2016.09.01-től kifutó rendszerben);férfi;nappali;magyar nyelv és irodalom;közép;rendes;Nem;magyar;4;62;62;megjelent;31;10;14;6;0;1;62;-;-;-;-
2020;1;Szabolcs-Szatmár-Bereg;12;szakgimnázium/szakközépiskola (2016.09.01-től kifutó rendszerben);férfi;nappali;magyar nyelv és irodalom;közép;rendes;Nem;magyar;2;31;31;megjelent;25;3;1;2;0;0;31;-;-;-;-
2020;1;Szabolcs-Szatmár-Bereg;12;szakgimnázium/szakközépiskola (2016.09.01-től kifutó rendszerben);férfi;nappali;magyar nyelv és irodalom;közép;rendes;Nem;magyar;3;43;43;megjelent;24;6;7;5;0;1;43;-;-;-;-
2020;1;Szabolcs-Szatmár-Bereg;12;szakgimnázium/szakközépiskola (2016.09.01-től kifutó rendszerben);férfi;nappali;magyar nyelv és irodalom;közép;rendes;Nem;magyar;2;37;37;megjelent;23;6;3;3;1;1;37;-;-;-;-
2020;1;Szabolcs-Szatmár-Bereg;12;szakgimnázium/szakközépiskola (2016.09.01-től kifutó rendszerben);férfi;nappali;magyar nyelv és irodalom;közép;rendes;Nem;magyar;2;37;37;megjelent;22;7;3;4;0;1;37;-;-;-;-
2020;1;Szabolcs-Szatmár-Bereg;12;szakgimnázium/szakközépiskola (2016.09.01-től kifutó rendszerben);férfi;nappali;magyar nyelv és irodalom;közép;rendes;Nem;magyar;5;83;83;megjelent;33;10;19;12;7;2;83;-;-;-;-
2020;1;Szabolcs-Szatmár-Bereg;12;szakgimnázium/szakközépiskola (2016.09.01-től kifutó rendszerben);férfi;nappali;magyar nyelv és irodalom;közép;rendes;Nem;magyar;3;40;40;megjelent;28;5;3;3;0;1;40;-;-;-;-
2020;1;Szabolcs-Szatmár-Bereg;12;szakgimnázium/szakközépiskola (2016.09.01-től kifutó rendszerben);férfi;nappali;magyar nyelv és irodalom;közép;rendes;Nem;magyar;4;60;60;megjelent;32;7;10;6;4;1;60;-;-;-;-
2020;1;Szabolcs-Szatmár-Bereg;12;szakgimnázium/szakközépiskola (2016.09.01-től kifutó rendszerben);férfi;nappali;magyar nyelv és irodalom;közép;rendes;Nem;magyar;2;26;26;megjelent;16;3;1;2;3;1;26;-;-;-;-
2020;1;Szabolcs-Szatmár-Bereg;12;szakgimnázium/szakközépiskola (2016.09.01-től kifutó rendszerben);férfi;nappali;magyar nyelv és irodalom;közép;rendes;Nem;magyar;2;33;33;megjelent;17;3;5;8;0;0;33;-;-;-;-
2020;1;Szabolcs-Szatmár-Bereg;12;szakgimnázium/szakközépiskola (2016.09.01-től kifutó rendszerben);nő;nappali;magyar nyelv és irodalom;közép;rendes;Nem;magyar;3;44;44;megjelent;27;5;3;7;0;2;44;-;-;-;-
2020;1;Szabolcs-Szatmár-Bereg;12;szakgimnázium/szakközépiskola (2016.09.01-től kifutó rendszerben);férfi;nappali;magyar nyelv és irodalom;közép;rendes;Nem;magyar;3;49;49;megjelent;29;7;5;7;0;1;49;-;-;-;-
2020;1;Szabolcs-Szatmár-Bereg;12;szakgimnázium/szakközépiskola (2016.09.01-től kifutó rendszerben);nő;nappali;magyar nyelv és irodalom;közép;rendes;Nem;magyar;3;58;58;megjelent;25;8;12;11;1;1;58;-;-;-;-
2020;1;Szabolcs-Szatmár-Bereg;12;szakgimnázium/szakközépiskola (2016.09.01-től kifutó rendszerben);nő;nappali;magyar nyelv és irodalom;közép;rendes;Nem;magyar;4;76;76;megjelent;33;9;17;11;4;2;76;-;-;-;-
2020;1;Szabolcs-Szatmár-Bereg;12;szakgimnázium/szakközépiskola (2016.09.01-től kifutó rendszerben);nő;nappali;magyar nyelv és irodalom;közép;rendes;Nem;magyar;3;41;41;megjelent;25;4;5;6;0;1;41;-;-;-;-
2020;1;Szabolcs-Szatmár-Bereg;12;szakgimnázium/szakközépiskola (2016.09.01-től kifutó rendszerben);nő;nappali;magyar nyelv és irodalom;közép;rendes;Nem;magyar;3;48;48;megjelent;26;6;3;6;5;2;48;-;-;-;-
2020;1;Szabolcs-Szatmár-Bereg;12;szakgimnázium/szakközépiskola (2016.09.01-től kifutó rendszerben);férfi;nappali;magyar nyelv és irodalom;közép;rendes;Nem;magyar;3;40;40;megjelent;25;8;2;5;0;0;40;-;-;-;-
2020;1;Szabolcs-Szatmár-Bereg;12;szakgimnázium/szakközépiskola (2016.09.01-től kifutó rendszerben);nő;nappali;magyar nyelv és irodalom;közép;rendes;Nem;magyar;3;46;46;megjelent;27;7;5;6;0;1;46;-;-;-;-
2020;1;Szabolcs-Szatmár-Bereg;12;szakgimnázium/szakközépiskola (2016.09.01-től kifutó rendszerben);nő;nappali;magyar nyelv és irodalom;közép;rendes;Nem;magyar;4;75;75;megjelent;33;8;15;12;5;2;75;-;-;-;-
2020;1;Szabolcs-Szatmár-Bereg;12;szakgimnázium/szakközépiskola (2016.09.01-től kifutó rendszerben);férfi;nappali;magyar nyelv és irodalom;közép;rendes;Nem;magyar;3;44;44;megjelent;29;3;3;7;0;2;44;-;-;-;-
2020;1;Szabolcs-Szatmár-Bereg;12;szakgimnázium/szakközépiskola (2016.09.01-től kifutó rendszerben);nő;nappali;magyar nyelv és irodalom;közép;rendes;Nem;magyar;2;37;37;megjelent;19;5;5;7;0;1;37;-;-;-;-
2020;1;Szabolcs-Szatmár-Bereg;12;szakgimnázium/szakközépiskola (2016.09.01-től kifutó rendszerben);nő;nappali;magyar nyelv és irodalom;közép;rendes;Nem;magyar;2;33;33;megjelent;19;5;1;7;0;1;33;-;-;-;-
2020;1;Szabolcs-Szatmár-Bereg;12;szakgimnázium/szakközépiskola (2016.09.01-től kifutó rendszerben);nő;nappali;magyar nyelv és irodalom;közép;rendes;Nem;magyar;3;58;58;megjelent;33;8;3;8;4;2;58;-;-;-;-
2020;1;Szabolcs-Szatmár-Bereg;12;szakgimnázium/szakközépiskola (2016.09.01-től kifutó rendszerben);nő;nappali;magyar nyelv és irodalom;közép;rendes;Nem;magyar;3;58;58;megjelent;32;8;8;9;0;1;58;-;-;-;-
2020;1;Szabolcs-Szatmár-Bereg;12;szakgimnázium/szakközépiskola (2016.09.01-től kifutó rendszerben);nő;nappali;magyar nyelv és irodalom;közép;rendes;Nem;magyar;2;32;32;megjelent;21;3;1;5;0;2;32;-;-;-;-
2020;1;Szabolcs-Szatmár-Bereg;12;szakgimnázium/szakközépiskola (2016.09.01-től kifutó rendszerben);férfi;nappali;magyar nyelv és irodalom;közép;rendes;Nem;magyar;3;42;42;megjelent;22;4;10;6;0;0;42;-;-;-;-
2020;1;Szabolcs-Szatmár-Bereg;12;szakgimnázium/szakközépiskola (2016.09.01-től kifutó rendszerben);nő;nappali;magyar nyelv és irodalom;közép;rendes;Nem;magyar;5;80;80;megjelent;30;9;19;13;7;2;80;-;-;-;-
2020;1;Szabolcs-Szatmár-Bereg;12;szakgimnázium/szakközépiskola (2016.09.01-től kifutó rendszerben);nő;nappali;magyar nyelv és irodalom;közép;rendes;Nem;magyar;3;42;42;megjelent;28;6;1;6;0;1;42;-;-;-;-
2020;1;Szabolcs-Szatmár-Bereg;12;szakgimnázium/szakközépiskola (2016.09.01-től kifutó rendszerben);férfi;nappali;magyar nyelv és irodalom;közép;rendes;Nem;magyar;4;60;60;megjelent;27;10;12;9;0;2;60;-;-;-;-
2020;1;Szabolcs-Szatmár-Bereg;12;szakgimnázium/szakközépiskola (2016.09.01-től kifutó rendszerben);férfi;nappali;magyar nyelv és irodalom;közép;rendes;Nem;magyar;3;44;44;megjelent;26;6;4;8;0;0;44;-;-;-;-
2020;1;Szabolcs-Szatmár-Bereg;12;szakgimnázium/szakközépiskola (2016.09.01-től kifutó rendszerben);nő;nappali;magyar nyelv és irodalom;közép;rendes;Nem;magyar;3;43;43;megjelent;27;6;3;5;0;2;43;-;-;-;-
2020;1;Szabolcs-Szatmár-Bereg;12;szakgimnázium/szakközépiskola (2016.09.01-től kifutó rendszerben);férfi;nappali;magyar nyelv és irodalom;közép;rendes;Nem;magyar;3;46;46;megjelent;29;4;5;7;0;1;46;-;-;-;-
2020;1;Szabolcs-Szatmár-Bereg;12;szakgimnázium/szakközépiskola (2016.09.01-től kifutó rendszerben);férfi;nappali;magyar nyelv és irodalom;közép;rendes;Nem;magyar;3;50;50;megjelent;20;8;11;10;0;1;50;-;-;-;-
2020;1;Szabolcs-Szatmár-Bereg;12;szakgimnázium/szakközépiskola (2016.09.01-től kifutó rendszerben);nő;nappali;magyar nyelv és irodalom;közép;rendes;Nem;magyar;3;41;41;megjelent;21;6;6;6;1;1;41;-;-;-;-
2020;1;Szabolcs-Szatmár-Bereg;12;szakgimnázium/szakközépiskola (2016.09.01-től kifutó rendszerben);férfi;nappali;magyar nyelv és irodalom;közép;rendes;Nem;magyar;3;48;48;megjelent;25;7;6;9;0;1;48;-;-;-;-
2020;1;Szabolcs-Szatmár-Bereg;12;szakgimnázium/szakközépiskola (2016.09.01-től kifutó rendszerben);férfi;nappali;magyar nyelv és irodalom;közép;rendes;Nem;magyar;4;74;74;megjelent;28;10;16;11;7;2;74;-;-;-;-
2020;1;Szabolcs-Szatmár-Bereg;12;szakgimnázium/szakközépiskola (2016.09.01-től kifutó rendszerben);férfi;nappali;magyar nyelv és irodalom;közép;rendes;Nem;magyar;3;51;51;megjelent;30;5;6;7;2;1;51;-;-;-;-
2020;1;Szabolcs-Szatmár-Bereg;12;szakgimnázium/szakközépiskola (2016.09.01-től kifutó rendszerben);nő;nappali;magyar nyelv és irodalom;közép;rendes;Nem;magyar;2;30;30;megjelent;16;5;1;4;2;2;30;-;-;-;-
2020;1;Szabolcs-Szatmár-Bereg;12;szakgimnázium/szakközépiskola (2016.09.01-től kifutó rendszerben);férfi;nappali;magyar nyelv és irodalom;közép;rendes;Nem;magyar;2;27;27;megjelent;19;2;1;4;0;1;27;-;-;-;-
2020;1;Szabolcs-Szatmár-Bereg;12;szakgimnázium/szakközépiskola (2016.09.01-től kifutó rendszerben);nő;nappali;magyar nyelv és irodalom;közép;rendes;Nem;magyar;5;80;80;megjelent;32;10;19;15;2;2;80;-;-;-;-
2020;1;Szabolcs-Szatmár-Bereg;12;szakgimnázium/szakközépiskola (2016.09.01-től kifutó rendszerben);nő;nappali;magyar nyelv és irodalom;közép;rendes;Nem;magyar;4;60;60;megjelent;31;9;10;9;0;1;60;-;-;-;-
2020;1;Szabolcs-Szatmár-Bereg;12;szakgimnázium/szakközépiskola (2016.09.01-től kifutó rendszerben);férfi;nappali;magyar nyelv és irodalom;közép;rendes;Nem;magyar;2;37;37;megjelent;26;4;2;5;0;0;37;-;-;-;-
2020;1;Szabolcs-Szatmár-Bereg;12;szakgimnázium/szakközépiskola (2016.09.01-től kifutó rendszerben);férfi;nappali;magyar nyelv és irodalom;közép;rendes;Nem;magyar;3;51;51;megjelent;27;6;9;9;0;0;51;-;-;-;-
2020;1;Szabolcs-Szatmár-Bereg;12;szakgimnázium/szakközépiskola (2016.09.01-től kifutó rendszerben);nő;nappali;magyar nyelv és irodalom;közép;rendes;Nem;magyar;3;45;45;megjelent;29;6;2;4;2;2;45;-;-;-;-
2020;1;Szabolcs-Szatmár-Bereg;12;szakgimnázium/szakközépiskola (2016.09.01-től kifutó rendszerben);férfi;nappali;magyar nyelv és irodalom;közép;rendes;Nem;magyar;3;42;42;megjelent;23;4;7;7;0;1;42;-;-;-;-
2020;1;Szabolcs-Szatmár-Bereg;12;szakgimnázium/szakközépiskola (2016.09.01-től kifutó rendszerben);férfi;nappali;magyar nyelv és irodalom;közép;rendes;Nem;magyar;3;54;54;megjelent;25;7;10;9;2;1;54;-;-;-;-
2020;1;Szabolcs-Szatmár-Bereg;12;szakgimnázium/szakközépiskola (2016.09.01-től kifutó rendszerben);nő;nappali;magyar nyelv és irodalom;közép;rendes;Nem;magyar;3;56;56;megjelent;26;4;9;9;6;2;56;-;-;-;-
2020;1;Szabolcs-Szatmár-Bereg;12;szakgimnázium/szakközépiskola (2016.09.01-től kifutó rendszerben);férfi;nappali;magyar nyelv és irodalom;közép;rendes;Nem;magyar;4;64;64;megjelent;27;9;17;11;0;0;64;-;-;-;-
2020;1;Szabolcs-Szatmár-Bereg;12;szakgimnázium/szakközépiskola (2016.09.01-től kifutó rendszerben);nő;nappali;magyar nyelv és irodalom;közép;rendes;Nem;magyar;2;32;32;megjelent;17;5;3;6;0;1;32;-;-;-;-
2020;1;Szabolcs-Szatmár-Bereg;12;szakgimnázium/szakközépiskola (2016.09.01-től kifutó rendszerben);férfi;nappali;magyar nyelv és irodalom;közép;rendes;Nem;magyar;3;51;51;megjelent;31;8;5;6;0;1;51;-;-;-;-
2020;1;Szabolcs-Szatmár-Bereg;12;szakgimnázium/szakközépiskola (2016.09.01-től kifutó rendszerben);nő;nappali;magyar nyelv és irodalom;közép;rendes;Nem;magyar;2;27;27;megjelent;8;6;2;7;2;2;27;-;-;-;-
2020;1;Szabolcs-Szatmár-Bereg;12;szakgimnázium/szakközépiskola (2016.09.01-től kifutó rendszerben);férfi;nappali;magyar nyelv és irodalom;közép;rendes;Nem;magyar;3;45;45;megjelent;25;5;6;9;0;0;45;-;-;-;-
2020;1;Szabolcs-Szatmár-Bereg;12;szakgimnázium/szakközépiskola (2016.09.01-től kifutó rendszerben);nő;nappali;magyar nyelv és irodalom;közép;rendes;Nem;magyar;2;34;34;megjelent;23;3;2;5;0;1;34;-;-;-;-
2020;1;Szabolcs-Szatmár-Bereg;12;szakgimnázium/szakközépiskola (2016.09.01-től kifutó rendszerben);nő;nappali;magyar nyelv és irodalom;közép;rendes;Nem;magyar;3;50;50;megjelent;21;9;10;9;0;1;50;-;-;-;-
2020;1;Szabolcs-Szatmár-Bereg;12;szakgimnázium/szakközépiskola (2016.09.01-től kifutó rendszerben);férfi;nappali;magyar nyelv és irodalom;közép;rendes;Nem;magyar;3;48;48;megjelent;29;5;5;8;0;1;48;-;-;-;-
2020;1;Szabolcs-Szatmár-Bereg;12;szakgimnázium/szakközépiskola (2016.09.01-től kifutó rendszerben);nő;nappali;magyar nyelv és irodalom;közép;rendes;Nem;magyar;3;50;50;megjelent;29;6;3;7;3;2;50;-;-;-;-
2020;1;Szabolcs-Szatmár-Bereg;12;szakgimnázium/szakközépiskola (2016.09.01-től kifutó rendszerben);férfi;nappali;magyar nyelv és irodalom;közép;rendes;Nem;magyar;2;38;38;megjelent;24;4;2;6;0;2;38;-;-;-;-
2020;1;Szabolcs-Szatmár-Bereg;12;szakgimnázium/szakközépiskola (2016.09.01-től kifutó rendszerben);nő;nappali;magyar nyelv és irodalom;közép;rendes;Nem;magyar;3;46;46;megjelent;23;7;8;6;0;2;46;-;-;-;-
2020;1;Szabolcs-Szatmár-Bereg;12;szakgimnázium/szakközépiskola (2016.09.01-től kifutó rendszerben);nő;nappali;magyar nyelv és irodalom;közép;rendes;Nem;magyar;5;93;93;megjelent;33;10;25;15;8;2;93;-;-;-;-
2020;1;Szabolcs-Szatmár-Bereg;12;szakgimnázium/szakközépiskola (2016.09.01-től kifutó rendszerben);nő;nappali;magyar nyelv és irodalom;közép;rendes;Nem;magyar;3;50;50;megjelent;28;6;7;8;0;1;50;-;-;-;-
2020;1;Szabolcs-Szatmár-Bereg;12;szakgimnázium/szakközépiskola (2016.09.01-től kifutó rendszerben);nő;nappali;magyar nyelv és irodalom;közép;rendes;Nem;magyar;3;57;57;megjelent;30;9;7;9;0;2;57;-;-;-;-
2020;1;Szabolcs-Szatmár-Bereg;12;szakgimnázium/szakközépiskola (2016.09.01-től kifutó rendszerben);nő;nappali;magyar nyelv és irodalom;közép;rendes;Nem;magyar;4;62;62;megjelent;23;7;18;12;0;2;62;-;-;-;-
2020;1;Szabolcs-Szatmár-Bereg;12;szakgimnázium/szakközépiskola (2016.09.01-től kifutó rendszerben);nő;nappali;magyar nyelv és irodalom;közép;rendes;Nem;magyar;5;85;85;megjelent;32;10;20;13;8;2;85;-;-;-;-
2020;1;Szabolcs-Szatmár-Bereg;12;szakgimnázium/szakközépiskola (2016.09.01-től kifutó rendszerben);nő;nappali;magyar nyelv és irodalom;közép;rendes;Nem;magyar;3;47;47;megjelent;29;3;8;6;0;1;47;-;-;-;-
2020;1;Szabolcs-Szatmár-Bereg;12;szakgimnázium/szakközépiskola (2016.09.01-től kifutó rendszerben);nő;nappali;magyar nyelv és irodalom;közép;rendes;Nem;magyar;5;87;87;megjelent;37;10;18;12;8;2;87;-;-;-;-
2020;1;Szabolcs-Szatmár-Bereg;12;szakgimnázium/szakközépiskola (2016.09.01-től kifutó rendszerben);nő;nappali;magyar nyelv és irodalom;közép;rendes;Nem;magyar;3;48;48;megjelent;29;6;4;5;2;2;48;-;-;-;-
2020;1;Szabolcs-Szatmár-Bereg;12;szakgimnázium/szakközépiskola (2016.09.01-től kifutó rendszerben);nő;nappali;magyar nyelv és irodalom;közép;rendes;Nem;magyar;4;66;66;megjelent;27;10;16;10;1;2;66;-;-;-;-
2020;1;Szabolcs-Szatmár-Bereg;12;szakgimnázium/szakközépiskola (2016.09.01-től kifutó rendszerben);nő;nappali;magyar nyelv és irodalom;közép;rendes;Igen;magyar;5;96;48;megjelent;-;-;-;-;-;-;-;25;10;13;48
2020;1;Szabolcs-Szatmár-Bereg;12;szakgimnázium/szakközépiskola (2016.09.01-től kifutó rendszerben);nő;nappali;magyar nyelv és irodalom;közép;rendes;Nem;magyar;3;43;43;megjelent;25;9;3;4;0;2;43;-;-;-;-
2020;1;Szabolcs-Szatmár-Bereg;12;szakgimnázium/szakközépiskola (2016.09.01-től kifutó rendszerben);férfi;nappali;magyar nyelv és irodalom;közép;rendes;Nem;magyar;3;50;50;megjelent;30;6;3;4;6;1;50;-;-;-;-
2020;1;Szabolcs-Szatmár-Bereg;12;szakgimnázium/szakközépiskola (2016.09.01-től kifutó rendszerben);nő;nappali;magyar nyelv és irodalom;közép;rendes;Nem;magyar;4;68;68;megjelent;29;9;12;9;7;2;68;-;-;-;-
2020;1;Szabolcs-Szatmár-Bereg;12;szakgimnázium/szakközépiskola (2016.09.01-től kifutó rendszerben);nő;nappali;magyar nyelv és irodalom;közép;rendes;Nem;magyar;4;76;76;megjelent;35;10;15;10;4;2;76;-;-;-;-
2020;1;Szabolcs-Szatmár-Bereg;12;szakgimnázium/szakközépiskola (2016.09.01-től kifutó rendszerben);nő;nappali;magyar nyelv és irodalom;közép;rendes;Nem;magyar;3;41;41;megjelent;26;6;3;4;0;2;41;-;-;-;-
2020;1;Szabolcs-Szatmár-Bereg;12;szakgimnázium/szakközépiskola (2016.09.01-től kifutó rendszerben);nő;nappali;magyar nyelv és irodalom;közép;rendes;Nem;magyar;4;62;62;megjelent;31;10;10;8;1;2;62;-;-;-;-
2020;1;Szabolcs-Szatmár-Bereg;12;szakgimnázium/szakközépiskola (2016.09.01-től kifutó rendszerben);nő;nappali;magyar nyelv és irodalom;közép;rendes;Nem;magyar;3;41;41;megjelent;23;7;3;4;2;2;41;-;-;-;-
2020;1;Szabolcs-Szatmár-Bereg;12;szakgimnázium/szakközépiskola (2016.09.01-től kifutó rendszerben);nő;nappali;magyar nyelv és irodalom;közép;rendes;Nem;magyar;2;30;30;megjelent;12;5;3;4;4;2;30;-;-;-;-
2020;1;Szabolcs-Szatmár-Bereg;12;szakgimnázium/szakközépiskola (2016.09.01-től kifutó rendszerben);nő;nappali;magyar nyelv és irodalom;közép;rendes;Nem;magyar;4;64;64;megjelent;26;7;18;11;0;2;64;-;-;-;-
2020;1;Szabolcs-Szatmár-Bereg;12;szakgimnázium/szakközépiskola (2016.09.01-től kifutó rendszerben);nő;nappali;magyar nyelv és irodalom;közép;rendes;Nem;magyar;3;57;57;megjelent;26;8;9;6;6;2;57;-;-;-;-
2020;1;Szabolcs-Szatmár-Bereg;12;szakgimnázium/szakközépiskola (2016.09.01-től kifutó rendszerben);férfi;nappali;magyar nyelv és irodalom;közép;rendes;Nem;magyar;2;36;36;megjelent;26;5;2;3;0;0;36;-;-;-;-
2020;1;Szabolcs-Szatmár-Bereg;12;szakgimnázium/szakközépiskola (2016.09.01-től kifutó rendszerben);nő;nappali;magyar nyelv és irodalom;közép;rendes;Nem;magyar;4;61;61;megjelent;26;5;14;6;8;2;61;-;-;-;-
2020;1;Szabolcs-Szatmár-Bereg;12;szakgimnázium/szakközépiskola (2016.09.01-től kifutó rendszerben);férfi;nappali;magyar nyelv és irodalom;közép;rendes;Nem;magyar;5;86;86;megjelent;36;10;23;15;0;2;86;-;-;-;-
2020;1;Szabolcs-Szatmár-Bereg;12;szakgimnázium/szakközépiskola (2016.09.01-től kifutó rendszerben);nő;nappali;magyar nyelv és irodalom;közép;rendes;Nem;magyar;2;37;37;megjelent;16;5;8;7;0;1;37;-;-;-;-
2020;1;Szabolcs-Szatmár-Bereg;12;szakgimnázium/szakközépiskola (2016.09.01-től kifutó rendszerben);nő;nappali;magyar nyelv és irodalom;közép;rendes;Nem;magyar;2;33;33;megjelent;14;3;5;5;4;2;33;-;-;-;-
2020;1;Szabolcs-Szatmár-Bereg;12;szakgimnázium/szakközépiskola (2016.09.01-től kifutó rendszerben);nő;nappali;magyar nyelv és irodalom;közép;rendes;Nem;magyar;3;55;55;megjelent;33;5;5;5;5;2;55;-;-;-;-
2020;1;Szabolcs-Szatmár-Bereg;12;szakgimnázium/szakközépiskola (2016.09.01-től kifutó rendszerben);nő;nappali;magyar nyelv és irodalom;közép;rendes;Nem;magyar;3;47;47;megjelent;26;6;9;5;0;1;47;-;-;-;-
2020;1;Szabolcs-Szatmár-Bereg;12;szakgimnázium/szakközépiskola (2016.09.01-től kifutó rendszerben);férfi;nappali;magyar nyelv és irodalom;közép;rendes;Nem;magyar;3;40;40;megjelent;21;7;7;5;0;0;40;-;-;-;-
2020;1;Szabolcs-Szatmár-Bereg;12;szakgimnázium/szakközépiskola (2016.09.01-től kifutó rendszerben);nő;nappali;magyar nyelv és irodalom;közép;rendes;Nem;magyar;5;83;83;megjelent;35;10;15;13;8;2;83;-;-;-;-
2020;1;Szabolcs-Szatmár-Bereg;12;szakgimnázium/szakközépiskola (2016.09.01-től kifutó rendszerben);férfi;nappali;magyar nyelv és irodalom;közép;rendes;Nem;magyar;3;40;40;megjelent;28;4;4;4;0;0;40;-;-;-;-
2020;1;Szabolcs-Szatmár-Bereg;12;szakgimnázium/szakközépiskola (2016.09.01-től kifutó rendszerben);férfi;nappali;magyar nyelv és irodalom;közép;rendes;Nem;magyar;2;26;26;megjelent;15;3;4;4;0;0;26;-;-;-;-
2020;1;Szabolcs-Szatmár-Bereg;12;szakgimnázium/szakközépiskola (2016.09.01-től kifutó rendszerben);férfi;nappali;magyar nyelv és irodalom;közép;rendes;Nem;magyar;2;32;32;megjelent;19;6;4;3;0;0;32;-;-;-;-
2020;1;Szabolcs-Szatmár-Bereg;12;szakgimnázium/szakközépiskola (2016.09.01-től kifutó rendszerben);férfi;nappali;magyar nyelv és irodalom;közép;rendes;Nem;magyar;3;43;43;megjelent;27;7;5;4;0;0;43;-;-;-;-
2020;1;Szabolcs-Szatmár-Bereg;12;szakgimnázium/szakközépiskola (2016.09.01-től kifutó rendszerben);férfi;nappali;magyar nyelv és irodalom;közép;rendes;Nem;magyar;2;26;26;megjelent;19;0;4;3;0;0;26;-;-;-;-
2020;1;Szabolcs-Szatmár-Bereg;12;szakgimnázium/szakközépiskola (2016.09.01-től kifutó rendszerben);férfi;nappali;magyar nyelv és irodalom;közép;rendes;Nem;magyar;3;41;41;megjelent;25;8;4;4;0;0;41;-;-;-;-
2020;1;Szabolcs-Szatmár-Bereg;12;szakgimnázium/szakközépiskola (2016.09.01-től kifutó rendszerben);férfi;nappali;magyar nyelv és irodalom;közép;rendes;Nem;magyar;3;40;40;megjelent;25;8;4;3;0;0;40;-;-;-;-
2020;1;Szabolcs-Szatmár-Bereg;12;szakgimnázium/szakközépiskola (2016.09.01-től kifutó rendszerben);férfi;nappali;magyar nyelv és irodalom;közép;rendes;Nem;magyar;3;40;40;megjelent;26;7;4;3;0;0;40;-;-;-;-
2020;1;Szabolcs-Szatmár-Bereg;12;gimnázium;férfi;nappali;magyar nyelv és irodalom;közép;rendes;Nem;magyar;2;28;28;megjelent;11;5;6;5;0;1;28;-;-;-;-
2020;1;Szabolcs-Szatmár-Bereg;12;gimnázium;nő;nappali;magyar nyelv és irodalom;közép;rendes;Nem;magyar;2;36;36;megjelent;25;3;4;3;0;1;36;-;-;-;-
2020;1;Szabolcs-Szatmár-Bereg;12;gimnázium;nő;nappali;magyar nyelv és irodalom;közép;rendes;Nem;magyar;3;51;51;megjelent;28;7;4;5;6;1;51;-;-;-;-
2020;1;Szabolcs-Szatmár-Bereg;12;gimnázium;férfi;nappali;magyar nyelv és irodalom;közép;rendes;Nem;magyar;3;48;48;megjelent;29;8;5;5;0;1;48;-;-;-;-
2020;1;Szabolcs-Szatmár-Bereg;12;gimnázium;férfi;nappali;magyar nyelv és irodalom;közép;rendes;Nem;magyar;2;26;26;megjelent;15;5;2;3;0;1;26;-;-;-;-
2020;1;Szabolcs-Szatmár-Bereg;12;gimnázium;nő;nappali;magyar nyelv és irodalom;közép;rendes;Nem;magyar;3;45;45;megjelent;15;8;12;8;0;2;45;-;-;-;-
2020;1;Szabolcs-Szatmár-Bereg;12;gimnázium;nő;nappali;magyar nyelv és irodalom;közép;rendes;Nem;magyar;3;52;52;megjelent;24;6;10;9;1;2;52;-;-;-;-
2020;1;Szabolcs-Szatmár-Bereg;12;gimnázium;nő;nappali;magyar nyelv és irodalom;közép;rendes;Nem;magyar;2;32;32;megjelent;11;0;12;8;0;1;32;-;-;-;-
2020;1;Szabolcs-Szatmár-Bereg;12;gimnázium;nő;nappali;magyar nyelv és irodalom;közép;rendes;Nem;magyar;2;37;56;megjelent;12;4;0;0;0;0;16;18;9;13;40
2020;1;Szabolcs-Szatmár-Bereg;12;gimnázium;nő;nappali;magyar nyelv és irodalom;közép;rendes;Nem;magyar;3;42;42;megjelent;14;6;12;9;0;1;42;-;-;-;-
2020;1;Szabolcs-Szatmár-Bereg;12;gimnázium;nő;nappali;magyar nyelv és irodalom;közép;rendes;Nem;magyar;3;55;55;megjelent;26;8;13;8;0;0;55;-;-;-;-
2020;1;Szabolcs-Szatmár-Bereg;12;gimnázium;nő;nappali;magyar nyelv és irodalom;közép;rendes;Nem;magyar;4;61;61;megjelent;29;8;10;8;5;1;61;-;-;-;-
2020;1;Szabolcs-Szatmár-Bereg;12;gimnázium;nő;nappali;magyar nyelv és irodalom;közép;előrehozott;Nem;magyar;2;25;38;megjelent;15;0;1;2;0;1;19;9;5;5;19
2020;1;Szabolcs-Szatmár-Bereg;12;gimnázium;férfi;nappali;magyar nyelv és irodalom;közép;rendes;Nem;magyar;3;51;51;megjelent;27;7;10;7;0;0;51;-;-;-;-
2020;1;Szabolcs-Szatmár-Bereg;12;gimnázium;nő;nappali;magyar nyelv és irodalom;közép;rendes;Igen;magyar;5;90;45;megjelent;-;-;-;-;-;-;-;24;9;12;45
2020;1;Szabolcs-Szatmár-Bereg;12;gimnázium;férfi;nappali;magyar nyelv és irodalom;közép;rendes;Nem;magyar;4;62;62;megjelent;29;7;14;10;0;2;62;-;-;-;-
2020;1;Szabolcs-Szatmár-Bereg;12;szakgimnázium/szakközépiskola (2016.09.01-től kifutó rendszerben);férfi;nappali;magyar nyelv és irodalom;közép;rendes;Nem;magyar;2;27;27;megjelent;22;5;0;0;0;0;27;-;-;-;-
2020;1;Szabolcs-Szatmár-Bereg;12;szakgimnázium/szakközépiskola (2016.09.01-től kifutó rendszerben);férfi;nappali;magyar nyelv és irodalom;közép;rendes;Nem;magyar;3;45;45;megjelent;31;5;4;4;0;1;45;-;-;-;-
2020;1;Szabolcs-Szatmár-Bereg;12;gimnázium;férfi;nappali;magyar nyelv és irodalom;közép;előrehozott;Nem;magyar;2;34;34;megjelent;26;0;1;2;4;1;34;-;-;-;-
2020;1;Szabolcs-Szatmár-Bereg;12;szakgimnázium/szakközépiskola (2016.09.01-től kifutó rendszerben);férfi;nappali;magyar nyelv és irodalom;közép;rendes;Nem;magyar;3;44;44;megjelent;27;3;9;5;0;0;44;-;-;-;-
2020;1;Szabolcs-Szatmár-Bereg;12;szakgimnázium/szakközépiskola (2016.09.01-től kifutó rendszerben);férfi;nappali;magyar nyelv és irodalom;közép;rendes;Nem;magyar;3;58;58;megjelent;29;9;10;10;0;0;58;-;-;-;-
2020;1;Szabolcs-Szatmár-Bereg;12;gimnázium;nő;nappali;magyar nyelv és irodalom;közép;rendes;Nem;magyar;4;62;62;megjelent;30;7;12;9;4;0;62;-;-;-;-
2020;1;Szabolcs-Szatmár-Bereg;12;szakgimnázium/szakközépiskola (2016.09.01-től kifutó rendszerben);férfi;nappali;magyar nyelv és irodalom;közép;rendes;Nem;magyar;4;60;60;megjelent;27;10;14;9;0;0;60;-;-;-;-
2020;1;Szabolcs-Szatmár-Bereg;12;gimnázium;férfi;nappali;magyar nyelv és irodalom;közép;rendes;Nem;magyar;3;49;49;megjelent;26;5;10;8;0;0;49;-;-;-;-
2020;1;Szabolcs-Szatmár-Bereg;12;gimnázium;nő;nappali;magyar nyelv és irodalom;közép;rendes;Nem;magyar;3;56;56;megjelent;27;8;12;8;0;1;56;-;-;-;-
2020;1;Szabolcs-Szatmár-Bereg;12;szakgimnázium/szakközépiskola (2016.09.01-től kifutó rendszerben);férfi;nappali;magyar nyelv és irodalom;közép;rendes;Nem;magyar;3;44;44;megjelent;29;5;5;5;0;0;44;-;-;-;-
2020;1;Szabolcs-Szatmár-Bereg;12;szakgimnázium/szakközépiskola (2016.09.01-től kifutó rendszerben);férfi;nappali;magyar nyelv és irodalom;közép;rendes;Nem;magyar;2;39;39;megjelent;19;7;5;7;0;1;39;-;-;-;-
2020;1;Szabolcs-Szatmár-Bereg;12;szakgimnázium/szakközépiskola (2016.09.01-től kifutó rendszerben);férfi;nappali;magyar nyelv és irodalom;közép;rendes;Nem;magyar;4;71;71;megjelent;32;10;15;13;0;1;71;-;-;-;-
2020;1;Szabolcs-Szatmár-Bereg;12;szakgimnázium/szakközépiskola (2016.09.01-től kifutó rendszerben);férfi;nappali;magyar nyelv és irodalom;közép;rendes;Nem;magyar;3;51;51;megjelent;30;8;7;6;0;0;51;-;-;-;-
2020;1;Szabolcs-Szatmár-Bereg;12;szakgimnázium/szakközépiskola (2016.09.01-től kifutó rendszerben);férfi;nappali;magyar nyelv és irodalom;közép;rendes;Nem;magyar;2;35;35;megjelent;26;0;4;5;0;0;35;-;-;-;-
2020;1;Szabolcs-Szatmár-Bereg;12;gimnázium;férfi;nappali;magyar nyelv és irodalom;közép;rendes;Nem;magyar;4;62;62;megjelent;30;8;14;10;0;0;62;-;-;-;-
2020;1;Szabolcs-Szatmár-Bereg;12;gimnázium;nő;nappali;magyar nyelv és irodalom;közép;rendes;Nem;magyar;5;93;93;megjelent;35;10;25;15;6;2;93;-;-;-;-
2020;1;Szabolcs-Szatmár-Bereg;12;gimnázium;nő;nappali;magyar nyelv és irodalom;közép;rendes;Nem;magyar;4;70;70;megjelent;32;10;12;9;5;2;70;-;-;-;-
2020;1;Szabolcs-Szatmár-Bereg;12;gimnázium;nő;nappali;magyar nyelv és irodalom;közép;rendes;Nem;magyar;5;80;80;megjelent;29;8;25;15;2;1;80;-;-;-;-
2020;1;Szabolcs-Szatmár-Bereg;12;gimnázium;férfi;nappali;magyar nyelv és irodalom;közép;rendes;Nem;magyar;3;49;49;megjelent;26;9;10;4;0;0;49;-;-;-;-
2020;1;Szabolcs-Szatmár-Bereg;12;gimnázium;nő;nappali;magyar nyelv és irodalom;közép;rendes;Nem;magyar;4;66;66;megjelent;25;8;21;11;0;1;66;-;-;-;-
2020;1;Szabolcs-Szatmár-Bereg;12;gimnázium;nő;nappali;magyar nyelv és irodalom;közép;rendes;Nem;magyar;3;49;49;megjelent;20;7;12;8;0;2;49;-;-;-;-
2020;1;Szabolcs-Szatmár-Bereg;12;gimnázium;nő;nappali;magyar nyelv és irodalom;közép;rendes;Nem;magyar;3;53;53;megjelent;21;9;13;9;0;1;53;-;-;-;-
2020;1;Szabolcs-Szatmár-Bereg;12;gimnázium;nő;nappali;magyar nyelv és irodalom;közép;rendes;Nem;magyar;4;73;73;megjelent;28;10;19;10;4;2;73;-;-;-;-
2020;1;Szabolcs-Szatmár-Bereg;12;gimnázium;férfi;nappali;magyar nyelv és irodalom;közép;rendes;Nem;magyar;4;73;73;megjelent;32;9;20;11;0;1;73;-;-;-;-
2020;1;Szabolcs-Szatmár-Bereg;12;gimnázium;nő;nappali;magyar nyelv és irodalom;közép;rendes;Nem;magyar;4;60;60;megjelent;26;8;15;9;1;1;60;-;-;-;-
2020;1;Szabolcs-Szatmár-Bereg;12;gimnázium;nő;nappali;magyar nyelv és irodalom;közép;rendes;Nem;magyar;5;83;83;megjelent;30;8;24;15;4;2;83;-;-;-;-
2020;1;Szabolcs-Szatmár-Bereg;12;gimnázium;nő;nappali;magyar nyelv és irodalom;közép;rendes;Nem;magyar;4;63;63;megjelent;26;8;14;7;6;2;63;-;-;-;-
2020;1;Szabolcs-Szatmár-Bereg;12;gimnázium;nő;nappali;magyar nyelv és irodalom;közép;rendes;Nem;magyar;3;44;44;megjelent;23;0;12;7;1;1;44;-;-;-;-
2020;1;Szabolcs-Szatmár-Bereg;12;gimnázium;nő;nappali;magyar nyelv és irodalom;közép;rendes;Nem;magyar;4;72;72;megjelent;29;9;20;12;0;2;72;-;-;-;-
2020;1;Szabolcs-Szatmár-Bereg;12;gimnázium;nő;nappali;magyar nyelv és irodalom;közép;rendes;Nem;magyar;4;61;61;megjelent;29;7;14;9;0;2;61;-;-;-;-
2020;1;Szabolcs-Szatmár-Bereg;12;gimnázium;nő;nappali;magyar nyelv és irodalom;közép;rendes;Nem;magyar;5;85;85;megjelent;29;10;25;14;6;1;85;-;-;-;-
2020;1;Szabolcs-Szatmár-Bereg;12;gimnázium;nő;nappali;magyar nyelv és irodalom;közép;rendes;Nem;magyar;5;81;81;megjelent;32;9;20;12;6;2;81;-;-;-;-
2020;1;Szabolcs-Szatmár-Bereg;12;gimnázium;férfi;nappali;magyar nyelv és irodalom;közép;rendes;Nem;magyar;4;76;76;megjelent;31;10;21;13;0;1;76;-;-;-;-
2020;1;Szabolcs-Szatmár-Bereg;12;gimnázium;férfi;nappali;magyar nyelv és irodalom;közép;rendes;Nem;magyar;4;60;60;megjelent;25;9;16;10;0;0;60;-;-;-;-
2020;1;Szabolcs-Szatmár-Bereg;12;gimnázium;férfi;nappali;magyar nyelv és irodalom;közép;rendes;Nem;magyar;3;56;56;megjelent;25;8;15;8;0;0;56;-;-;-;-
2020;1;Szabolcs-Szatmár-Bereg;12;gimnázium;nő;nappali;magyar nyelv és irodalom;közép;rendes;Nem;magyar;5;87;87;megjelent;36;9;20;13;7;2;87;-;-;-;-
2020;1;Szabolcs-Szatmár-Bereg;12;gimnázium;nő;nappali;magyar nyelv és irodalom;közép;rendes;Nem;magyar;3;53;53;megjelent;24;9;12;7;0;1;53;-;-;-;-
2020;1;Szabolcs-Szatmár-Bereg;12;gimnázium;nő;nappali;magyar nyelv és irodalom;közép;rendes;Nem;magyar;3;58;58;megjelent;23;9;15;9;1;1;58;-;-;-;-
2020;1;Szabolcs-Szatmár-Bereg;12;gimnázium;nő;nappali;magyar nyelv és irodalom;közép;rendes;Nem;magyar;5;95;95;megjelent;36;10;25;15;7;2;95;-;-;-;-
2020;1;Szabolcs-Szatmár-Bereg;12;gimnázium;nő;nappali;magyar nyelv és irodalom;közép;rendes;Nem;magyar;5;81;81;megjelent;33;9;24;14;0;1;81;-;-;-;-
2020;1;Szabolcs-Szatmár-Bereg;12;gimnázium;férfi;nappali;magyar nyelv és irodalom;közép;rendes;Nem;magyar;5;83;83;megjelent;30;10;23;13;7;0;83;-;-;-;-
2020;1;Szabolcs-Szatmár-Bereg;12;gimnázium;nő;nappali;magyar nyelv és irodalom;közép;rendes;Nem;magyar;4;67;67;megjelent;27;9;19;11;0;1;67;-;-;-;-
2020;1;Szabolcs-Szatmár-Bereg;12;gimnázium;nő;nappali;magyar nyelv és irodalom;közép;rendes;Nem;magyar;5;80;80;megjelent;31;9;25;13;1;1;80;-;-;-;-
2020;1;Szabolcs-Szatmár-Bereg;12;gimnázium;nő;nappali;magyar nyelv és irodalom;közép;rendes;Nem;magyar;5;93;93;megjelent;36;10;25;15;5;2;93;-;-;-;-
2020;1;Szabolcs-Szatmár-Bereg;12;gimnázium;nő;nappali;magyar nyelv és irodalom;közép;rendes;Nem;magyar;5;85;85;megjelent;37;8;21;13;4;2;85;-;-;-;-
2020;1;Szabolcs-Szatmár-Bereg;12;gimnázium;nő;nappali;magyar nyelv és irodalom;közép;rendes;Nem;magyar;5;85;85;megjelent;35;10;23;15;0;2;85;-;-;-;-
2020;1;Szabolcs-Szatmár-Bereg;12;gimnázium;nő;nappali;magyar nyelv és irodalom;közép;rendes;Nem;magyar;5;80;80;megjelent;31;9;19;15;5;1;80;-;-;-;-
2020;1;Szabolcs-Szatmár-Bereg;12;gimnázium;nő;nappali;magyar nyelv és irodalom;közép;rendes;Nem;magyar;5;81;81;megjelent;29;9;22;12;7;2;81;-;-;-;-
2020;1;Szabolcs-Szatmár-Bereg;12;gimnázium;nő;nappali;magyar nyelv és irodalom;közép;rendes;Nem;magyar;5;80;80;megjelent;32;9;19;14;4;2;80;-;-;-;-
2020;1;Szabolcs-Szatmár-Bereg;12;gimnázium;nő;nappali;magyar nyelv és irodalom;közép;rendes;Nem;magyar;4;73;73;megjelent;26;5;19;14;7;2;73;-;-;-;-
2020;1;Szabolcs-Szatmár-Bereg;12;gimnázium;nő;nappali;magyar nyelv és irodalom;közép;rendes;Nem;magyar;4;72;72;megjelent;31;9;18;12;0;2;72;-;-;-;-
2020;1;Szabolcs-Szatmár-Bereg;12;gimnázium;férfi;nappali;magyar nyelv és irodalom;közép;rendes;Nem;magyar;4;73;73;megjelent;24;9;20;13;6;1;73;-;-;-;-
2020;1;Szabolcs-Szatmár-Bereg;12;gimnázium;nő;nappali;magyar nyelv és irodalom;közép;rendes;Nem;magyar;4;62;62;megjelent;28;9;9;6;8;2;62;-;-;-;-
2020;1;Szabolcs-Szatmár-Bereg;12;gimnázium;férfi;nappali;magyar nyelv és irodalom;közép;rendes;Nem;magyar;3;46;46;megjelent;23;8;9;6;0;0;46;-;-;-;-
2020;1;Szabolcs-Szatmár-Bereg;12;gimnázium;nő;nappali;magyar nyelv és irodalom;közép;rendes;Nem;magyar;5;81;81;megjelent;35;10;21;14;0;1;81;-;-;-;-
2020;1;Szabolcs-Szatmár-Bereg;12;gimnázium;férfi;nappali;magyar nyelv és irodalom;közép;rendes;Nem;magyar;4;66;66;megjelent;28;9;15;12;1;1;66;-;-;-;-
2020;1;Szabolcs-Szatmár-Bereg;12;gimnázium;nő;nappali;magyar nyelv és irodalom;közép;rendes;Nem;magyar;4;65;65;megjelent;27;9;18;10;0;1;65;-;-;-;-
2020;1;Szabolcs-Szatmár-Bereg;12;gimnázium;nő;nappali;magyar nyelv és irodalom;közép;rendes;Nem;magyar;5;82;82;megjelent;33;10;24;13;0;2;82;-;-;-;-
2020;1;Szabolcs-Szatmár-Bereg;12;gimnázium;nő;nappali;magyar nyelv és irodalom;közép;rendes;Nem;magyar;5;90;90;megjelent;33;10;22;15;8;2;90;-;-;-;-
2020;1;Szabolcs-Szatmár-Bereg;12;gimnázium;nő;nappali;magyar nyelv és irodalom;közép;rendes;Nem;magyar;5;89;89;megjelent;33;9;23;14;8;2;89;-;-;-;-
2020;1;Szabolcs-Szatmár-Bereg;12;gimnázium;nő;nappali;magyar nyelv és irodalom;közép;rendes;Nem;magyar;5;87;87;megjelent;28;10;25;15;8;1;87;-;-;-;-
2020;1;Szabolcs-Szatmár-Bereg;12;gimnázium;nő;nappali;magyar nyelv és irodalom;közép;rendes;Nem;magyar;4;66;66;megjelent;29;8;12;11;4;2;66;-;-;-;-
2020;1;Szabolcs-Szatmár-Bereg;12;gimnázium;nő;nappali;magyar nyelv és irodalom;közép;rendes;Nem;magyar;5;80;80;megjelent;31;10;23;14;0;2;80;-;-;-;-
2020;1;Szabolcs-Szatmár-Bereg;12;gimnázium;nő;nappali;magyar nyelv és irodalom;közép;rendes;Nem;magyar;4;61;61;megjelent;26;4;20;10;0;1;61;-;-;-;-
2020;1;Szabolcs-Szatmár-Bereg;12;gimnázium;férfi;nappali;magyar nyelv és irodalom;közép;rendes;Nem;magyar;3;55;55;megjelent;28;9;9;9;0;0;55;-;-;-;-
2020;1;Szabolcs-Szatmár-Bereg;12;gimnázium;férfi;nappali;magyar nyelv és irodalom;közép;rendes;Nem;magyar;2;37;37;megjelent;28;4;1;2;0;2;37;-;-;-;-
2020;1;Szabolcs-Szatmár-Bereg;12;gimnázium;nő;nappali;magyar nyelv és irodalom;közép;rendes;Nem;magyar;4;68;68;megjelent;27;9;17;8;5;2;68;-;-;-;-
2020;1;Szabolcs-Szatmár-Bereg;12;gimnázium;férfi;nappali;magyar nyelv és irodalom;közép;rendes;Nem;magyar;3;55;55;megjelent;31;6;10;6;0;2;55;-;-;-;-
2020;1;Szabolcs-Szatmár-Bereg;12;gimnázium;férfi;nappali;magyar nyelv és irodalom;közép;rendes;Nem;magyar;5;80;80;megjelent;32;9;25;14;0;0;80;-;-;-;-
2020;1;Szabolcs-Szatmár-Bereg;12;gimnázium;férfi;nappali;magyar nyelv és irodalom;közép;rendes;Nem;magyar;4;60;60;megjelent;28;9;14;9;0;0;60;-;-;-;-
2020;1;Szabolcs-Szatmár-Bereg;12;gimnázium;nő;nappali;magyar nyelv és irodalom;közép;rendes;Nem;magyar;5;97;97;megjelent;37;10;25;15;8;2;97;-;-;-;-
2020;1;Szabolcs-Szatmár-Bereg;12;gimnázium;nő;nappali;magyar nyelv és irodalom;közép;rendes;Nem;magyar;5;84;84;megjelent;33;10;21;15;4;1;84;-;-;-;-
2020;1;Szabolcs-Szatmár-Bereg;12;gimnázium;nő;nappali;magyar nyelv és irodalom;közép;rendes;Nem;magyar;5;88;88;megjelent;29;10;25;15;7;2;88;-;-;-;-
2020;1;Szabolcs-Szatmár-Bereg;12;gimnázium;férfi;nappali;magyar nyelv és irodalom;közép;rendes;Nem;magyar;4;65;65;megjelent;32;8;14;9;2;0;65;-;-;-;-
2020;1;Szabolcs-Szatmár-Bereg;12;gimnázium;férfi;nappali;magyar nyelv és irodalom;közép;rendes;Nem;magyar;4;73;73;megjelent;38;9;18;8;0;0;73;-;-;-;-
2020;1;Szabolcs-Szatmár-Bereg;12;gimnázium;férfi;nappali;magyar nyelv és irodalom;közép;rendes;Nem;magyar;4;75;75;megjelent;35;10;19;10;0;1;75;-;-;-;-
2020;1;Szabolcs-Szatmár-Bereg;12;gimnázium;nő;nappali;magyar nyelv és irodalom;közép;rendes;Nem;magyar;4;72;72;megjelent;31;9;15;11;4;2;72;-;-;-;-
2020;1;Szabolcs-Szatmár-Bereg;12;gimnázium;férfi;nappali;magyar nyelv és irodalom;közép;rendes;Nem;magyar;4;71;71;megjelent;35;8;15;10;3;0;71;-;-;-;-
2020;1;Szabolcs-Szatmár-Bereg;12;gimnázium;nő;nappali;magyar nyelv és irodalom;közép;rendes;Nem;magyar;3;55;55;megjelent;28;7;13;6;0;1;55;-;-;-;-
2020;1;Szabolcs-Szatmár-Bereg;12;gimnázium;férfi;nappali;magyar nyelv és irodalom;közép;rendes;Nem;magyar;5;80;80;megjelent;33;9;19;12;6;1;80;-;-;-;-
2020;1;Szabolcs-Szatmár-Bereg;12;gimnázium;férfi;nappali;magyar nyelv és irodalom;közép;rendes;Nem;magyar;5;94;94;megjelent;38;10;23;14;8;1;94;-;-;-;-
2020;1;Szabolcs-Szatmár-Bereg;12;gimnázium;férfi;nappali;magyar nyelv és irodalom;közép;rendes;Nem;magyar;5;85;85;megjelent;38;10;22;11;4;0;85;-;-;-;-
2020;1;Szabolcs-Szatmár-Bereg;12;gimnázium;nő;nappali;magyar nyelv és irodalom;közép;rendes;Nem;magyar;4;66;66;megjelent;27;5;14;10;8;2;66;-;-;-;-
2020;1;Szabolcs-Szatmár-Bereg;12;gimnázium;férfi;nappali;magyar nyelv és irodalom;közép;rendes;Nem;magyar;4;62;62;megjelent;30;8;16;8;0;0;62;-;-;-;-
2020;1;Szabolcs-Szatmár-Bereg;12;gimnázium;nő;nappali;magyar nyelv és irodalom;közép;rendes;Nem;magyar;5;84;84;megjelent;31;10;18;15;8;2;84;-;-;-;-
2020;1;Szabolcs-Szatmár-Bereg;12;gimnázium;nő;nappali;magyar nyelv és irodalom;közép;rendes;Nem;magyar;4;74;74;megjelent;29;9;17;10;8;1;74;-;-;-;-
2020;1;Szabolcs-Szatmár-Bereg;12;gimnázium;nő;nappali;magyar nyelv és irodalom;közép;rendes;Nem;magyar;5;81;81;megjelent;32;10;19;11;7;2;81;-;-;-;-
2020;1;Szabolcs-Szatmár-Bereg;12;gimnázium;férfi;nappali;magyar nyelv és irodalom;közép;rendes;Nem;magyar;4;76;76;megjelent;36;9;15;9;6;1;76;-;-;-;-
2020;1;Szabolcs-Szatmár-Bereg;12;gimnázium;férfi;nappali;magyar nyelv és irodalom;közép;rendes;Nem;magyar;3;51;51;megjelent;28;6;10;7;0;0;51;-;-;-;-
2020;1;Szabolcs-Szatmár-Bereg;12;gimnázium;férfi;nappali;magyar nyelv és irodalom;közép;rendes;Nem;magyar;4;73;73;megjelent;34;10;15;9;5;0;73;-;-;-;-
2020;1;Szabolcs-Szatmár-Bereg;12;gimnázium;férfi;nappali;magyar nyelv és irodalom;közép;rendes;Nem;magyar;4;62;62;megjelent;33;9;14;6;0;0;62;-;-;-;-
2020;1;Szabolcs-Szatmár-Bereg;12;gimnázium;nő;nappali;magyar nyelv és irodalom;közép;rendes;Nem;magyar;5;90;90;megjelent;36;9;22;13;8;2;90;-;-;-;-
2020;1;Szabolcs-Szatmár-Bereg;12;gimnázium;nő;nappali;magyar nyelv és irodalom;közép;rendes;Nem;magyar;4;74;74;megjelent;30;8;17;10;7;2;74;-;-;-;-
2020;1;Szabolcs-Szatmár-Bereg;12;gimnázium;nő;nappali;magyar nyelv és irodalom;közép;rendes;Nem;magyar;4;75;75;megjelent;34;10;15;13;2;1;75;-;-;-;-
2020;1;Szabolcs-Szatmár-Bereg;12;gimnázium;férfi;nappali;magyar nyelv és irodalom;közép;rendes;Nem;magyar;4;73;73;megjelent;34;8;20;10;1;0;73;-;-;-;-
2020;1;Szabolcs-Szatmár-Bereg;12;gimnázium;nő;nappali;magyar nyelv és irodalom;közép;rendes;Nem;magyar;5;88;88;megjelent;35;9;21;13;8;2;88;-;-;-;-
2020;1;Szabolcs-Szatmár-Bereg;12;gimnázium;férfi;nappali;magyar nyelv és irodalom;közép;rendes;Nem;magyar;5;82;82;megjelent;35;7;21;14;3;2;82;-;-;-;-
2020;1;Szabolcs-Szatmár-Bereg;12;gimnázium;férfi;nappali;magyar nyelv és irodalom;közép;rendes;Nem;magyar;3;40;40;megjelent;20;7;5;4;4;0;40;-;-;-;-
2020;1;Szabolcs-Szatmár-Bereg;12;gimnázium;férfi;nappali;magyar nyelv és irodalom;közép;rendes;Nem;magyar;2;36;36;megjelent;18;7;7;4;0;0;36;-;-;-;-
2020;1;Szabolcs-Szatmár-Bereg;12;gimnázium;férfi;nappali;magyar nyelv és irodalom;közép;rendes;Nem;magyar;4;60;60;megjelent;27;8;12;8;3;2;60;-;-;-;-
2020;1;Szabolcs-Szatmár-Bereg;12;gimnázium;nő;nappali;magyar nyelv és irodalom;közép;rendes;Nem;magyar;3;54;54;megjelent;24;8;10;6;4;2;54;-;-;-;-
2020;1;Szabolcs-Szatmár-Bereg;12;gimnázium;férfi;nappali;magyar nyelv és irodalom;közép;rendes;Nem;magyar;4;64;64;megjelent;32;8;13;11;0;0;64;-;-;-;-
2020;1;Szabolcs-Szatmár-Bereg;12;gimnázium;nő;nappali;magyar nyelv és irodalom;közép;rendes;Nem;magyar;2;36;36;megjelent;23;4;4;3;0;2;36;-;-;-;-
2020;1;Szabolcs-Szatmár-Bereg;12;gimnázium;nő;nappali;magyar nyelv és irodalom;közép;rendes;Nem;magyar;5;81;81;megjelent;35;9;21;12;2;2;81;-;-;-;-
2020;1;Szabolcs-Szatmár-Bereg;12;gimnázium;nő;nappali;magyar nyelv és irodalom;közép;rendes;Nem;magyar;5;84;84;megjelent;31;9;24;13;5;2;84;-;-;-;-
2020;1;Szabolcs-Szatmár-Bereg;12;szakgimnázium/szakközépiskola (2016.09.01-től kifutó rendszerben);nő;nappali;magyar nyelv és irodalom;közép;rendes;Nem;magyar;4;61;61;megjelent;29;9;11;6;4;2;61;-;-;-;-
2020;1;Szabolcs-Szatmár-Bereg;12;gimnázium;nő;nappali;magyar nyelv és irodalom;közép;rendes;Nem;magyar;5;92;92;megjelent;35;10;25;15;5;2;92;-;-;-;-
2020;1;Szabolcs-Szatmár-Bereg;12;gimnázium;nő;nappali;magyar nyelv és irodalom;közép;rendes;Nem;magyar;4;61;61;megjelent;24;8;17;10;0;2;61;-;-;-;-
2020;1;Szabolcs-Szatmár-Bereg;12;gimnázium;férfi;nappali;magyar nyelv és irodalom;közép;rendes;Nem;magyar;5;84;84;megjelent;31;8;22;14;7;2;84;-;-;-;-
2020;1;Szabolcs-Szatmár-Bereg;12;gimnázium;férfi;nappali;magyar nyelv és irodalom;közép;rendes;Nem;magyar;5;91;91;megjelent;33;10;25;15;6;2;91;-;-;-;-
2020;1;Szabolcs-Szatmár-Bereg;12;gimnázium;nő;nappali;magyar nyelv és irodalom;közép;rendes;Nem;magyar;3;46;46;megjelent;25;9;4;4;2;2;46;-;-;-;-
2020;1;Szabolcs-Szatmár-Bereg;12;szakgimnázium/szakközépiskola (2016.09.01-től kifutó rendszerben);nő;nappali;magyar nyelv és irodalom;közép;rendes;Nem;magyar;3;41;41;megjelent;18;8;6;8;0;1;41;-;-;-;-
2020;1;Szabolcs-Szatmár-Bereg;12;gimnázium;férfi;nappali;magyar nyelv és irodalom;közép;rendes;Nem;magyar;5;87;87;megjelent;32;10;23;13;7;2;87;-;-;-;-
2020;1;Szabolcs-Szatmár-Bereg;12;szakgimnázium/szakközépiskola (2016.09.01-től kifutó rendszerben);nő;nappali;magyar nyelv és irodalom;közép;rendes;Nem;magyar;3;43;43;megjelent;21;6;6;9;0;1;43;-;-;-;-
2020;1;Szabolcs-Szatmár-Bereg;12;gimnázium;férfi;nappali;magyar nyelv és irodalom;közép;rendes;Nem;magyar;5;80;80;megjelent;29;9;25;15;0;2;80;-;-;-;-
2020;1;Szabolcs-Szatmár-Bereg;12;szakgimnázium/szakközépiskola (2016.09.01-től kifutó rendszerben);férfi;nappali;magyar nyelv és irodalom;közép;rendes;Nem;magyar;3;40;40;megjelent;19;6;6;8;0;1;40;-;-;-;-
2020;1;Szabolcs-Szatmár-Bereg;12;szakgimnázium/szakközépiskola (2016.09.01-től kifutó rendszerben);férfi;nappali;magyar nyelv és irodalom;közép;rendes;Nem;magyar;4;61;61;megjelent;28;8;12;11;0;2;61;-;-;-;-
2020;1;Szabolcs-Szatmár-Bereg;12;szakgimnázium/szakközépiskola (2016.09.01-től kifutó rendszerben);férfi;nappali;magyar nyelv és irodalom;közép;rendes;Nem;magyar;2;27;27;megjelent;13;5;3;5;0;1;27;-;-;-;-
2020;1;Szabolcs-Szatmár-Bereg;12;szakgimnázium/szakközépiskola (2016.09.01-től kifutó rendszerben);férfi;nappali;magyar nyelv és irodalom;közép;rendes;Nem;magyar;4;63;63;megjelent;30;10;12;10;0;1;63;-;-;-;-
2020;1;Szabolcs-Szatmár-Bereg;12;szakgimnázium/szakközépiskola (2016.09.01-től kifutó rendszerben);férfi;nappali;magyar nyelv és irodalom;közép;rendes;Nem;magyar;3;44;44;megjelent;22;8;5;8;0;1;44;-;-;-;-
2020;1;Szabolcs-Szatmár-Bereg;12;szakgimnázium/szakközépiskola (2016.09.01-től kifutó rendszerben);férfi;nappali;magyar nyelv és irodalom;közép;rendes;Nem;magyar;3;55;55;megjelent;25;7;8;9;4;2;55;-;-;-;-
2020;1;Szabolcs-Szatmár-Bereg;12;szakgimnázium/szakközépiskola (2016.09.01-től kifutó rendszerben);férfi;nappali;magyar nyelv és irodalom;közép;rendes;Nem;magyar;3;49;49;megjelent;20;7;5;8;8;1;49;-;-;-;-
2020;1;Szabolcs-Szatmár-Bereg;12;szakgimnázium/szakközépiskola (2016.09.01-től kifutó rendszerben);nő;nappali;magyar nyelv és irodalom;közép;rendes;Nem;magyar;3;40;40;megjelent;16;8;6;8;0;2;40;-;-;-;-
2020;1;Szabolcs-Szatmár-Bereg;12;szakgimnázium/szakközépiskola (2016.09.01-től kifutó rendszerben);férfi;nappali;magyar nyelv és irodalom;közép;rendes;Nem;magyar;3;50;50;megjelent;24;6;10;8;0;2;50;-;-;-;-
2020;1;Szabolcs-Szatmár-Bereg;12;gimnázium;nő;nappali;magyar nyelv és irodalom;közép;rendes;Nem;magyar;5;80;80;megjelent;28;10;22;12;6;2;80;-;-;-;-
2020;1;Szabolcs-Szatmár-Bereg;12;szakgimnázium/szakközépiskola (2016.09.01-től kifutó rendszerben);nő;nappali;magyar nyelv és irodalom;közép;rendes;Nem;magyar;3;45;45;megjelent;21;5;10;8;0;1;45;-;-;-;-
2020;1;Szabolcs-Szatmár-Bereg;12;szakgimnázium/szakközépiskola (2016.09.01-től kifutó rendszerben);nő;nappali;magyar nyelv és irodalom;közép;rendes;Nem;magyar;3;41;41;megjelent;15;6;10;8;0;2;41;-;-;-;-
2020;1;Szabolcs-Szatmár-Bereg;12;gimnázium;nő;nappali;magyar nyelv és irodalom;közép;rendes;Nem;magyar;3;43;43;megjelent;21;6;7;8;0;1;43;-;-;-;-
2020;1;Szabolcs-Szatmár-Bereg;12;szakgimnázium/szakközépiskola (2016.09.01-től kifutó rendszerben);férfi;nappali;magyar nyelv és irodalom;közép;rendes;Nem;magyar;3;43;43;megjelent;21;8;6;7;0;1;43;-;-;-;-
2020;1;Szabolcs-Szatmár-Bereg;12;gimnázium;nő;nappali;magyar nyelv és irodalom;közép;rendes;Nem;magyar;4;70;70;megjelent;31;8;17;8;4;2;70;-;-;-;-
2020;1;Szabolcs-Szatmár-Bereg;12;szakgimnázium/szakközépiskola (2016.09.01-től kifutó rendszerben);nő;nappali;magyar nyelv és irodalom;közép;rendes;Nem;magyar;2;38;38;megjelent;18;5;5;8;0;2;38;-;-;-;-
2020;1;Szabolcs-Szatmár-Bereg;12;szakgimnázium/szakközépiskola (2016.09.01-től kifutó rendszerben);nő;nappali;magyar nyelv és irodalom;közép;rendes;Nem;magyar;3;46;46;megjelent;23;6;5;8;2;2;46;-;-;-;-
2020;1;Szabolcs-Szatmár-Bereg;12;szakgimnázium/szakközépiskola (2016.09.01-től kifutó rendszerben);nő;nappali;magyar nyelv és irodalom;közép;rendes;Nem;magyar;5;81;81;megjelent;30;8;21;13;7;2;81;-;-;-;-
2020;1;Szabolcs-Szatmár-Bereg;12;szakgimnázium/szakközépiskola (2016.09.01-től kifutó rendszerben);nő;nappali;magyar nyelv és irodalom;közép;rendes;Nem;magyar;3;47;47;megjelent;20;6;10;9;0;2;47;-;-;-;-
2020;1;Szabolcs-Szatmár-Bereg;12;gimnázium;nő;nappali;magyar nyelv és irodalom;közép;rendes;Nem;magyar;2;35;35;megjelent;20;5;4;4;0;2;35;-;-;-;-
2020;1;Szabolcs-Szatmár-Bereg;12;gimnázium;nő;nappali;magyar nyelv és irodalom;közép;rendes;Nem;magyar;3;47;47;megjelent;17;9;10;9;0;2;47;-;-;-;-
2020;1;Szabolcs-Szatmár-Bereg;12;szakgimnázium/szakközépiskola (2016.09.01-től kifutó rendszerben);nő;nappali;magyar nyelv és irodalom;közép;rendes;Nem;magyar;3;54;54;megjelent;30;9;5;8;0;2;54;-;-;-;-
2020;1;Szabolcs-Szatmár-Bereg;12;szakgimnázium/szakközépiskola (2016.09.01-től kifutó rendszerben);nő;nappali;magyar nyelv és irodalom;közép;rendes;Nem;magyar;3;57;57;megjelent;27;5;10;10;3;2;57;-;-;-;-
2020;1;Szabolcs-Szatmár-Bereg;12;szakgimnázium/szakközépiskola (2016.09.01-től kifutó rendszerben);nő;nappali;magyar nyelv és irodalom;közép;rendes;Nem;magyar;5;84;84;megjelent;37;10;20;15;1;1;84;-;-;-;-
2020;1;Szabolcs-Szatmár-Bereg;12;szakgimnázium/szakközépiskola (2016.09.01-től kifutó rendszerben);nő;nappali;magyar nyelv és irodalom;közép;rendes;Nem;magyar;4;70;70;megjelent;38;10;10;10;1;1;70;-;-;-;-
2020;1;Szabolcs-Szatmár-Bereg;12;szakgimnázium/szakközépiskola (2016.09.01-től kifutó rendszerben);nő;nappali;magyar nyelv és irodalom;közép;rendes;Nem;magyar;5;80;80;megjelent;29;10;24;15;0;2;80;-;-;-;-
2020;1;Szabolcs-Szatmár-Bereg;12;szakgimnázium/szakközépiskola (2016.09.01-től kifutó rendszerben);nő;nappali;magyar nyelv és irodalom;közép;rendes;Nem;magyar;4;60;60;megjelent;23;8;11;11;5;2;60;-;-;-;-
2020;1;Szabolcs-Szatmár-Bereg;12;gimnázium;férfi;nappali;magyar nyelv és irodalom;közép;rendes;Nem;magyar;3;53;53;megjelent;16;9;15;11;0;2;53;-;-;-;-
2020;1;Szabolcs-Szatmár-Bereg;12;gimnázium;férfi;nappali;magyar nyelv és irodalom;közép;rendes;Nem;magyar;3;53;53;megjelent;15;9;15;13;0;1;53;-;-;-;-
2020;1;Szabolcs-Szatmár-Bereg;12;szakgimnázium/szakközépiskola (2016.09.01-től kifutó rendszerben);nő;nappali;magyar nyelv és irodalom;közép;rendes;Nem;magyar;4;75;75;megjelent;32;10;12;13;6;2;75;-;-;-;-
2020;1;Szabolcs-Szatmár-Bereg;12;szakgimnázium/szakközépiskola (2016.09.01-től kifutó rendszerben);nő;nappali;magyar nyelv és irodalom;közép;rendes;Nem;magyar;3;51;51;megjelent;28;9;4;8;0;2;51;-;-;-;-
2020;1;Szabolcs-Szatmár-Bereg;12;szakgimnázium/szakközépiskola (2016.09.01-től kifutó rendszerben);nő;nappali;magyar nyelv és irodalom;közép;rendes;Nem;magyar;2;34;34;megjelent;17;7;1;7;0;2;34;-;-;-;-
2020;1;Szabolcs-Szatmár-Bereg;12;gimnázium;férfi;nappali;magyar nyelv és irodalom;közép;rendes;Nem;magyar;4;65;65;megjelent;20;9;21;13;0;2;65;-;-;-;-
2020;1;Szabolcs-Szatmár-Bereg;12;gimnázium;nő;nappali;magyar nyelv és irodalom;közép;rendes;Nem;magyar;4;61;61;megjelent;24;0;17;11;8;1;61;-;-;-;-
2020;1;Szabolcs-Szatmár-Bereg;12;szakgimnázium/szakközépiskola (2016.09.01-től kifutó rendszerben);nő;nappali;magyar nyelv és irodalom;közép;rendes;Nem;magyar;3;45;45;megjelent;26;6;7;5;0;1;45;-;-;-;-
2020;1;Szabolcs-Szatmár-Bereg;12;szakgimnázium/szakközépiskola (2016.09.01-től kifutó rendszerben);nő;nappali;magyar nyelv és irodalom;közép;rendes;Nem;magyar;3;50;50;megjelent;27;6;6;9;0;2;50;-;-;-;-
2020;1;Szabolcs-Szatmár-Bereg;12;szakgimnázium/szakközépiskola (2016.09.01-től kifutó rendszerben);nő;nappali;magyar nyelv és irodalom;közép;rendes;Nem;magyar;4;72;72;megjelent;32;10;16;12;0;2;72;-;-;-;-
2020;1;Szabolcs-Szatmár-Bereg;12;szakgimnázium/szakközépiskola (2016.09.01-től kifutó rendszerben);nő;nappali;magyar nyelv és irodalom;közép;rendes;Nem;magyar;3;52;52;megjelent;25;6;10;9;0;2;52;-;-;-;-
2020;1;Szabolcs-Szatmár-Bereg;12;szakgimnázium/szakközépiskola (2016.09.01-től kifutó rendszerben);nő;nappali;magyar nyelv és irodalom;közép;rendes;Nem;magyar;3;54;54;megjelent;25;7;9;9;2;2;54;-;-;-;-
2020;1;Szabolcs-Szatmár-Bereg;12;gimnázium;nő;nappali;magyar nyelv és irodalom;közép;rendes;Nem;magyar;3;52;52;megjelent;21;4;15;8;2;2;52;-;-;-;-
2020;1;Szabolcs-Szatmár-Bereg;12;szakgimnázium/szakközépiskola (2016.09.01-től kifutó rendszerben);nő;nappali;magyar nyelv és irodalom;közép;rendes;Nem;magyar;4;66;66;megjelent;33;7;12;12;0;2;66;-;-;-;-
2020;1;Szabolcs-Szatmár-Bereg;12;szakgimnázium/szakközépiskola (2016.09.01-től kifutó rendszerben);nő;nappali;magyar nyelv és irodalom;közép;rendes;Nem;magyar;4;62;62;megjelent;24;10;16;10;0;2;62;-;-;-;-
2020;1;Szabolcs-Szatmár-Bereg;12;szakgimnázium/szakközépiskola (2016.09.01-től kifutó rendszerben);nő;nappali;magyar nyelv és irodalom;közép;rendes;Nem;magyar;3;50;50;megjelent;20;6;9;10;3;2;50;-;-;-;-
2020;1;Szabolcs-Szatmár-Bereg;12;szakgimnázium/szakközépiskola (2016.09.01-től kifutó rendszerben);nő;nappali;magyar nyelv és irodalom;közép;rendes;Nem;magyar;4;64;64;megjelent;25;10;17;10;0;2;64;-;-;-;-
2020;1;Szabolcs-Szatmár-Bereg;12;szakgimnázium/szakközépiskola (2016.09.01-től kifutó rendszerben);nő;nappali;magyar nyelv és irodalom;közép;rendes;Nem;magyar;4;60;60;megjelent;26;6;13;11;2;2;60;-;-;-;-
2020;1;Szabolcs-Szatmár-Bereg;12;gimnázium;férfi;nappali;magyar nyelv és irodalom;közép;rendes;Nem;magyar;4;61;61;megjelent;28;7;15;8;1;2;61;-;-;-;-
2020;1;Szabolcs-Szatmár-Bereg;12;szakgimnázium/szakközépiskola (2016.09.01-től kifutó rendszerben);nő;nappali;magyar nyelv és irodalom;közép;rendes;Nem;magyar;4;78;78;megjelent;28;6;25;14;3;2;78;-;-;-;-
2020;1;Szabolcs-Szatmár-Bereg;12;gimnázium;nő;nappali;magyar nyelv és irodalom;közép;rendes;Nem;magyar;4;72;72;megjelent;27;10;22;11;0;2;72;-;-;-;-
2020;1;Szabolcs-Szatmár-Bereg;12;gimnázium;férfi;nappali;magyar nyelv és irodalom;közép;rendes;Nem;magyar;3;41;41;megjelent;22;6;6;6;0;1;41;-;-;-;-
2020;1;Szabolcs-Szatmár-Bereg;12;gimnázium;férfi;nappali;magyar nyelv és irodalom;közép;rendes;Nem;magyar;4;73;73;megjelent;32;9;14;10;6;2;73;-;-;-;-
2020;1;Szabolcs-Szatmár-Bereg;12;gimnázium;nő;nappali;magyar nyelv és irodalom;közép;rendes;Nem;magyar;4;60;60;megjelent;25;6;14;7;6;2;60;-;-;-;-
2020;1;Szabolcs-Szatmár-Bereg;12;gimnázium;férfi;nappali;magyar nyelv és irodalom;közép;rendes;Nem;magyar;4;74;74;megjelent;30;6;18;13;5;2;74;-;-;-;-
2020;1;Szabolcs-Szatmár-Bereg;12;gimnázium;férfi;nappali;magyar nyelv és irodalom;közép;rendes;Nem;magyar;5;80;80;megjelent;25;9;23;15;6;2;80;-;-;-;-
2020;1;Szabolcs-Szatmár-Bereg;12;gimnázium;nő;nappali;magyar nyelv és irodalom;közép;rendes;Nem;magyar;5;96;96;megjelent;37;10;25;14;8;2;96;-;-;-;-
2020;1;Szabolcs-Szatmár-Bereg;12;gimnázium;férfi;nappali;magyar nyelv és irodalom;közép;rendes;Nem;magyar;5;87;87;megjelent;37;10;17;14;7;2;87;-;-;-;-
2020;1;Szabolcs-Szatmár-Bereg;12;gimnázium;nő;nappali;magyar nyelv és irodalom;közép;rendes;Nem;magyar;4;60;60;megjelent;26;7;16;10;0;1;60;-;-;-;-
2020;1;Szabolcs-Szatmár-Bereg;12;gimnázium;nő;nappali;magyar nyelv és irodalom;közép;rendes;Nem;magyar;5;90;90;megjelent;33;9;25;14;7;2;90;-;-;-;-
2020;1;Szabolcs-Szatmár-Bereg;12;gimnázium;nő;nappali;magyar nyelv és irodalom;közép;rendes;Nem;magyar;5;94;94;megjelent;37;9;24;15;7;2;94;-;-;-;-
2020;1;Szabolcs-Szatmár-Bereg;12;gimnázium;férfi;nappali;magyar nyelv és irodalom;közép;rendes;Nem;magyar;5;85;85;megjelent;28;10;24;14;7;2;85;-;-;-;-
2020;1;Szabolcs-Szatmár-Bereg;12;gimnázium;nő;nappali;magyar nyelv és irodalom;közép;rendes;Nem;magyar;5;81;81;megjelent;31;10;20;13;5;2;81;-;-;-;-
2020;1;Szabolcs-Szatmár-Bereg;12;gimnázium;nő;nappali;magyar nyelv és irodalom;közép;rendes;Nem;magyar;5;94;94;megjelent;37;10;25;15;5;2;94;-;-;-;-
2020;1;Szabolcs-Szatmár-Bereg;12;gimnázium;nő;nappali;magyar nyelv és irodalom;közép;rendes;Nem;magyar;5;94;94;megjelent;37;9;24;14;8;2;94;-;-;-;-
2020;1;Szabolcs-Szatmár-Bereg;12;gimnázium;nő;nappali;magyar nyelv és irodalom;közép;rendes;Nem;magyar;4;64;64;megjelent;27;8;16;7;4;2;64;-;-;-;-
2020;1;Szabolcs-Szatmár-Bereg;12;gimnázium;nő;nappali;magyar nyelv és irodalom;közép;rendes;Nem;magyar;5;80;80;megjelent;28;9;23;14;4;2;80;-;-;-;-
2020;1;Szabolcs-Szatmár-Bereg;12;gimnázium;férfi;nappali;magyar nyelv és irodalom;közép;rendes;Nem;magyar;4;62;62;megjelent;25;8;14;10;4;1;62;-;-;-;-
2020;1;Szabolcs-Szatmár-Bereg;12;gimnázium;nő;nappali;magyar nyelv és irodalom;közép;rendes;Nem;magyar;5;80;80;megjelent;28;9;22;13;6;2;80;-;-;-;-
2020;1;Szabolcs-Szatmár-Bereg;12;gimnázium;nő;nappali;magyar nyelv és irodalom;közép;rendes;Nem;magyar;5;94;94;megjelent;38;10;21;15;8;2;94;-;-;-;-
2020;1;Szabolcs-Szatmár-Bereg;12;gimnázium;nő;nappali;magyar nyelv és irodalom;közép;rendes;Nem;magyar;4;61;61;megjelent;29;8;13;9;0;2;61;-;-;-;-
2020;1;Szabolcs-Szatmár-Bereg;12;gimnázium;férfi;nappali;magyar nyelv és irodalom;közép;rendes;Nem;magyar;5;91;91;megjelent;33;9;25;14;8;2;91;-;-;-;-
2020;1;Szabolcs-Szatmár-Bereg;12;gimnázium;nő;nappali;magyar nyelv és irodalom;közép;rendes;Nem;magyar;5;83;83;megjelent;28;10;22;13;8;2;83;-;-;-;-
2020;1;Szabolcs-Szatmár-Bereg;12;gimnázium;nő;nappali;magyar nyelv és irodalom;közép;rendes;Nem;magyar;5;81;81;megjelent;26;8;25;15;5;2;81;-;-;-;-
2020;1;Szabolcs-Szatmár-Bereg;12;gimnázium;férfi;nappali;magyar nyelv és irodalom;közép;rendes;Nem;magyar;3;43;43;megjelent;23;6;8;5;0;1;43;-;-;-;-
2020;1;Szabolcs-Szatmár-Bereg;12;gimnázium;nő;nappali;magyar nyelv és irodalom;közép;rendes;Nem;magyar;3;46;46;megjelent;26;6;4;4;4;2;46;-;-;-;-
2020;1;Szabolcs-Szatmár-Bereg;12;gimnázium;nő;nappali;magyar nyelv és irodalom;közép;rendes;Nem;magyar;4;64;64;megjelent;26;8;17;11;0;2;64;-;-;-;-
2020;1;Szabolcs-Szatmár-Bereg;12;gimnázium;férfi;nappali;magyar nyelv és irodalom;közép;rendes;Igen;magyar;5;86;43;megjelent;-;-;-;-;-;-;-;22;8;13;43
2020;1;Szabolcs-Szatmár-Bereg;12;gimnázium;férfi;nappali;magyar nyelv és irodalom;közép;rendes;Nem;magyar;2;34;34;megjelent;21;5;4;4;0;0;34;-;-;-;-
2020;1;Szabolcs-Szatmár-Bereg;12;gimnázium;férfi;nappali;magyar nyelv és irodalom;közép;rendes;Nem;magyar;5;95;95;megjelent;36;10;25;15;8;1;95;-;-;-;-
2020;1;Szabolcs-Szatmár-Bereg;12;gimnázium;nő;nappali;magyar nyelv és irodalom;közép;rendes;Nem;magyar;2;33;33;megjelent;16;7;4;5;0;1;33;-;-;-;-
2020;1;Szabolcs-Szatmár-Bereg;12;gimnázium;nő;nappali;magyar nyelv és irodalom;közép;rendes;Nem;magyar;5;88;88;megjelent;32;9;24;14;7;2;88;-;-;-;-
2020;1;Szabolcs-Szatmár-Bereg;12;gimnázium;nő;nappali;magyar nyelv és irodalom;közép;rendes;Nem;magyar;4;73;73;megjelent;31;8;22;11;0;1;73;-;-;-;-
2020;1;Szabolcs-Szatmár-Bereg;12;gimnázium;férfi;nappali;magyar nyelv és irodalom;közép;rendes;Nem;magyar;3;53;53;megjelent;29;8;8;6;0;2;53;-;-;-;-
2020;1;Szabolcs-Szatmár-Bereg;12;gimnázium;nő;nappali;magyar nyelv és irodalom;közép;rendes;Nem;magyar;5;91;91;megjelent;32;10;25;15;7;2;91;-;-;-;-
2020;1;Szabolcs-Szatmár-Bereg;12;gimnázium;férfi;nappali;magyar nyelv és irodalom;közép;rendes;Nem;magyar;4;71;71;megjelent;30;10;15;11;4;1;71;-;-;-;-
2020;1;Szabolcs-Szatmár-Bereg;12;gimnázium;nő;nappali;magyar nyelv és irodalom;közép;rendes;Nem;magyar;5;86;86;megjelent;34;8;23;14;5;2;86;-;-;-;-
2020;1;Szabolcs-Szatmár-Bereg;12;gimnázium;férfi;nappali;magyar nyelv és irodalom;közép;rendes;Nem;magyar;5;82;82;megjelent;31;9;23;12;5;2;82;-;-;-;-
2020;1;Szabolcs-Szatmár-Bereg;12;gimnázium;nő;nappali;magyar nyelv és irodalom;közép;rendes;Nem;magyar;5;85;85;megjelent;34;9;22;14;4;2;85;-;-;-;-
2020;1;Szabolcs-Szatmár-Bereg;12;gimnázium;férfi;nappali;magyar nyelv és irodalom;közép;rendes;Nem;magyar;3;54;54;megjelent;30;5;5;8;5;1;54;-;-;-;-
2020;1;Szabolcs-Szatmár-Bereg;12;gimnázium;férfi;nappali;magyar nyelv és irodalom;közép;rendes;Nem;magyar;5;82;82;megjelent;29;9;21;14;7;2;82;-;-;-;-
2020;1;Szabolcs-Szatmár-Bereg;12;gimnázium;nő;nappali;magyar nyelv és irodalom;közép;rendes;Nem;magyar;5;90;90;megjelent;36;10;24;15;4;1;90;-;-;-;-
2020;1;Szabolcs-Szatmár-Bereg;12;gimnázium;nő;nappali;magyar nyelv és irodalom;közép;rendes;Nem;magyar;4;67;67;megjelent;22;7;20;13;3;2;67;-;-;-;-
2020;1;Szabolcs-Szatmár-Bereg;12;gimnázium;nő;nappali;magyar nyelv és irodalom;közép;rendes;Nem;magyar;5;80;80;megjelent;32;9;17;13;7;2;80;-;-;-;-
2020;1;Szabolcs-Szatmár-Bereg;12;szakgimnázium/szakközépiskola (2016.09.01-től kifutó rendszerben);férfi;nappali;magyar nyelv és irodalom;közép;rendes;Nem;magyar;3;40;40;megjelent;16;7;7;8;2;0;40;-;-;-;-
2020;1;Szabolcs-Szatmár-Bereg;12;gimnázium;nő;nappali;magyar nyelv és irodalom;közép;rendes;Nem;magyar;3;53;53;megjelent;21;6;15;9;0;2;53;-;-;-;-
2020;1;Szabolcs-Szatmár-Bereg;12;gimnázium;nő;nappali;magyar nyelv és irodalom;közép;rendes;Nem;magyar;3;55;55;megjelent;30;7;9;7;0;2;55;-;-;-;-
2020;1;Szabolcs-Szatmár-Bereg;12;gimnázium;férfi;nappali;magyar nyelv és irodalom;közép;rendes;Nem;magyar;2;36;36;megjelent;21;5;4;5;0;1;36;-;-;-;-
2020;1;Szabolcs-Szatmár-Bereg;12;gimnázium;nő;nappali;magyar nyelv és irodalom;közép;rendes;Nem;magyar;4;70;70;megjelent;31;8;17;12;0;2;70;-;-;-;-
2020;1;Szabolcs-Szatmár-Bereg;12;szakgimnázium/szakközépiskola (2016.09.01-től kifutó rendszerben);férfi;nappali;magyar nyelv és irodalom;közép;rendes;Nem;magyar;2;32;32;megjelent;19;4;4;4;0;1;32;-;-;-;-
2020;1;Szabolcs-Szatmár-Bereg;12;szakgimnázium/szakközépiskola (2016.09.01-től kifutó rendszerben);nő;nappali;magyar nyelv és irodalom;közép;rendes;Nem;magyar;4;70;70;megjelent;32;8;14;9;5;2;70;-;-;-;-
2020;1;Szabolcs-Szatmár-Bereg;12;gimnázium;nő;nappali;magyar nyelv és irodalom;közép;rendes;Nem;magyar;3;45;45;megjelent;22;3;10;8;0;2;45;-;-;-;-
2020;1;Szabolcs-Szatmár-Bereg;12;szakgimnázium/szakközépiskola (2016.09.01-től kifutó rendszerben);férfi;nappali;magyar nyelv és irodalom;közép;rendes;Nem;magyar;4;62;62;megjelent;24;9;11;10;6;2;62;-;-;-;-
2020;1;Szabolcs-Szatmár-Bereg;12;szakgimnázium/szakközépiskola (2016.09.01-től kifutó rendszerben);nő;nappali;magyar nyelv és irodalom;közép;rendes;Nem;magyar;4;64;64;megjelent;25;8;15;10;4;2;64;-;-;-;-
2020;1;Szabolcs-Szatmár-Bereg;12;gimnázium;férfi;nappali;magyar nyelv és irodalom;közép;rendes;Nem;magyar;3;50;50;megjelent;25;5;10;8;0;2;50;-;-;-;-
2020;1;Szabolcs-Szatmár-Bereg;12;gimnázium;férfi;nappali;magyar nyelv és irodalom;közép;rendes;Nem;magyar;5;80;80;megjelent;37;9;20;13;0;1;80;-;-;-;-
2020;1;Szabolcs-Szatmár-Bereg;12;gimnázium;férfi;nappali;magyar nyelv és irodalom;közép;rendes;Nem;magyar;4;73;73;megjelent;29;7;23;12;0;2;73;-;-;-;-
2020;1;Szabolcs-Szatmár-Bereg;12;gimnázium;nő;nappali;magyar nyelv és irodalom;közép;rendes;Nem;magyar;3;52;52;megjelent;27;8;9;6;0;2;52;-;-;-;-
2020;1;Szabolcs-Szatmár-Bereg;12;gimnázium;nő;nappali;magyar nyelv és irodalom;közép;rendes;Nem;magyar;4;64;64;megjelent;25;9;17;11;0;2;64;-;-;-;-
2020;1;Szabolcs-Szatmár-Bereg;12;gimnázium;férfi;nappali;magyar nyelv és irodalom;közép;rendes;Nem;magyar;4;73;73;megjelent;30;10;19;12;0;2;73;-;-;-;-
2020;1;Szabolcs-Szatmár-Bereg;12;gimnázium;férfi;nappali;magyar nyelv és irodalom;közép;rendes;Nem;magyar;4;62;62;megjelent;32;6;13;9;0;2;62;-;-;-;-
2020;1;Szabolcs-Szatmár-Bereg;12;gimnázium;nő;nappali;magyar nyelv és irodalom;közép;rendes;Nem;magyar;3;47;47;megjelent;25;6;8;7;0;1;47;-;-;-;-
2020;1;Szabolcs-Szatmár-Bereg;12;gimnázium;férfi;nappali;magyar nyelv és irodalom;közép;rendes;Nem;magyar;3;52;52;megjelent;24;5;12;9;0;2;52;-;-;-;-
2020;1;Szabolcs-Szatmár-Bereg;12;gimnázium;férfi;nappali;magyar nyelv és irodalom;közép;rendes;Nem;magyar;5;80;80;megjelent;36;9;22;12;0;1;80;-;-;-;-
2020;1;Szabolcs-Szatmár-Bereg;12;gimnázium;nő;nappali;magyar nyelv és irodalom;közép;rendes;Nem;magyar;3;50;50;megjelent;23;6;10;9;0;2;50;-;-;-;-
2020;1;Szabolcs-Szatmár-Bereg;12;gimnázium;nő;nappali;magyar nyelv és irodalom;közép;rendes;Nem;magyar;5;81;81;megjelent;30;9;19;14;7;2;81;-;-;-;-
2020;1;Szabolcs-Szatmár-Bereg;12;gimnázium;nő;nappali;magyar nyelv és irodalom;közép;rendes;Nem;magyar;4;65;65;megjelent;26;7;16;12;2;2;65;-;-;-;-
2020;1;Szabolcs-Szatmár-Bereg;12;gimnázium;nő;nappali;magyar nyelv és irodalom;közép;rendes;Nem;magyar;3;51;51;megjelent;25;6;9;9;0;2;51;-;-;-;-
2020;1;Szabolcs-Szatmár-Bereg;12;gimnázium;férfi;nappali;magyar nyelv és irodalom;közép;rendes;Nem;magyar;4;62;62;megjelent;27;7;16;10;0;2;62;-;-;-;-
2020;1;Szabolcs-Szatmár-Bereg;12;gimnázium;férfi;nappali;magyar nyelv és irodalom;közép;rendes;Nem;magyar;4;73;73;megjelent;30;8;21;13;0;1;73;-;-;-;-
2020;1;Szabolcs-Szatmár-Bereg;12;gimnázium;férfi;nappali;magyar nyelv és irodalom;közép;rendes;Nem;magyar;4;72;72;megjelent;28;9;22;11;0;2;72;-;-;-;-
2020;1;Szabolcs-Szatmár-Bereg;12;gimnázium;nő;nappali;magyar nyelv és irodalom;közép;rendes;Nem;magyar;5;85;85;megjelent;34;9;19;13;8;2;85;-;-;-;-
2020;1;Szabolcs-Szatmár-Bereg;12;gimnázium;nő;nappali;magyar nyelv és irodalom;közép;rendes;Igen;magyar;3;56;28;megjelent;-;-;-;-;-;-;-;13;6;9;28
2020;1;Szabolcs-Szatmár-Bereg;12;gimnázium;nő;nappali;magyar nyelv és irodalom;közép;rendes;Nem;magyar;5;82;82;megjelent;29;8;22;15;8;0;82;-;-;-;-
2020;1;Szabolcs-Szatmár-Bereg;12;gimnázium;férfi;nappali;magyar nyelv és irodalom;közép;rendes;Nem;magyar;5;80;80;megjelent;29;10;19;15;6;1;80;-;-;-;-
2020;1;Szabolcs-Szatmár-Bereg;12;gimnázium;nő;nappali;magyar nyelv és irodalom;közép;rendes;Nem;magyar;4;72;72;megjelent;28;9;20;13;2;0;72;-;-;-;-
2020;1;Szabolcs-Szatmár-Bereg;12;gimnázium;nő;nappali;magyar nyelv és irodalom;közép;rendes;Nem;magyar;4;70;70;megjelent;24;9;18;13;5;1;70;-;-;-;-
2020;1;Szabolcs-Szatmár-Bereg;12;gimnázium;nő;nappali;magyar nyelv és irodalom;közép;rendes;Nem;magyar;3;49;49;megjelent;18;7;12;11;0;1;49;-;-;-;-
2020;1;Szabolcs-Szatmár-Bereg;12;gimnázium;nő;nappali;magyar nyelv és irodalom;közép;rendes;Nem;magyar;5;80;80;megjelent;35;6;18;13;8;0;80;-;-;-;-
2020;1;Szabolcs-Szatmár-Bereg;12;szakgimnázium/szakközépiskola (2016.09.01-től kifutó rendszerben);férfi;nappali;magyar nyelv és irodalom;közép;rendes;Nem;magyar;3;46;46;megjelent;23;3;8;8;3;1;46;-;-;-;-
2020;1;Szabolcs-Szatmár-Bereg;12;szakgimnázium/szakközépiskola (2016.09.01-től kifutó rendszerben);nő;nappali;magyar nyelv és irodalom;közép;rendes;Nem;magyar;2;31;31;megjelent;14;3;6;6;0;2;31;-;-;-;-
2020;1;Szabolcs-Szatmár-Bereg;12;szakgimnázium/szakközépiskola (2016.09.01-től kifutó rendszerben);férfi;nappali;magyar nyelv és irodalom;közép;rendes;Nem;magyar;2;32;32;megjelent;17;3;6;5;0;1;32;-;-;-;-
2020;1;Szabolcs-Szatmár-Bereg;12;szakgimnázium/szakközépiskola (2016.09.01-től kifutó rendszerben);nő;nappali;magyar nyelv és irodalom;közép;rendes;Nem;magyar;2;26;26;megjelent;14;2;3;2;4;1;26;-;-;-;-
2020;1;Szabolcs-Szatmár-Bereg;12;szakgimnázium/szakközépiskola (2016.09.01-től kifutó rendszerben);nő;nappali;magyar nyelv és irodalom;közép;rendes;Nem;magyar;3;53;53;megjelent;21;7;9;10;4;2;53;-;-;-;-
2020;1;Szabolcs-Szatmár-Bereg;12;szakgimnázium/szakközépiskola (2016.09.01-től kifutó rendszerben);férfi;nappali;magyar nyelv és irodalom;közép;rendes;Nem;magyar;2;25;25;megjelent;15;2;4;4;0;0;25;-;-;-;-
2020;1;Szabolcs-Szatmár-Bereg;12;szakgimnázium/szakközépiskola (2016.09.01-től kifutó rendszerben);férfi;nappali;magyar nyelv és irodalom;közép;rendes;Nem;magyar;2;36;36;megjelent;21;4;4;6;0;1;36;-;-;-;-
2020;1;Szabolcs-Szatmár-Bereg;12;szakgimnázium/szakközépiskola (2016.09.01-től kifutó rendszerben);nő;nappali;magyar nyelv és irodalom;közép;rendes;Nem;magyar;3;41;41;megjelent;22;6;6;5;0;2;41;-;-;-;-
2020;1;Szabolcs-Szatmár-Bereg;12;szakgimnázium/szakközépiskola (2016.09.01-től kifutó rendszerben);nő;nappali;magyar nyelv és irodalom;közép;rendes;Nem;magyar;3;45;45;megjelent;23;3;9;7;1;2;45;-;-;-;-
2020;1;Szabolcs-Szatmár-Bereg;12;szakgimnázium/szakközépiskola (2016.09.01-től kifutó rendszerben);nő;nappali;magyar nyelv és irodalom;közép;rendes;Nem;magyar;4;65;65;megjelent;25;7;16;10;5;2;65;-;-;-;-
2020;1;Szabolcs-Szatmár-Bereg;12;gimnázium;nő;nappali;magyar nyelv és irodalom;közép;rendes;Nem;magyar;5;81;81;megjelent;35;9;24;11;0;2;81;-;-;-;-
2020;1;Szabolcs-Szatmár-Bereg;12;gimnázium;nő;nappali;magyar nyelv és irodalom;közép;rendes;Nem;magyar;5;86;86;megjelent;38;10;18;12;6;2;86;-;-;-;-
2020;1;Szabolcs-Szatmár-Bereg;12;gimnázium;férfi;nappali;magyar nyelv és irodalom;közép;rendes;Nem;magyar;4;67;67;megjelent;37;8;12;8;0;2;67;-;-;-;-
2020;1;Szabolcs-Szatmár-Bereg;12;gimnázium;nő;nappali;magyar nyelv és irodalom;közép;rendes;Nem;magyar;5;84;84;megjelent;36;9;21;11;5;2;84;-;-;-;-
2020;1;Szabolcs-Szatmár-Bereg;12;gimnázium;nő;nappali;magyar nyelv és irodalom;közép;rendes;Nem;magyar;4;72;72;megjelent;33;10;17;10;0;2;72;-;-;-;-
2020;1;Szabolcs-Szatmár-Bereg;12;gimnázium;nő;nappali;magyar nyelv és irodalom;közép;rendes;Nem;magyar;5;80;80;megjelent;32;9;17;13;7;2;80;-;-;-;-
2020;1;Szabolcs-Szatmár-Bereg;12;gimnázium;nő;nappali;magyar nyelv és irodalom;közép;rendes;Nem;magyar;5;80;80;megjelent;31;10;23;14;0;2;80;-;-;-;-
2020;1;Szabolcs-Szatmár-Bereg;12;gimnázium;nő;nappali;magyar nyelv és irodalom;közép;rendes;Nem;magyar;3;50;50;megjelent;25;7;10;7;0;1;50;-;-;-;-
2020;1;Szabolcs-Szatmár-Bereg;12;gimnázium;nő;nappali;magyar nyelv és irodalom;közép;rendes;Nem;magyar;4;67;67;megjelent;29;9;19;9;0;1;67;-;-;-;-
2020;1;Szabolcs-Szatmár-Bereg;12;gimnázium;férfi;nappali;magyar nyelv és irodalom;közép;rendes;Nem;magyar;3;45;45;megjelent;29;7;5;4;0;0;45;-;-;-;-
2020;1;Szabolcs-Szatmár-Bereg;12;gimnázium;nő;nappali;magyar nyelv és irodalom;közép;rendes;Nem;magyar;4;60;60;megjelent;28;8;13;10;0;1;60;-;-;-;-
2020;1;Szabolcs-Szatmár-Bereg;12;gimnázium;nő;nappali;magyar nyelv és irodalom;közép;rendes;Nem;magyar;3;49;49;megjelent;25;7;8;7;1;1;49;-;-;-;-
2020;1;Szabolcs-Szatmár-Bereg;12;gimnázium;férfi;nappali;magyar nyelv és irodalom;közép;rendes;Nem;magyar;2;30;30;megjelent;26;0;1;3;0;0;30;-;-;-;-
2020;1;Szabolcs-Szatmár-Bereg;12;gimnázium;férfi;nappali;magyar nyelv és irodalom;közép;rendes;Nem;magyar;3;44;44;megjelent;29;6;5;4;0;0;44;-;-;-;-
2020;1;Szabolcs-Szatmár-Bereg;12;gimnázium;férfi;nappali;magyar nyelv és irodalom;közép;rendes;Nem;magyar;2;37;37;megjelent;26;0;5;5;0;1;37;-;-;-;-
2020;1;Szabolcs-Szatmár-Bereg;12;gimnázium;nő;nappali;magyar nyelv és irodalom;közép;rendes;Nem;magyar;2;35;35;megjelent;17;4;6;6;0;2;35;-;-;-;-
2020;1;Szabolcs-Szatmár-Bereg;12;gimnázium;nő;nappali;magyar nyelv és irodalom;közép;rendes;Nem;magyar;4;62;62;megjelent;26;8;17;9;0;2;62;-;-;-;-
2020;1;Szabolcs-Szatmár-Bereg;12;gimnázium;nő;nappali;magyar nyelv és irodalom;közép;rendes;Nem;magyar;3;40;40;megjelent;17;5;9;8;0;1;40;-;-;-;-
2020;1;Szabolcs-Szatmár-Bereg;12;gimnázium;nő;nappali;magyar nyelv és irodalom;közép;rendes;Nem;magyar;3;46;46;megjelent;23;6;4;8;3;2;46;-;-;-;-
2020;1;Szabolcs-Szatmár-Bereg;12;gimnázium;férfi;nappali;magyar nyelv és irodalom;közép;rendes;Igen;magyar;4;60;30;megjelent;-;-;-;-;-;-;-;11;7;12;30
2020;1;Szabolcs-Szatmár-Bereg;12;gimnázium;nő;nappali;magyar nyelv és irodalom;közép;rendes;Nem;magyar;4;62;62;megjelent;32;7;14;8;0;1;62;-;-;-;-
2020;1;Szabolcs-Szatmár-Bereg;12;gimnázium;nő;nappali;magyar nyelv és irodalom;közép;rendes;Nem;magyar;3;49;49;megjelent;25;6;10;7;0;1;49;-;-;-;-
2020;1;Szabolcs-Szatmár-Bereg;12;gimnázium;nő;nappali;magyar nyelv és irodalom;közép;rendes;Nem;magyar;2;29;29;megjelent;17;4;3;4;0;1;29;-;-;-;-
2020;1;Szabolcs-Szatmár-Bereg;12;gimnázium;nő;nappali;magyar nyelv és irodalom;közép;rendes;Nem;magyar;4;63;63;megjelent;32;8;13;9;0;1;63;-;-;-;-
2020;1;Szabolcs-Szatmár-Bereg;12;gimnázium;férfi;nappali;magyar nyelv és irodalom;közép;rendes;Nem;magyar;4;69;69;megjelent;27;7;17;10;6;2;69;-;-;-;-
2020;1;Szabolcs-Szatmár-Bereg;12;gimnázium;nő;nappali;magyar nyelv és irodalom;közép;rendes;Nem;magyar;4;60;60;megjelent;30;7;12;9;0;2;60;-;-;-;-
2020;1;Szabolcs-Szatmár-Bereg;12;gimnázium;nő;nappali;magyar nyelv és irodalom;közép;rendes;Nem;magyar;5;91;91;megjelent;36;10;22;15;6;2;91;-;-;-;-
2020;1;Szabolcs-Szatmár-Bereg;12;gimnázium;nő;nappali;magyar nyelv és irodalom;közép;rendes;Nem;magyar;5;93;93;megjelent;37;10;25;15;4;2;93;-;-;-;-
2020;1;Szabolcs-Szatmár-Bereg;12;gimnázium;férfi;nappali;magyar nyelv és irodalom;közép;rendes;Nem;magyar;4;64;64;megjelent;33;8;13;8;0;2;64;-;-;-;-
2020;1;Szabolcs-Szatmár-Bereg;12;gimnázium;nő;nappali;magyar nyelv és irodalom;közép;rendes;Nem;magyar;4;74;74;megjelent;30;9;19;11;3;2;74;-;-;-;-
2020;1;Szabolcs-Szatmár-Bereg;12;gimnázium;nő;nappali;magyar nyelv és irodalom;közép;rendes;Nem;magyar;5;80;80;megjelent;37;8;19;14;0;2;80;-;-;-;-
2020;1;Szabolcs-Szatmár-Bereg;12;gimnázium;férfi;nappali;magyar nyelv és irodalom;közép;rendes;Nem;magyar;4;76;76;megjelent;31;8;23;13;0;1;76;-;-;-;-
2020;1;Szabolcs-Szatmár-Bereg;12;gimnázium;férfi;nappali;magyar nyelv és irodalom;közép;rendes;Nem;magyar;4;60;60;megjelent;24;8;16;10;0;2;60;-;-;-;-
2020;1;Szabolcs-Szatmár-Bereg;12;gimnázium;nő;nappali;magyar nyelv és irodalom;közép;rendes;Nem;magyar;5;85;85;megjelent;33;9;23;12;6;2;85;-;-;-;-
2020;1;Szabolcs-Szatmár-Bereg;12;gimnázium;férfi;nappali;magyar nyelv és irodalom;közép;rendes;Igen;magyar;3;50;25;megjelent;-;-;-;-;-;-;-;10;5;10;25
2020;1;Szabolcs-Szatmár-Bereg;12;gimnázium;férfi;nappali;magyar nyelv és irodalom;közép;rendes;Nem;magyar;4;64;64;megjelent;26;8;17;10;1;2;64;-;-;-;-
2020;1;Szabolcs-Szatmár-Bereg;12;gimnázium;nő;nappali;magyar nyelv és irodalom;közép;rendes;Nem;magyar;5;85;85;megjelent;32;10;21;15;5;2;85;-;-;-;-
2020;1;Szabolcs-Szatmár-Bereg;12;gimnázium;nő;nappali;magyar nyelv és irodalom;közép;rendes;Nem;magyar;4;70;70;megjelent;29;8;16;12;3;2;70;-;-;-;-
2020;1;Szabolcs-Szatmár-Bereg;12;gimnázium;nő;nappali;magyar nyelv és irodalom;közép;rendes;Nem;magyar;4;60;60;megjelent;26;9;13;10;0;2;60;-;-;-;-
2020;1;Szabolcs-Szatmár-Bereg;12;gimnázium;nő;nappali;magyar nyelv és irodalom;közép;rendes;Nem;magyar;5;86;86;megjelent;35;9;23;14;3;2;86;-;-;-;-
2020;1;Szabolcs-Szatmár-Bereg;12;gimnázium;férfi;nappali;magyar nyelv és irodalom;közép;rendes;Nem;magyar;3;55;55;megjelent;27;7;11;6;3;1;55;-;-;-;-
2020;1;Szabolcs-Szatmár-Bereg;12;gimnázium;nő;nappali;magyar nyelv és irodalom;közép;rendes;Nem;magyar;4;72;72;megjelent;25;10;19;14;2;2;72;-;-;-;-
2020;1;Szabolcs-Szatmár-Bereg;12;gimnázium;nő;nappali;magyar nyelv és irodalom;közép;rendes;Nem;magyar;4;70;70;megjelent;29;8;18;10;3;2;70;-;-;-;-
2020;1;Szabolcs-Szatmár-Bereg;12;gimnázium;nő;nappali;magyar nyelv és irodalom;közép;rendes;Nem;magyar;5;80;80;megjelent;28;9;23;14;4;2;80;-;-;-;-
2020;1;Szabolcs-Szatmár-Bereg;12;gimnázium;férfi;nappali;magyar nyelv és irodalom;közép;rendes;Nem;magyar;4;60;60;megjelent;32;5;12;7;3;1;60;-;-;-;-
2020;1;Szabolcs-Szatmár-Bereg;12;gimnázium;férfi;nappali;magyar nyelv és irodalom;közép;rendes;Nem;magyar;3;51;51;megjelent;25;7;9;7;1;2;51;-;-;-;-
2020;1;Szabolcs-Szatmár-Bereg;12;gimnázium;férfi;nappali;magyar nyelv és irodalom;közép;rendes;Nem;magyar;4;64;64;megjelent;32;8;13;9;0;2;64;-;-;-;-
2020;1;Szabolcs-Szatmár-Bereg;12;gimnázium;férfi;nappali;magyar nyelv és irodalom;közép;rendes;Nem;magyar;4;74;74;megjelent;35;7;19;11;0;2;74;-;-;-;-
2020;1;Szabolcs-Szatmár-Bereg;12;gimnázium;férfi;nappali;magyar nyelv és irodalom;közép;rendes;Nem;magyar;5;82;82;megjelent;34;8;21;12;5;2;82;-;-;-;-
2020;1;Szabolcs-Szatmár-Bereg;12;gimnázium;férfi;nappali;magyar nyelv és irodalom;közép;rendes;Nem;magyar;3;44;44;megjelent;21;6;8;7;0;2;44;-;-;-;-
2020;1;Szabolcs-Szatmár-Bereg;12;gimnázium;nő;nappali;magyar nyelv és irodalom;közép;rendes;Nem;magyar;3;55;55;megjelent;28;6;6;8;5;2;55;-;-;-;-
2020;1;Szabolcs-Szatmár-Bereg;12;gimnázium;férfi;nappali;magyar nyelv és irodalom;közép;rendes;Nem;magyar;3;54;54;megjelent;25;8;12;8;0;1;54;-;-;-;-
2020;1;Szabolcs-Szatmár-Bereg;12;gimnázium;nő;nappali;magyar nyelv és irodalom;közép;rendes;Nem;magyar;3;51;51;megjelent;23;8;9;9;0;2;51;-;-;-;-
2020;1;Szabolcs-Szatmár-Bereg;12;gimnázium;férfi;nappali;magyar nyelv és irodalom;közép;rendes;Nem;magyar;5;80;80;megjelent;36;7;16;13;6;2;80;-;-;-;-
2020;1;Szabolcs-Szatmár-Bereg;12;gimnázium;nő;nappali;magyar nyelv és irodalom;közép;rendes;Nem;magyar;4;61;61;megjelent;25;9;12;8;5;2;61;-;-;-;-
2020;1;Szabolcs-Szatmár-Bereg;12;gimnázium;nő;nappali;magyar nyelv és irodalom;közép;rendes;Nem;magyar;3;46;46;megjelent;23;5;6;10;0;2;46;-;-;-;-
2020;1;Szabolcs-Szatmár-Bereg;12;gimnázium;nő;nappali;magyar nyelv és irodalom;közép;rendes;Nem;magyar;2;34;34;megjelent;18;6;5;3;0;2;34;-;-;-;-
2020;1;Szabolcs-Szatmár-Bereg;12;gimnázium;férfi;nappali;magyar nyelv és irodalom;közép;rendes;Nem;magyar;4;66;66;megjelent;31;7;17;9;0;2;66;-;-;-;-
2020;1;Szabolcs-Szatmár-Bereg;12;gimnázium;nő;nappali;magyar nyelv és irodalom;közép;rendes;Nem;magyar;3;45;45;megjelent;19;4;11;9;0;2;45;-;-;-;-
2020;1;Szabolcs-Szatmár-Bereg;12;gimnázium;férfi;nappali;magyar nyelv és irodalom;közép;rendes;Nem;magyar;4;69;69;megjelent;30;8;19;11;0;1;69;-;-;-;-
2020;1;Szabolcs-Szatmár-Bereg;12;gimnázium;nő;nappali;magyar nyelv és irodalom;közép;rendes;Nem;magyar;4;65;65;megjelent;27;8;15;9;4;2;65;-;-;-;-
2020;1;Szabolcs-Szatmár-Bereg;12;gimnázium;nő;nappali;magyar nyelv és irodalom;közép;rendes;Nem;magyar;4;70;70;megjelent;26;9;20;13;1;1;70;-;-;-;-
2020;1;Szabolcs-Szatmár-Bereg;12;gimnázium;nő;nappali;magyar nyelv és irodalom;közép;rendes;Nem;magyar;5;89;89;megjelent;33;9;22;15;8;2;89;-;-;-;-
2020;1;Szabolcs-Szatmár-Bereg;12;gimnázium;nő;nappali;magyar nyelv és irodalom;közép;rendes;Nem;magyar;4;65;65;megjelent;23;7;17;13;3;2;65;-;-;-;-
2020;1;Szabolcs-Szatmár-Bereg;12;gimnázium;férfi;nappali;magyar nyelv és irodalom;közép;rendes;Nem;magyar;4;62;62;megjelent;29;5;18;9;0;1;62;-;-;-;-
2020;1;Szabolcs-Szatmár-Bereg;12;gimnázium;nő;nappali;magyar nyelv és irodalom;közép;rendes;Nem;magyar;5;81;81;megjelent;33;10;22;14;0;2;81;-;-;-;-
2020;1;Szabolcs-Szatmár-Bereg;12;gimnázium;nő;nappali;magyar nyelv és irodalom;közép;rendes;Nem;magyar;4;66;66;megjelent;28;7;14;9;6;2;66;-;-;-;-
2020;1;Szabolcs-Szatmár-Bereg;12;gimnázium;férfi;nappali;magyar nyelv és irodalom;közép;rendes;Nem;magyar;4;72;72;megjelent;34;7;19;11;0;1;72;-;-;-;-
2020;1;Szabolcs-Szatmár-Bereg;12;gimnázium;nő;nappali;magyar nyelv és irodalom;közép;rendes;Nem;magyar;4;76;76;megjelent;35;8;17;13;1;2;76;-;-;-;-
2020;1;Szabolcs-Szatmár-Bereg;12;gimnázium;férfi;nappali;magyar nyelv és irodalom;közép;rendes;Nem;magyar;2;33;33;megjelent;24;0;5;3;0;1;33;-;-;-;-
2020;1;Szabolcs-Szatmár-Bereg;12;gimnázium;nő;nappali;magyar nyelv és irodalom;közép;rendes;Nem;magyar;5;89;89;megjelent;35;8;25;13;6;2;89;-;-;-;-
2020;1;Szabolcs-Szatmár-Bereg;12;gimnázium;nő;nappali;magyar nyelv és irodalom;közép;rendes;Nem;magyar;5;85;85;megjelent;32;9;21;14;8;1;85;-;-;-;-
2020;1;Szabolcs-Szatmár-Bereg;12;gimnázium;nő;nappali;magyar nyelv és irodalom;közép;rendes;Nem;magyar;4;73;73;megjelent;29;9;18;13;3;1;73;-;-;-;-
2020;1;Szabolcs-Szatmár-Bereg;12;gimnázium;nő;nappali;magyar nyelv és irodalom;közép;rendes;Nem;magyar;5;86;86;megjelent;31;10;20;15;8;2;86;-;-;-;-
2020;1;Szabolcs-Szatmár-Bereg;12;gimnázium;nő;nappali;magyar nyelv és irodalom;közép;rendes;Nem;magyar;5;83;83;megjelent;31;10;20;14;6;2;83;-;-;-;-
2020;1;Szabolcs-Szatmár-Bereg;12;gimnázium;nő;nappali;magyar nyelv és irodalom;közép;rendes;Nem;magyar;5;96;96;megjelent;38;10;25;13;8;2;96;-;-;-;-
2020;1;Szabolcs-Szatmár-Bereg;12;gimnázium;nő;nappali;magyar nyelv és irodalom;közép;rendes;Nem;magyar;4;77;77;megjelent;29;10;18;11;7;2;77;-;-;-;-
2020;1;Szabolcs-Szatmár-Bereg;12;gimnázium;nő;nappali;magyar nyelv és irodalom;közép;rendes;Nem;magyar;4;72;72;megjelent;28;8;16;13;6;1;72;-;-;-;-
2020;1;Szabolcs-Szatmár-Bereg;12;gimnázium;férfi;nappali;magyar nyelv és irodalom;közép;rendes;Nem;magyar;4;74;74;megjelent;28;10;15;15;4;2;74;-;-;-;-
2020;1;Szabolcs-Szatmár-Bereg;12;gimnázium;férfi;nappali;magyar nyelv és irodalom;közép;rendes;Nem;magyar;5;80;80;megjelent;35;10;15;15;4;1;80;-;-;-;-
2020;1;Szabolcs-Szatmár-Bereg;12;gimnázium;nő;nappali;magyar nyelv és irodalom;közép;rendes;Nem;magyar;5;87;87;megjelent;36;10;19;15;5;2;87;-;-;-;-
2020;1;Szabolcs-Szatmár-Bereg;12;gimnázium;férfi;nappali;magyar nyelv és irodalom;közép;rendes;Nem;magyar;5;92;92;megjelent;37;9;24;15;7;0;92;-;-;-;-
2020;1;Szabolcs-Szatmár-Bereg;12;gimnázium;férfi;nappali;magyar nyelv és irodalom;közép;rendes;Nem;magyar;4;69;69;megjelent;33;0;19;14;2;1;69;-;-;-;-
2020;1;Szabolcs-Szatmár-Bereg;12;gimnázium;férfi;nappali;magyar nyelv és irodalom;közép;rendes;Nem;magyar;4;73;73;megjelent;32;9;14;14;3;1;73;-;-;-;-
2020;1;Szabolcs-Szatmár-Bereg;12;gimnázium;nő;nappali;magyar nyelv és irodalom;közép;rendes;Nem;magyar;5;81;81;megjelent;33;10;17;14;6;1;81;-;-;-;-
2020;1;Szabolcs-Szatmár-Bereg;12;gimnázium;férfi;nappali;magyar nyelv és irodalom;közép;rendes;Nem;magyar;4;65;65;megjelent;29;10;9;14;1;2;65;-;-;-;-
2020;1;Szabolcs-Szatmár-Bereg;12;gimnázium;férfi;nappali;magyar nyelv és irodalom;közép;rendes;Nem;magyar;4;75;75;megjelent;34;10;14;9;6;2;75;-;-;-;-
2020;1;Szabolcs-Szatmár-Bereg;12;gimnázium;férfi;nappali;magyar nyelv és irodalom;közép;rendes;Nem;magyar;4;71;71;megjelent;31;9;16;14;0;1;71;-;-;-;-
2020;1;Szabolcs-Szatmár-Bereg;12;gimnázium;férfi;nappali;magyar nyelv és irodalom;közép;rendes;Nem;magyar;5;81;81;megjelent;32;10;20;15;3;1;81;-;-;-;-
2020;1;Szabolcs-Szatmár-Bereg;12;gimnázium;nő;nappali;magyar nyelv és irodalom;közép;rendes;Nem;magyar;5;81;81;megjelent;31;10;19;15;5;1;81;-;-;-;-
2020;1;Szabolcs-Szatmár-Bereg;12;gimnázium;nő;nappali;magyar nyelv és irodalom;közép;rendes;Nem;magyar;5;88;88;megjelent;34;10;20;15;7;2;88;-;-;-;-
2020;1;Szabolcs-Szatmár-Bereg;12;gimnázium;nő;nappali;magyar nyelv és irodalom;közép;rendes;Nem;magyar;4;72;72;megjelent;26;10;17;14;3;2;72;-;-;-;-
2020;1;Szabolcs-Szatmár-Bereg;12;gimnázium;férfi;nappali;magyar nyelv és irodalom;közép;rendes;Nem;magyar;4;77;77;megjelent;32;10;15;13;6;1;77;-;-;-;-
2020;1;Szabolcs-Szatmár-Bereg;12;gimnázium;férfi;nappali;magyar nyelv és irodalom;közép;rendes;Nem;magyar;5;92;92;megjelent;38;9;24;15;5;1;92;-;-;-;-
2020;1;Szabolcs-Szatmár-Bereg;12;gimnázium;nő;nappali;magyar nyelv és irodalom;közép;rendes;Nem;magyar;5;88;88;megjelent;34;10;22;15;6;1;88;-;-;-;-
2020;1;Szabolcs-Szatmár-Bereg;12;gimnázium;férfi;nappali;magyar nyelv és irodalom;közép;rendes;Nem;magyar;5;82;82;megjelent;31;10;25;15;0;1;82;-;-;-;-
2020;1;Szabolcs-Szatmár-Bereg;12;gimnázium;férfi;nappali;magyar nyelv és irodalom;közép;rendes;Nem;magyar;5;83;83;megjelent;30;9;19;15;8;2;83;-;-;-;-
2020;1;Szabolcs-Szatmár-Bereg;12;gimnázium;nő;nappali;magyar nyelv és irodalom;közép;rendes;Nem;magyar;5;80;80;megjelent;30;10;18;15;6;1;80;-;-;-;-
2020;1;Szabolcs-Szatmár-Bereg;12;gimnázium;nő;nappali;magyar nyelv és irodalom;közép;rendes;Nem;magyar;5;80;80;megjelent;31;9;21;15;3;1;80;-;-;-;-
2020;1;Szabolcs-Szatmár-Bereg;12;gimnázium;nő;nappali;magyar nyelv és irodalom;közép;rendes;Nem;magyar;5;87;87;megjelent;36;9;20;14;6;2;87;-;-;-;-
2020;1;Szabolcs-Szatmár-Bereg;12;gimnázium;nő;nappali;magyar nyelv és irodalom;közép;rendes;Nem;magyar;5;81;81;megjelent;30;10;17;15;7;2;81;-;-;-;-
2020;1;Szabolcs-Szatmár-Bereg;12;gimnázium;férfi;nappali;magyar nyelv és irodalom;közép;rendes;Nem;magyar;5;86;86;megjelent;32;10;19;15;8;2;86;-;-;-;-
2020;1;Szabolcs-Szatmár-Bereg;12;gimnázium;férfi;nappali;magyar nyelv és irodalom;közép;rendes;Nem;magyar;4;74;74;megjelent;33;10;16;14;0;1;74;-;-;-;-
2020;1;Szabolcs-Szatmár-Bereg;12;gimnázium;nő;nappali;magyar nyelv és irodalom;közép;rendes;Nem;magyar;5;92;92;megjelent;32;10;25;15;8;2;92;-;-;-;-
2020;1;Szabolcs-Szatmár-Bereg;12;gimnázium;férfi;nappali;magyar nyelv és irodalom;közép;rendes;Nem;magyar;5;82;82;megjelent;33;10;16;14;7;2;82;-;-;-;-
2020;1;Szabolcs-Szatmár-Bereg;13;szakközép;nő;nappali;magyar nyelv és irodalom;közép;rendes;Nem;magyar;3;54;54;megjelent;18;10;15;9;0;2;54;-;-;-;-
2020;1;Szabolcs-Szatmár-Bereg;12;gimnázium;férfi;nappali;magyar nyelv és irodalom;közép;rendes;Nem;magyar;3;50;50;megjelent;25;9;8;8;0;0;50;-;-;-;-
2020;1;Szabolcs-Szatmár-Bereg;12;gimnázium;férfi;nappali;magyar nyelv és irodalom;közép;rendes;Nem;magyar;3;46;46;megjelent;23;8;8;7;0;0;46;-;-;-;-
2020;1;Szabolcs-Szatmár-Bereg;12;gimnázium;férfi;nappali;magyar nyelv és irodalom;közép;rendes;Nem;magyar;3;45;45;megjelent;26;7;6;6;0;0;45;-;-;-;-
2020;1;Szabolcs-Szatmár-Bereg;12;gimnázium;nő;nappali;magyar nyelv és irodalom;közép;rendes;Nem;magyar;5;80;80;megjelent;28;9;19;15;8;1;80;-;-;-;-
2020;1;Szabolcs-Szatmár-Bereg;12;gimnázium;nő;nappali;magyar nyelv és irodalom;közép;rendes;Nem;magyar;4;61;61;megjelent;28;8;12;8;4;1;61;-;-;-;-
2020;1;Szabolcs-Szatmár-Bereg;12;gimnázium;nő;nappali;magyar nyelv és irodalom;közép;rendes;Nem;magyar;4;62;62;megjelent;36;8;10;7;0;1;62;-;-;-;-
2020;1;Szabolcs-Szatmár-Bereg;12;gimnázium;nő;nappali;magyar nyelv és irodalom;közép;rendes;Nem;magyar;4;64;64;megjelent;31;7;10;9;7;0;64;-;-;-;-
2020;1;Szabolcs-Szatmár-Bereg;12;gimnázium;nő;nappali;magyar nyelv és irodalom;közép;rendes;Nem;magyar;3;56;56;megjelent;29;8;10;7;0;2;56;-;-;-;-
2020;1;Szabolcs-Szatmár-Bereg;12;gimnázium;férfi;nappali;magyar nyelv és irodalom;közép;rendes;Nem;magyar;3;46;46;megjelent;27;6;7;5;0;1;46;-;-;-;-
2020;1;Szabolcs-Szatmár-Bereg;12;gimnázium;nő;nappali;magyar nyelv és irodalom;közép;rendes;Nem;magyar;5;90;90;megjelent;36;10;19;15;8;2;90;-;-;-;-
2020;1;Szabolcs-Szatmár-Bereg;12;szakgimnázium/szakközépiskola (2016.09.01-től kifutó rendszerben);férfi;nappali;magyar nyelv és irodalom;közép;rendes;Nem;magyar;2;37;37;megjelent;24;0;7;6;0;0;37;-;-;-;-
2020;1;Szabolcs-Szatmár-Bereg;12;gimnázium;nő;nappali;magyar nyelv és irodalom;közép;rendes;Nem;magyar;5;97;97;megjelent;37;10;25;15;8;2;97;-;-;-;-
2020;1;Szabolcs-Szatmár-Bereg;12;szakgimnázium/szakközépiskola (2016.09.01-től kifutó rendszerben);férfi;nappali;magyar nyelv és irodalom;közép;rendes;Nem;magyar;4;63;63;megjelent;31;4;16;11;0;1;63;-;-;-;-
2020;1;Szabolcs-Szatmár-Bereg;12;gimnázium;nő;nappali;magyar nyelv és irodalom;közép;rendes;Nem;magyar;5;94;94;megjelent;36;10;25;15;6;2;94;-;-;-;-
2020;1;Szabolcs-Szatmár-Bereg;12;gimnázium;nő;nappali;magyar nyelv és irodalom;közép;rendes;Nem;magyar;3;50;50;megjelent;24;6;6;6;8;0;50;-;-;-;-
2020;1;Szabolcs-Szatmár-Bereg;12;gimnázium;férfi;nappali;magyar nyelv és irodalom;közép;rendes;Nem;magyar;4;63;63;megjelent;28;7;17;10;0;1;63;-;-;-;-
2020;1;Szabolcs-Szatmár-Bereg;12;gimnázium;nő;nappali;magyar nyelv és irodalom;közép;rendes;Nem;magyar;5;80;80;megjelent;28;8;23;15;5;1;80;-;-;-;-
2020;1;Szabolcs-Szatmár-Bereg;12;gimnázium;nő;nappali;magyar nyelv és irodalom;közép;rendes;Nem;magyar;4;68;68;megjelent;23;10;19;13;3;0;68;-;-;-;-
2020;1;Szabolcs-Szatmár-Bereg;12;szakgimnázium/szakközépiskola (2016.09.01-től kifutó rendszerben);férfi;nappali;magyar nyelv és irodalom;közép;rendes;Nem;magyar;4;73;73;megjelent;35;8;19;11;0;0;73;-;-;-;-
2020;1;Szabolcs-Szatmár-Bereg;12;gimnázium;férfi;nappali;magyar nyelv és irodalom;közép;rendes;Nem;magyar;5;97;97;megjelent;37;10;25;15;8;2;97;-;-;-;-
2020;1;Szabolcs-Szatmár-Bereg;12;szakgimnázium/szakközépiskola (2016.09.01-től kifutó rendszerben);férfi;nappali;magyar nyelv és irodalom;közép;rendes;Nem;magyar;4;70;70;megjelent;33;6;19;12;0;0;70;-;-;-;-
2020;1;Szabolcs-Szatmár-Bereg;12;szakgimnázium/szakközépiskola (2016.09.01-től kifutó rendszerben);férfi;nappali;magyar nyelv és irodalom;közép;rendes;Nem;magyar;4;64;64;megjelent;40;1;14;9;0;0;64;-;-;-;-
2020;1;Szabolcs-Szatmár-Bereg;12;szakgimnázium/szakközépiskola (2016.09.01-től kifutó rendszerben);férfi;nappali;magyar nyelv és irodalom;közép;rendes;Nem;magyar;2;37;37;megjelent;28;4;2;3;0;0;37;-;-;-;-
2020;1;Szabolcs-Szatmár-Bereg;12;szakgimnázium/szakközépiskola (2016.09.01-től kifutó rendszerben);férfi;nappali;magyar nyelv és irodalom;közép;rendes;Nem;magyar;5;87;87;megjelent;40;9;17;12;8;1;87;-;-;-;-
2020;1;Szabolcs-Szatmár-Bereg;12;szakgimnázium/szakközépiskola (2016.09.01-től kifutó rendszerben);férfi;nappali;magyar nyelv és irodalom;közép;rendes;Nem;magyar;3;53;53;megjelent;27;5;13;8;0;0;53;-;-;-;-
2020;1;Szabolcs-Szatmár-Bereg;12;szakgimnázium/szakközépiskola (2016.09.01-től kifutó rendszerben);férfi;nappali;magyar nyelv és irodalom;közép;rendes;Nem;magyar;3;51;51;megjelent;32;0;12;7;0;0;51;-;-;-;-
2020;1;Szabolcs-Szatmár-Bereg;12;gimnázium;férfi;nappali;magyar nyelv és irodalom;közép;rendes;Nem;magyar;4;70;70;megjelent;29;10;14;11;6;0;70;-;-;-;-
2020;1;Szabolcs-Szatmár-Bereg;12;gimnázium;nő;nappali;magyar nyelv és irodalom;közép;rendes;Nem;magyar;4;76;76;megjelent;29;10;20;13;3;1;76;-;-;-;-
2020;1;Szabolcs-Szatmár-Bereg;12;szakgimnázium/szakközépiskola (2016.09.01-től kifutó rendszerben);férfi;nappali;magyar nyelv és irodalom;közép;rendes;Nem;magyar;3;54;54;megjelent;32;3;11;8;0;0;54;-;-;-;-
2020;1;Szabolcs-Szatmár-Bereg;12;gimnázium;férfi;nappali;magyar nyelv és irodalom;közép;rendes;Nem;magyar;5;83;83;megjelent;26;8;24;15;8;2;83;-;-;-;-
2020;1;Szabolcs-Szatmár-Bereg;12;gimnázium;férfi;nappali;magyar nyelv és irodalom;közép;rendes;Nem;magyar;5;84;84;megjelent;31;9;22;15;7;0;84;-;-;-;-
2020;1;Szabolcs-Szatmár-Bereg;12;gimnázium;nő;nappali;magyar nyelv és irodalom;közép;rendes;Nem;magyar;4;61;61;megjelent;27;9;14;11;0;0;61;-;-;-;-
2020;1;Szabolcs-Szatmár-Bereg;12;gimnázium;nő;nappali;magyar nyelv és irodalom;közép;rendes;Nem;magyar;5;83;83;megjelent;35;10;23;13;0;2;83;-;-;-;-
2020;1;Szabolcs-Szatmár-Bereg;12;gimnázium;nő;nappali;magyar nyelv és irodalom;közép;rendes;Nem;magyar;5;81;81;megjelent;30;9;19;14;7;2;81;-;-;-;-
2020;1;Szabolcs-Szatmár-Bereg;12;gimnázium;nő;nappali;magyar nyelv és irodalom;közép;rendes;Nem;magyar;5;83;83;megjelent;30;9;23;14;7;0;83;-;-;-;-
2020;1;Szabolcs-Szatmár-Bereg;12;gimnázium;férfi;nappali;magyar nyelv és irodalom;közép;rendes;Nem;magyar;4;67;67;megjelent;33;9;15;9;0;1;67;-;-;-;-
2020;1;Szabolcs-Szatmár-Bereg;12;gimnázium;férfi;nappali;magyar nyelv és irodalom;közép;rendes;Nem;magyar;5;83;83;megjelent;28;9;23;14;8;1;83;-;-;-;-
2020;1;Szabolcs-Szatmár-Bereg;12;gimnázium;nő;nappali;magyar nyelv és irodalom;közép;rendes;Nem;magyar;4;75;75;megjelent;36;10;12;9;6;2;75;-;-;-;-
2020;1;Szabolcs-Szatmár-Bereg;12;gimnázium;férfi;nappali;magyar nyelv és irodalom;közép;rendes;Nem;magyar;4;66;66;megjelent;36;8;12;9;0;1;66;-;-;-;-
2020;1;Szabolcs-Szatmár-Bereg;12;gimnázium;nő;nappali;magyar nyelv és irodalom;közép;rendes;Nem;magyar;4;74;74;megjelent;31;9;20;13;0;1;74;-;-;-;-
2020;1;Szabolcs-Szatmár-Bereg;12;gimnázium;nő;nappali;magyar nyelv és irodalom;közép;rendes;Nem;magyar;5;80;80;megjelent;31;9;20;15;4;1;80;-;-;-;-
2020;1;Szabolcs-Szatmár-Bereg;12;szakgimnázium/szakközépiskola (2016.09.01-től kifutó rendszerben);férfi;nappali;magyar nyelv és irodalom;közép;rendes;Nem;magyar;3;51;51;megjelent;26;7;10;8;0;0;51;-;-;-;-
2020;1;Szabolcs-Szatmár-Bereg;12;szakgimnázium/szakközépiskola (2016.09.01-től kifutó rendszerben);férfi;nappali;magyar nyelv és irodalom;közép;rendes;Nem;magyar;3;44;44;megjelent;25;7;7;5;0;0;44;-;-;-;-
2020;1;Szabolcs-Szatmár-Bereg;12;szakgimnázium/szakközépiskola (2016.09.01-től kifutó rendszerben);férfi;nappali;magyar nyelv és irodalom;közép;rendes;Nem;magyar;4;60;60;megjelent;32;3;16;9;0;0;60;-;-;-;-
2020;1;Szabolcs-Szatmár-Bereg;12;gimnázium;nő;nappali;magyar nyelv és irodalom;közép;rendes;Nem;magyar;5;80;80;megjelent;32;10;23;13;0;2;80;-;-;-;-
2020;1;Szabolcs-Szatmár-Bereg;12;szakgimnázium/szakközépiskola (2016.09.01-től kifutó rendszerben);férfi;nappali;magyar nyelv és irodalom;közép;rendes;Nem;magyar;3;44;44;megjelent;26;5;8;5;0;0;44;-;-;-;-
2020;1;Szabolcs-Szatmár-Bereg;12;gimnázium;nő;nappali;magyar nyelv és irodalom;közép;rendes;Nem;magyar;5;80;80;megjelent;31;10;20;13;4;2;80;-;-;-;-
2020;1;Szabolcs-Szatmár-Bereg;12;gimnázium;nő;nappali;magyar nyelv és irodalom;közép;rendes;Nem;magyar;5;89;89;megjelent;33;9;25;15;5;2;89;-;-;-;-
2020;1;Szabolcs-Szatmár-Bereg;12;gimnázium;nő;nappali;magyar nyelv és irodalom;közép;rendes;Nem;magyar;5;87;87;megjelent;33;9;22;13;8;2;87;-;-;-;-
2020;1;Szabolcs-Szatmár-Bereg;12;szakgimnázium/szakközépiskola (2016.09.01-től kifutó rendszerben);férfi;nappali;magyar nyelv és irodalom;közép;rendes;Nem;magyar;4;69;69;megjelent;33;6;19;11;0;0;69;-;-;-;-
2020;1;Szabolcs-Szatmár-Bereg;12;gimnázium;nő;nappali;magyar nyelv és irodalom;közép;rendes;Nem;magyar;5;82;82;megjelent;32;9;20;13;6;2;82;-;-;-;-
2020;1;Szabolcs-Szatmár-Bereg;12;szakgimnázium/szakközépiskola (2016.09.01-től kifutó rendszerben);férfi;nappali;magyar nyelv és irodalom;közép;rendes;Nem;magyar;4;69;69;megjelent;34;6;18;10;0;1;69;-;-;-;-
2020;1;Szabolcs-Szatmár-Bereg;12;szakgimnázium/szakközépiskola (2016.09.01-től kifutó rendszerben);férfi;nappali;magyar nyelv és irodalom;közép;rendes;Nem;magyar;3;56;56;megjelent;32;5;12;7;0;0;56;-;-;-;-
2020;1;Szabolcs-Szatmár-Bereg;12;szakgimnázium/szakközépiskola (2016.09.01-től kifutó rendszerben);férfi;nappali;magyar nyelv és irodalom;közép;rendes;Nem;magyar;4;62;62;megjelent;30;7;17;8;0;0;62;-;-;-;-
2020;1;Szabolcs-Szatmár-Bereg;12;szakgimnázium/szakközépiskola (2016.09.01-től kifutó rendszerben);férfi;nappali;magyar nyelv és irodalom;közép;rendes;Nem;magyar;2;25;25;megjelent;16;4;2;3;0;0;25;-;-;-;-
2020;1;Szabolcs-Szatmár-Bereg;12;szakgimnázium/szakközépiskola (2016.09.01-től kifutó rendszerben);férfi;nappali;magyar nyelv és irodalom;közép;rendes;Nem;magyar;4;61;61;megjelent;35;6;11;9;0;0;61;-;-;-;-
2020;1;Szabolcs-Szatmár-Bereg;12;gimnázium;nő;nappali;magyar nyelv és irodalom;közép;rendes;Nem;magyar;4;72;72;megjelent;30;6;17;12;5;2;72;-;-;-;-
2020;1;Szabolcs-Szatmár-Bereg;12;gimnázium;nő;nappali;magyar nyelv és irodalom;közép;rendes;Nem;magyar;3;54;54;megjelent;24;7;11;10;0;2;54;-;-;-;-
2020;1;Szabolcs-Szatmár-Bereg;12;gimnázium;nő;nappali;magyar nyelv és irodalom;közép;rendes;Nem;magyar;3;58;58;megjelent;35;5;5;8;3;2;58;-;-;-;-
2020;1;Szabolcs-Szatmár-Bereg;12;gimnázium;férfi;nappali;magyar nyelv és irodalom;közép;rendes;Nem;magyar;4;60;60;megjelent;24;6;15;9;4;2;60;-;-;-;-
2020;1;Szabolcs-Szatmár-Bereg;12;gimnázium;nő;nappali;magyar nyelv és irodalom;közép;rendes;Nem;magyar;4;71;71;megjelent;31;6;17;11;4;2;71;-;-;-;-
2020;1;Szabolcs-Szatmár-Bereg;12;gimnázium;nő;nappali;magyar nyelv és irodalom;közép;rendes;Nem;magyar;3;55;55;megjelent;29;5;14;5;0;2;55;-;-;-;-
2020;1;Szabolcs-Szatmár-Bereg;12;gimnázium;férfi;nappali;magyar nyelv és irodalom;közép;rendes;Nem;magyar;2;38;38;megjelent;24;5;3;4;0;2;38;-;-;-;-
2020;1;Szabolcs-Szatmár-Bereg;12;gimnázium;nő;nappali;magyar nyelv és irodalom;közép;rendes;Nem;magyar;3;47;47;megjelent;29;3;5;6;2;2;47;-;-;-;-
2020;1;Szabolcs-Szatmár-Bereg;12;gimnázium;nő;nappali;magyar nyelv és irodalom;közép;rendes;Nem;magyar;5;83;83;megjelent;34;8;19;13;7;2;83;-;-;-;-
2020;1;Szabolcs-Szatmár-Bereg;12;gimnázium;férfi;nappali;magyar nyelv és irodalom;közép;rendes;Nem;magyar;3;45;45;megjelent;26;6;5;7;0;1;45;-;-;-;-
2020;1;Szabolcs-Szatmár-Bereg;12;gimnázium;nő;nappali;magyar nyelv és irodalom;közép;rendes;Nem;magyar;5;88;88;megjelent;35;9;19;15;8;2;88;-;-;-;-
2020;1;Szabolcs-Szatmár-Bereg;12;gimnázium;nő;nappali;magyar nyelv és irodalom;közép;rendes;Nem;magyar;5;88;88;megjelent;36;9;22;15;4;2;88;-;-;-;-
2020;1;Szabolcs-Szatmár-Bereg;12;gimnázium;nő;nappali;magyar nyelv és irodalom;közép;rendes;Nem;magyar;5;93;93;megjelent;36;10;22;15;8;2;93;-;-;-;-
2020;1;Szabolcs-Szatmár-Bereg;12;gimnázium;nő;nappali;magyar nyelv és irodalom;közép;rendes;Nem;magyar;5;90;90;megjelent;34;10;21;15;8;2;90;-;-;-;-
2020;1;Szabolcs-Szatmár-Bereg;12;gimnázium;nő;nappali;magyar nyelv és irodalom;közép;rendes;Nem;magyar;5;87;87;megjelent;36;8;19;14;8;2;87;-;-;-;-
2020;1;Szabolcs-Szatmár-Bereg;12;gimnázium;férfi;nappali;magyar nyelv és irodalom;közép;rendes;Nem;magyar;3;41;41;megjelent;20;4;7;8;0;2;41;-;-;-;-
2020;1;Szabolcs-Szatmár-Bereg;12;gimnázium;nő;nappali;magyar nyelv és irodalom;közép;rendes;Nem;magyar;4;69;69;megjelent;29;7;14;13;4;2;69;-;-;-;-
2020;1;Szabolcs-Szatmár-Bereg;12;gimnázium;nő;nappali;magyar nyelv és irodalom;közép;rendes;Nem;magyar;5;94;94;megjelent;35;10;24;15;8;2;94;-;-;-;-
2020;1;Szabolcs-Szatmár-Bereg;12;gimnázium;férfi;nappali;magyar nyelv és irodalom;közép;rendes;Nem;magyar;5;89;89;megjelent;38;8;19;14;8;2;89;-;-;-;-
2020;1;Szabolcs-Szatmár-Bereg;12;gimnázium;férfi;nappali;magyar nyelv és irodalom;közép;rendes;Nem;magyar;4;68;68;megjelent;29;7;18;8;5;1;68;-;-;-;-
2020;1;Szabolcs-Szatmár-Bereg;12;gimnázium;nő;nappali;magyar nyelv és irodalom;közép;rendes;Nem;magyar;5;96;96;megjelent;37;10;25;15;7;2;96;-;-;-;-
2020;1;Szabolcs-Szatmár-Bereg;12;gimnázium;nő;nappali;magyar nyelv és irodalom;közép;rendes;Nem;magyar;5;98;98;megjelent;38;10;25;15;8;2;98;-;-;-;-
2020;1;Szabolcs-Szatmár-Bereg;12;gimnázium;férfi;nappali;magyar nyelv és irodalom;közép;rendes;Nem;magyar;5;80;80;megjelent;37;10;21;11;0;1;80;-;-;-;-
2020;1;Szabolcs-Szatmár-Bereg;12;gimnázium;férfi;nappali;magyar nyelv és irodalom;közép;rendes;Nem;magyar;5;93;93;megjelent;35;10;23;15;8;2;93;-;-;-;-
2020;1;Szabolcs-Szatmár-Bereg;12;gimnázium;nő;nappali;magyar nyelv és irodalom;közép;rendes;Nem;magyar;5;83;83;megjelent;33;9;18;14;7;2;83;-;-;-;-
2020;1;Szabolcs-Szatmár-Bereg;12;gimnázium;nő;nappali;magyar nyelv és irodalom;közép;rendes;Nem;magyar;5;97;97;megjelent;37;10;25;15;8;2;97;-;-;-;-
2020;1;Szabolcs-Szatmár-Bereg;12;szakgimnázium/szakközépiskola (2016.09.01-től kifutó rendszerben);férfi;nappali;magyar nyelv és irodalom;közép;rendes;Nem;magyar;3;52;52;megjelent;27;6;12;7;0;0;52;-;-;-;-
2020;1;Szabolcs-Szatmár-Bereg;12;gimnázium;férfi;nappali;magyar nyelv és irodalom;közép;rendes;Nem;magyar;5;83;83;megjelent;34;9;19;14;5;2;83;-;-;-;-
2020;1;Szabolcs-Szatmár-Bereg;12;gimnázium;nő;nappali;magyar nyelv és irodalom;közép;rendes;Nem;magyar;4;75;75;megjelent;36;7;12;12;6;2;75;-;-;-;-
2020;1;Szabolcs-Szatmár-Bereg;12;gimnázium;férfi;nappali;magyar nyelv és irodalom;közép;rendes;Nem;magyar;5;87;87;megjelent;37;9;17;14;8;2;87;-;-;-;-
2020;1;Szabolcs-Szatmár-Bereg;12;gimnázium;nő;nappali;magyar nyelv és irodalom;közép;rendes;Nem;magyar;4;60;60;megjelent;30;6;15;6;1;2;60;-;-;-;-
2020;1;Szabolcs-Szatmár-Bereg;12;gimnázium;nő;nappali;magyar nyelv és irodalom;közép;rendes;Nem;magyar;5;90;90;megjelent;37;8;21;15;7;2;90;-;-;-;-
2020;1;Szabolcs-Szatmár-Bereg;12;szakgimnázium/szakközépiskola (2016.09.01-től kifutó rendszerben);férfi;nappali;magyar nyelv és irodalom;közép;rendes;Nem;magyar;2;35;35;megjelent;15;8;7;5;0;0;35;-;-;-;-
2020;1;Szabolcs-Szatmár-Bereg;12;gimnázium;nő;nappali;magyar nyelv és irodalom;közép;rendes;Nem;magyar;4;68;68;megjelent;32;8;14;11;1;2;68;-;-;-;-
2020;1;Szabolcs-Szatmár-Bereg;12;gimnázium;nő;nappali;magyar nyelv és irodalom;közép;rendes;Nem;magyar;5;88;88;megjelent;36;10;19;14;7;2;88;-;-;-;-
2020;1;Szabolcs-Szatmár-Bereg;12;gimnázium;férfi;nappali;magyar nyelv és irodalom;közép;rendes;Nem;magyar;5;85;85;megjelent;36;9;18;15;5;2;85;-;-;-;-
2020;1;Szabolcs-Szatmár-Bereg;12;gimnázium;férfi;nappali;magyar nyelv és irodalom;közép;rendes;Nem;magyar;5;85;85;megjelent;35;10;18;15;5;2;85;-;-;-;-
2020;1;Szabolcs-Szatmár-Bereg;12;gimnázium;férfi;nappali;magyar nyelv és irodalom;közép;rendes;Nem;magyar;4;75;75;megjelent;36;9;14;11;4;1;75;-;-;-;-
2020;1;Szabolcs-Szatmár-Bereg;12;szakgimnázium/szakközépiskola (2016.09.01-től kifutó rendszerben);férfi;nappali;magyar nyelv és irodalom;közép;rendes;Nem;magyar;2;25;25;megjelent;18;7;0;0;0;0;25;-;-;-;-
2020;1;Szabolcs-Szatmár-Bereg;13;gimnázium;nő;nappali;magyar nyelv és irodalom;közép;rendes;Nem;magyar;4;66;66;megjelent;32;0;18;10;4;2;66;-;-;-;-
2020;1;Szabolcs-Szatmár-Bereg;12;szakgimnázium/szakközépiskola (2016.09.01-től kifutó rendszerben);nő;nappali;magyar nyelv és irodalom;közép;rendes;Nem;magyar;2;29;29;megjelent;19;0;4;6;0;0;29;-;-;-;-
2020;1;Szabolcs-Szatmár-Bereg;13;gimnázium;férfi;nappali;magyar nyelv és irodalom;közép;rendes;Nem;magyar;5;81;81;megjelent;32;10;19;12;6;2;81;-;-;-;-
2020;1;Szabolcs-Szatmár-Bereg;12;szakgimnázium/szakközépiskola (2016.09.01-től kifutó rendszerben);férfi;nappali;magyar nyelv és irodalom;közép;rendes;Nem;magyar;2;26;26;megjelent;13;0;6;7;0;0;26;-;-;-;-
2020;1;Szabolcs-Szatmár-Bereg;13;gimnázium;férfi;nappali;magyar nyelv és irodalom;közép;rendes;Igen;magyar;5;80;40;megjelent;-;-;-;-;-;-;-;20;8;12;40
2020;1;Szabolcs-Szatmár-Bereg;12;szakgimnázium/szakközépiskola (2016.09.01-től kifutó rendszerben);nő;nappali;magyar nyelv és irodalom;közép;rendes;Nem;magyar;2;31;31;megjelent;13;7;5;5;0;1;31;-;-;-;-
2020;1;Szabolcs-Szatmár-Bereg;12;szakgimnázium/szakközépiskola (2016.09.01-től kifutó rendszerben);férfi;nappali;magyar nyelv és irodalom;közép;rendes;Nem;magyar;4;73;73;megjelent;31;10;19;11;2;0;73;-;-;-;-
2020;1;Szabolcs-Szatmár-Bereg;12;szakgimnázium/szakközépiskola (2016.09.01-től kifutó rendszerben);férfi;nappali;magyar nyelv és irodalom;közép;rendes;Nem;magyar;3;49;49;megjelent;23;7;10;8;0;1;49;-;-;-;-
2020;1;Szabolcs-Szatmár-Bereg;12;gimnázium;férfi;nappali;magyar nyelv és irodalom;közép;rendes;Nem;magyar;3;48;48;megjelent;25;9;4;8;0;2;48;-;-;-;-
2020;1;Szabolcs-Szatmár-Bereg;13;gimnázium;férfi;nappali;magyar nyelv és irodalom;közép;rendes;Nem;magyar;5;82;82;megjelent;36;10;17;10;7;2;82;-;-;-;-
2020;1;Szabolcs-Szatmár-Bereg;12;gimnázium;férfi;nappali;magyar nyelv és irodalom;közép;rendes;Nem;magyar;5;82;82;megjelent;33;10;17;12;8;2;82;-;-;-;-
2020;1;Szabolcs-Szatmár-Bereg;12;szakgimnázium/szakközépiskola (2016.09.01-től kifutó rendszerben);nő;nappali;magyar nyelv és irodalom;közép;rendes;Nem;magyar;5;83;83;megjelent;31;10;22;14;5;1;83;-;-;-;-
2020;1;Szabolcs-Szatmár-Bereg;12;gimnázium;férfi;nappali;magyar nyelv és irodalom;közép;rendes;Nem;magyar;4;74;74;megjelent;30;10;12;13;7;2;74;-;-;-;-
2020;1;Szabolcs-Szatmár-Bereg;13;gimnázium;férfi;nappali;magyar nyelv és irodalom;közép;rendes;Nem;magyar;3;56;56;megjelent;25;8;12;9;0;2;56;-;-;-;-
2020;1;Szabolcs-Szatmár-Bereg;12;gimnázium;férfi;nappali;magyar nyelv és irodalom;közép;rendes;Nem;magyar;4;62;62;megjelent;34;7;9;10;0;2;62;-;-;-;-
2020;1;Szabolcs-Szatmár-Bereg;12;szakgimnázium/szakközépiskola (2016.09.01-től kifutó rendszerben);férfi;nappali;magyar nyelv és irodalom;közép;rendes;Nem;magyar;2;26;26;megjelent;23;0;1;2;0;0;26;-;-;-;-
2020;1;Szabolcs-Szatmár-Bereg;13;gimnázium;férfi;nappali;magyar nyelv és irodalom;közép;rendes;Nem;magyar;3;50;50;megjelent;24;8;9;7;0;2;50;-;-;-;-
2020;1;Szabolcs-Szatmár-Bereg;12;gimnázium;férfi;nappali;magyar nyelv és irodalom;közép;rendes;Nem;magyar;3;47;47;megjelent;27;6;7;5;1;1;47;-;-;-;-
2020;1;Szabolcs-Szatmár-Bereg;12;szakgimnázium/szakközépiskola (2016.09.01-től kifutó rendszerben);nő;nappali;magyar nyelv és irodalom;közép;rendes;Nem;magyar;4;60;60;megjelent;23;10;13;10;2;2;60;-;-;-;-
2020;1;Szabolcs-Szatmár-Bereg;12;gimnázium;nő;nappali;magyar nyelv és irodalom;közép;rendes;Nem;magyar;3;53;53;megjelent;27;3;15;8;0;0;53;-;-;-;-
2020;1;Szabolcs-Szatmár-Bereg;13;gimnázium;férfi;nappali;magyar nyelv és irodalom;közép;rendes;Nem;magyar;3;52;52;megjelent;21;8;13;8;2;0;52;-;-;-;-
2020;1;Szabolcs-Szatmár-Bereg;12;gimnázium;férfi;nappali;magyar nyelv és irodalom;közép;rendes;Nem;magyar;4;75;75;megjelent;33;8;17;11;4;2;75;-;-;-;-
2020;1;Szabolcs-Szatmár-Bereg;13;gimnázium;nő;nappali;magyar nyelv és irodalom;közép;rendes;Nem;magyar;3;58;58;megjelent;31;7;8;7;3;2;58;-;-;-;-
2020;1;Szabolcs-Szatmár-Bereg;12;gimnázium;férfi;nappali;magyar nyelv és irodalom;közép;rendes;Nem;magyar;4;69;69;megjelent;32;8;10;9;8;2;69;-;-;-;-
2020;1;Szabolcs-Szatmár-Bereg;13;gimnázium;nő;nappali;magyar nyelv és irodalom;közép;rendes;Nem;magyar;5;80;80;megjelent;32;10;16;14;6;2;80;-;-;-;-
2020;1;Szabolcs-Szatmár-Bereg;12;gimnázium;férfi;nappali;magyar nyelv és irodalom;közép;rendes;Nem;magyar;2;38;38;megjelent;20;7;4;7;0;0;38;-;-;-;-
2020;1;Szabolcs-Szatmár-Bereg;13;gimnázium;férfi;nappali;magyar nyelv és irodalom;közép;rendes;Nem;magyar;3;44;44;megjelent;16;6;11;9;0;2;44;-;-;-;-
2020;1;Szabolcs-Szatmár-Bereg;12;gimnázium;nő;nappali;magyar nyelv és irodalom;közép;rendes;Nem;magyar;4;69;69;megjelent;32;9;12;11;4;1;69;-;-;-;-
2020;1;Szabolcs-Szatmár-Bereg;13;gimnázium;nő;nappali;magyar nyelv és irodalom;közép;rendes;Nem;magyar;4;65;65;megjelent;30;6;19;8;1;1;65;-;-;-;-
2020;1;Szabolcs-Szatmár-Bereg;12;gimnázium;férfi;nappali;magyar nyelv és irodalom;közép;rendes;Igen;magyar;5;100;50;megjelent;-;-;-;-;-;-;-;25;10;15;50
2020;1;Szabolcs-Szatmár-Bereg;13;gimnázium;nő;nappali;magyar nyelv és irodalom;közép;rendes;Nem;magyar;2;37;37;megjelent;22;0;8;5;0;2;37;-;-;-;-
2020;1;Szabolcs-Szatmár-Bereg;12;gimnázium;férfi;nappali;magyar nyelv és irodalom;közép;rendes;Nem;magyar;5;88;88;megjelent;36;10;19;13;8;2;88;-;-;-;-
2020;1;Szabolcs-Szatmár-Bereg;13;gimnázium;férfi;nappali;magyar nyelv és irodalom;közép;rendes;Nem;magyar;5;80;80;megjelent;32;9;16;13;8;2;80;-;-;-;-
2020;1;Szabolcs-Szatmár-Bereg;12;gimnázium;nő;nappali;magyar nyelv és irodalom;közép;rendes;Nem;magyar;3;42;42;megjelent;19;8;5;8;0;2;42;-;-;-;-
2020;1;Szabolcs-Szatmár-Bereg;12;gimnázium;férfi;nappali;magyar nyelv és irodalom;közép;rendes;Nem;magyar;5;80;80;megjelent;32;10;18;12;6;2;80;-;-;-;-
2020;1;Szabolcs-Szatmár-Bereg;13;gimnázium;nő;nappali;magyar nyelv és irodalom;közép;rendes;Nem;magyar;4;60;60;megjelent;26;8;14;10;0;2;60;-;-;-;-
2020;1;Szabolcs-Szatmár-Bereg;12;gimnázium;férfi;nappali;magyar nyelv és irodalom;közép;rendes;Igen;magyar;2;32;16;megjelent;-;-;-;-;-;-;-;8;4;4;16
2020;1;Szabolcs-Szatmár-Bereg;12;gimnázium;férfi;nappali;magyar nyelv és irodalom;közép;rendes;Nem;magyar;4;63;63;megjelent;30;8;8;8;8;1;63;-;-;-;-
2020;1;Szabolcs-Szatmár-Bereg;12;gimnázium;nő;nappali;magyar nyelv és irodalom;közép;rendes;Nem;magyar;3;50;50;megjelent;27;6;8;9;0;0;50;-;-;-;-
2020;1;Szabolcs-Szatmár-Bereg;12;gimnázium;férfi;nappali;magyar nyelv és irodalom;közép;rendes;Nem;magyar;2;32;32;megjelent;24;3;3;2;0;0;32;-;-;-;-
2020;1;Szabolcs-Szatmár-Bereg;12;gimnázium;nő;nappali;magyar nyelv és irodalom;közép;rendes;Nem;magyar;5;94;94;megjelent;36;10;23;15;8;2;94;-;-;-;-
2020;1;Szabolcs-Szatmár-Bereg;12;gimnázium;nő;nappali;magyar nyelv és irodalom;közép;rendes;Nem;magyar;5;97;97;megjelent;37;10;25;15;8;2;97;-;-;-;-
2020;1;Szabolcs-Szatmár-Bereg;12;gimnázium;férfi;nappali;magyar nyelv és irodalom;közép;rendes;Nem;magyar;5;82;82;megjelent;34;7;18;15;6;2;82;-;-;-;-
2020;1;Szabolcs-Szatmár-Bereg;12;gimnázium;férfi;nappali;magyar nyelv és irodalom;közép;rendes;Nem;magyar;5;86;86;megjelent;35;9;18;15;7;2;86;-;-;-;-
2020;1;Szabolcs-Szatmár-Bereg;12;gimnázium;nő;nappali;magyar nyelv és irodalom;közép;rendes;Nem;magyar;5;98;98;megjelent;38;10;25;15;8;2;98;-;-;-;-
2020;1;Szabolcs-Szatmár-Bereg;12;gimnázium;nő;nappali;magyar nyelv és irodalom;közép;rendes;Nem;magyar;5;95;95;megjelent;35;10;25;15;8;2;95;-;-;-;-
2020;1;Szabolcs-Szatmár-Bereg;12;gimnázium;férfi;nappali;magyar nyelv és irodalom;közép;rendes;Nem;magyar;4;74;74;megjelent;33;8;18;11;2;2;74;-;-;-;-
2020;1;Szabolcs-Szatmár-Bereg;12;gimnázium;férfi;nappali;magyar nyelv és irodalom;közép;rendes;Nem;magyar;5;86;86;megjelent;35;9;17;15;8;2;86;-;-;-;-
2020;1;Szabolcs-Szatmár-Bereg;12;gimnázium;férfi;nappali;magyar nyelv és irodalom;közép;rendes;Nem;magyar;4;73;73;megjelent;28;9;15;14;5;2;73;-;-;-;-
2020;1;Szabolcs-Szatmár-Bereg;12;gimnázium;férfi;nappali;magyar nyelv és irodalom;közép;rendes;Nem;magyar;3;46;46;megjelent;28;5;5;7;0;1;46;-;-;-;-
2020;1;Szabolcs-Szatmár-Bereg;12;gimnázium;nő;nappali;magyar nyelv és irodalom;közép;rendes;Nem;magyar;5;90;90;megjelent;36;9;21;15;7;2;90;-;-;-;-
2020;1;Szabolcs-Szatmár-Bereg;12;gimnázium;férfi;nappali;magyar nyelv és irodalom;közép;rendes;Nem;magyar;5;83;83;megjelent;35;9;16;14;7;2;83;-;-;-;-
2020;1;Szabolcs-Szatmár-Bereg;12;gimnázium;férfi;nappali;magyar nyelv és irodalom;közép;rendes;Nem;magyar;5;80;80;megjelent;31;10;19;10;8;2;80;-;-;-;-
2020;1;Szabolcs-Szatmár-Bereg;12;gimnázium;férfi;nappali;magyar nyelv és irodalom;közép;rendes;Nem;magyar;4;60;60;megjelent;30;8;4;10;7;1;60;-;-;-;-
2020;1;Szabolcs-Szatmár-Bereg;12;gimnázium;nő;nappali;magyar nyelv és irodalom;közép;rendes;Nem;magyar;4;64;64;megjelent;19;7;19;14;3;2;64;-;-;-;-
2020;1;Szabolcs-Szatmár-Bereg;12;gimnázium;férfi;nappali;magyar nyelv és irodalom;közép;rendes;Nem;magyar;4;64;64;megjelent;27;9;12;12;2;2;64;-;-;-;-
2020;1;Szabolcs-Szatmár-Bereg;12;gimnázium;férfi;nappali;magyar nyelv és irodalom;közép;rendes;Nem;magyar;4;60;60;megjelent;30;10;8;10;0;2;60;-;-;-;-
2020;1;Szabolcs-Szatmár-Bereg;12;szakgimnázium/szakközépiskola (2016.09.01-től kifutó rendszerben);férfi;nappali;magyar nyelv és irodalom;közép;rendes;Nem;magyar;4;61;61;megjelent;26;10;14;11;0;0;61;-;-;-;-
2020;1;Szabolcs-Szatmár-Bereg;12;gimnázium;férfi;nappali;magyar nyelv és irodalom;közép;rendes;Nem;magyar;3;56;56;megjelent;26;9;10;9;0;2;56;-;-;-;-
2020;1;Szabolcs-Szatmár-Bereg;12;gimnázium;nő;nappali;magyar nyelv és irodalom;közép;rendes;Nem;magyar;3;50;50;megjelent;28;9;4;8;0;1;50;-;-;-;-
2020;1;Szabolcs-Szatmár-Bereg;12;gimnázium;férfi;nappali;magyar nyelv és irodalom;közép;rendes;Nem;magyar;2;38;38;megjelent;23;6;4;4;0;1;38;-;-;-;-
2020;1;Szabolcs-Szatmár-Bereg;12;gimnázium;férfi;nappali;magyar nyelv és irodalom;közép;rendes;Nem;magyar;5;82;82;megjelent;33;10;19;13;5;2;82;-;-;-;-
2020;1;Szabolcs-Szatmár-Bereg;12;gimnázium;férfi;nappali;magyar nyelv és irodalom;közép;rendes;Nem;magyar;3;53;53;megjelent;24;8;10;10;0;1;53;-;-;-;-
2020;1;Szabolcs-Szatmár-Bereg;12;gimnázium;nő;nappali;magyar nyelv és irodalom;közép;rendes;Nem;magyar;3;56;56;megjelent;30;6;10;8;0;2;56;-;-;-;-
2020;1;Szabolcs-Szatmár-Bereg;12;gimnázium;nő;nappali;magyar nyelv és irodalom;közép;rendes;Nem;magyar;4;76;76;megjelent;27;10;25;12;0;2;76;-;-;-;-
2020;1;Szabolcs-Szatmár-Bereg;12;gimnázium;nő;nappali;magyar nyelv és irodalom;közép;rendes;Nem;magyar;3;50;50;megjelent;26;7;9;7;0;1;50;-;-;-;-
2020;1;Szabolcs-Szatmár-Bereg;12;gimnázium;férfi;nappali;magyar nyelv és irodalom;közép;rendes;Nem;magyar;3;50;50;megjelent;28;7;10;5;0;0;50;-;-;-;-
2020;1;Szabolcs-Szatmár-Bereg;12;gimnázium;férfi;nappali;magyar nyelv és irodalom;közép;rendes;Nem;magyar;4;61;61;megjelent;25;8;19;9;0;0;61;-;-;-;-
2020;1;Szabolcs-Szatmár-Bereg;12;gimnázium;nő;nappali;magyar nyelv és irodalom;közép;rendes;Nem;magyar;4;71;71;megjelent;31;10;17;12;0;1;71;-;-;-;-
2020;1;Szabolcs-Szatmár-Bereg;12;gimnázium;férfi;nappali;magyar nyelv és irodalom;közép;rendes;Nem;magyar;2;36;36;megjelent;20;7;5;4;0;0;36;-;-;-;-
2020;1;Szabolcs-Szatmár-Bereg;12;gimnázium;nő;nappali;magyar nyelv és irodalom;közép;rendes;Nem;magyar;4;72;72;megjelent;30;8;19;13;0;2;72;-;-;-;-
2020;1;Szabolcs-Szatmár-Bereg;12;gimnázium;nő;nappali;magyar nyelv és irodalom;közép;rendes;Nem;magyar;3;40;40;megjelent;22;6;7;5;0;0;40;-;-;-;-
2020;1;Szabolcs-Szatmár-Bereg;12;gimnázium;férfi;nappali;magyar nyelv és irodalom;közép;rendes;Nem;magyar;3;43;43;megjelent;25;6;7;5;0;0;43;-;-;-;-
2020;1;Szabolcs-Szatmár-Bereg;12;gimnázium;nő;nappali;magyar nyelv és irodalom;közép;rendes;Nem;magyar;5;80;80;megjelent;33;9;22;15;0;1;80;-;-;-;-
2020;1;Szabolcs-Szatmár-Bereg;12;gimnázium;nő;nappali;magyar nyelv és irodalom;közép;rendes;Nem;magyar;4;62;62;megjelent;30;8;12;10;0;2;62;-;-;-;-
2020;1;Szabolcs-Szatmár-Bereg;12;gimnázium;nő;nappali;magyar nyelv és irodalom;közép;rendes;Nem;magyar;3;52;52;megjelent;27;8;9;5;2;1;52;-;-;-;-
2020;1;Szabolcs-Szatmár-Bereg;12;gimnázium;férfi;nappali;magyar nyelv és irodalom;közép;rendes;Nem;magyar;2;32;32;megjelent;24;6;1;0;0;1;32;-;-;-;-
2020;1;Szabolcs-Szatmár-Bereg;12;gimnázium;férfi;nappali;magyar nyelv és irodalom;közép;rendes;Nem;magyar;4;65;65;megjelent;26;9;17;12;0;1;65;-;-;-;-
2020;1;Szabolcs-Szatmár-Bereg;12;gimnázium;férfi;nappali;magyar nyelv és irodalom;közép;rendes;Nem;magyar;4;68;68;megjelent;35;8;14;11;0;0;68;-;-;-;-
2020;1;Szabolcs-Szatmár-Bereg;13;szakközép;nő;nappali;magyar nyelv és irodalom;közép;rendes;Nem;magyar;3;42;42;megjelent;28;5;4;3;0;2;42;-;-;-;-
2020;1;Szabolcs-Szatmár-Bereg;13;szakközép;nő;nappali;magyar nyelv és irodalom;közép;rendes;Nem;magyar;3;43;43;megjelent;19;5;8;10;0;1;43;-;-;-;-
2020;1;Szabolcs-Szatmár-Bereg;12;gimnázium;férfi;nappali;magyar nyelv és irodalom;közép;rendes;Nem;magyar;4;75;75;megjelent;34;9;17;14;0;1;75;-;-;-;-
2020;1;Szabolcs-Szatmár-Bereg;12;gimnázium;nő;nappali;magyar nyelv és irodalom;közép;rendes;Nem;magyar;4;73;73;megjelent;33;8;18;11;1;2;73;-;-;-;-
2020;1;Szabolcs-Szatmár-Bereg;12;gimnázium;nő;nappali;magyar nyelv és irodalom;közép;rendes;Nem;magyar;5;86;86;megjelent;35;10;19;13;7;2;86;-;-;-;-
2020;1;Szabolcs-Szatmár-Bereg;12;gimnázium;férfi;nappali;magyar nyelv és irodalom;közép;rendes;Nem;magyar;5;81;81;megjelent;31;10;20;11;8;1;81;-;-;-;-
2020;1;Szabolcs-Szatmár-Bereg;12;gimnázium;férfi;nappali;magyar nyelv és irodalom;közép;rendes;Nem;magyar;4;63;63;megjelent;32;5;12;7;5;2;63;-;-;-;-
2020;1;Szabolcs-Szatmár-Bereg;12;gimnázium;férfi;nappali;magyar nyelv és irodalom;közép;rendes;Nem;magyar;5;81;81;megjelent;34;8;20;12;6;1;81;-;-;-;-
2020;1;Szabolcs-Szatmár-Bereg;12;gimnázium;nő;nappali;magyar nyelv és irodalom;közép;rendes;Nem;magyar;5;89;89;megjelent;35;10;20;14;8;2;89;-;-;-;-
2020;1;Szabolcs-Szatmár-Bereg;12;gimnázium;nő;nappali;magyar nyelv és irodalom;közép;rendes;Nem;magyar;5;86;86;megjelent;35;10;21;14;5;1;86;-;-;-;-
2020;1;Szabolcs-Szatmár-Bereg;12;gimnázium;nő;nappali;magyar nyelv és irodalom;közép;rendes;Nem;magyar;5;87;87;megjelent;36;10;20;13;6;2;87;-;-;-;-
2020;1;Szabolcs-Szatmár-Bereg;12;gimnázium;nő;nappali;magyar nyelv és irodalom;közép;rendes;Nem;magyar;5;81;81;megjelent;34;8;23;14;0;2;81;-;-;-;-
2020;1;Szabolcs-Szatmár-Bereg;12;gimnázium;férfi;nappali;magyar nyelv és irodalom;közép;rendes;Nem;magyar;4;71;71;megjelent;32;8;14;10;6;1;71;-;-;-;-
2020;1;Szabolcs-Szatmár-Bereg;12;gimnázium;nő;nappali;magyar nyelv és irodalom;közép;rendes;Nem;magyar;5;93;93;megjelent;35;10;23;15;8;2;93;-;-;-;-
2020;1;Szabolcs-Szatmár-Bereg;12;szakgimnázium/szakközépiskola (2016.09.01-től kifutó rendszerben);férfi;nappali;magyar nyelv és irodalom;közép;rendes;Nem;magyar;2;29;29;megjelent;20;3;2;3;0;1;29;-;-;-;-
2020;1;Szabolcs-Szatmár-Bereg;12;szakgimnázium/szakközépiskola (2016.09.01-től kifutó rendszerben);férfi;nappali;magyar nyelv és irodalom;közép;rendes;Nem;magyar;5;81;81;megjelent;36;9;19;12;5;0;81;-;-;-;-
2020;1;Szabolcs-Szatmár-Bereg;12;szakgimnázium/szakközépiskola (2016.09.01-től kifutó rendszerben);férfi;nappali;magyar nyelv és irodalom;közép;rendes;Nem;magyar;3;50;50;megjelent;30;8;7;5;0;0;50;-;-;-;-
2020;1;Szabolcs-Szatmár-Bereg;12;szakgimnázium/szakközépiskola (2016.09.01-től kifutó rendszerben);férfi;nappali;magyar nyelv és irodalom;közép;rendes;Nem;magyar;3;55;55;megjelent;32;3;12;8;0;0;55;-;-;-;-
2020;1;Szabolcs-Szatmár-Bereg;12;szakgimnázium/szakközépiskola (2016.09.01-től kifutó rendszerben);nő;nappali;magyar nyelv és irodalom;közép;rendes;Nem;magyar;4;62;62;megjelent;33;10;7;9;2;1;62;-;-;-;-
2020;1;Szabolcs-Szatmár-Bereg;12;szakgimnázium/szakközépiskola (2016.09.01-től kifutó rendszerben);nő;nappali;magyar nyelv és irodalom;közép;rendes;Nem;magyar;4;61;61;megjelent;27;9;9;10;4;2;61;-;-;-;-
2020;1;Szabolcs-Szatmár-Bereg;12;szakgimnázium/szakközépiskola (2016.09.01-től kifutó rendszerben);férfi;nappali;magyar nyelv és irodalom;közép;rendes;Nem;magyar;4;75;75;megjelent;29;9;18;12;5;2;75;-;-;-;-
2020;1;Szabolcs-Szatmár-Bereg;12;szakgimnázium/szakközépiskola (2016.09.01-től kifutó rendszerben);nő;nappali;magyar nyelv és irodalom;közép;rendes;Nem;magyar;3;52;52;megjelent;29;7;6;8;0;2;52;-;-;-;-
2020;1;Szabolcs-Szatmár-Bereg;12;szakgimnázium/szakközépiskola (2016.09.01-től kifutó rendszerben);férfi;nappali;magyar nyelv és irodalom;közép;rendes;Nem;magyar;3;51;51;megjelent;30;7;5;8;0;1;51;-;-;-;-
2020;1;Szabolcs-Szatmár-Bereg;12;szakgimnázium/szakközépiskola (2016.09.01-től kifutó rendszerben);férfi;nappali;magyar nyelv és irodalom;közép;rendes;Nem;magyar;3;48;48;megjelent;27;6;6;8;0;1;48;-;-;-;-
2020;1;Szabolcs-Szatmár-Bereg;12;szakgimnázium/szakközépiskola (2016.09.01-től kifutó rendszerben);nő;nappali;magyar nyelv és irodalom;közép;rendes;Nem;magyar;4;70;70;megjelent;32;9;16;12;0;1;70;-;-;-;-
2020;1;Szabolcs-Szatmár-Bereg;12;gimnázium;nő;nappali;magyar nyelv és irodalom;közép;rendes;Nem;magyar;3;55;55;megjelent;25;5;15;8;0;2;55;-;-;-;-
2020;1;Szabolcs-Szatmár-Bereg;12;gimnázium;nő;nappali;magyar nyelv és irodalom;közép;rendes;Nem;magyar;5;81;81;megjelent;27;9;23;14;6;2;81;-;-;-;-
2020;1;Szabolcs-Szatmár-Bereg;12;gimnázium;férfi;nappali;magyar nyelv és irodalom;közép;rendes;Nem;magyar;3;53;53;megjelent;29;5;13;5;0;1;53;-;-;-;-
2020;1;Szabolcs-Szatmár-Bereg;12;gimnázium;férfi;nappali;magyar nyelv és irodalom;közép;rendes;Nem;magyar;5;97;97;megjelent;37;10;25;15;8;2;97;-;-;-;-
2020;1;Szabolcs-Szatmár-Bereg;12;gimnázium;nő;nappali;magyar nyelv és irodalom;közép;rendes;Nem;magyar;5;82;82;megjelent;34;7;20;12;7;2;82;-;-;-;-
2020;1;Szabolcs-Szatmár-Bereg;12;gimnázium;nő;nappali;magyar nyelv és irodalom;közép;rendes;Nem;magyar;5;89;89;megjelent;40;10;23;13;1;2;89;-;-;-;-
2020;1;Szabolcs-Szatmár-Bereg;4;gimnázium;nő;nappali;magyar nyelv és irodalom;közép;rendes;Nem;magyar;5;82;82;megjelent;32;10;19;15;4;2;82;-;-;-;-
2020;1;Szabolcs-Szatmár-Bereg;12;szakgimnázium/szakközépiskola (2016.09.01-től kifutó rendszerben);férfi;nappali;magyar nyelv és irodalom;közép;rendes;Nem;magyar;2;27;27;megjelent;15;5;3;4;0;0;27;-;-;-;-
2020;1;Szabolcs-Szatmár-Bereg;12;szakgimnázium/szakközépiskola (2016.09.01-től kifutó rendszerben);nő;nappali;magyar nyelv és irodalom;közép;rendes;Nem;magyar;4;68;68;megjelent;28;10;16;12;0;2;68;-;-;-;-
2020;1;Szabolcs-Szatmár-Bereg;12;gimnázium;nő;nappali;magyar nyelv és irodalom;közép;rendes;Nem;magyar;5;98;98;megjelent;38;10;25;15;8;2;98;-;-;-;-
2020;1;Szabolcs-Szatmár-Bereg;12;szakgimnázium/szakközépiskola (2016.09.01-től kifutó rendszerben);férfi;nappali;magyar nyelv és irodalom;közép;rendes;Nem;magyar;3;40;40;megjelent;21;8;4;6;0;1;40;-;-;-;-
2020;1;Szabolcs-Szatmár-Bereg;4;gimnázium;férfi;nappali;magyar nyelv és irodalom;közép;rendes;Igen;magyar;4;68;63;megjelent;26;9;15;12;0;1;63;-;-;-;-
2020;1;Szabolcs-Szatmár-Bereg;12;szakgimnázium/szakközépiskola (2016.09.01-től kifutó rendszerben);férfi;nappali;magyar nyelv és irodalom;közép;rendes;Nem;magyar;3;53;53;megjelent;20;9;12;10;0;2;53;-;-;-;-
2020;1;Szabolcs-Szatmár-Bereg;4;gimnázium;férfi;nappali;magyar nyelv és irodalom;közép;rendes;Nem;magyar;5;92;92;megjelent;33;10;25;15;7;2;92;-;-;-;-
2020;1;Szabolcs-Szatmár-Bereg;12;szakgimnázium/szakközépiskola (2016.09.01-től kifutó rendszerben);nő;nappali;magyar nyelv és irodalom;közép;rendes;Nem;magyar;4;61;61;megjelent;23;8;11;10;7;2;61;-;-;-;-
2020;1;Szabolcs-Szatmár-Bereg;12;szakgimnázium/szakközépiskola (2016.09.01-től kifutó rendszerben);nő;nappali;magyar nyelv és irodalom;közép;rendes;Nem;magyar;3;55;55;megjelent;26;9;9;9;0;2;55;-;-;-;-
2020;1;Szabolcs-Szatmár-Bereg;12;szakgimnázium/szakközépiskola (2016.09.01-től kifutó rendszerben);nő;nappali;magyar nyelv és irodalom;közép;rendes;Nem;magyar;4;68;68;megjelent;27;8;18;13;0;2;68;-;-;-;-
2020;1;Szabolcs-Szatmár-Bereg;4;gimnázium;férfi;nappali;magyar nyelv és irodalom;közép;rendes;Igen;magyar;3;44;22;megjelent;-;-;-;-;-;-;-;8;6;8;22
2020;1;Szabolcs-Szatmár-Bereg;12;szakgimnázium/szakközépiskola (2016.09.01-től kifutó rendszerben);nő;nappali;magyar nyelv és irodalom;közép;rendes;Nem;magyar;5;80;80;megjelent;31;9;19;15;4;2;80;-;-;-;-
2020;1;Szabolcs-Szatmár-Bereg;12;gimnázium;férfi;nappali;magyar nyelv és irodalom;közép;rendes;Nem;magyar;3;54;54;megjelent;20;8;14;10;0;2;54;-;-;-;-
2020;1;Szabolcs-Szatmár-Bereg;12;gimnázium;nő;nappali;magyar nyelv és irodalom;közép;rendes;Nem;magyar;4;62;62;megjelent;29;6;14;11;0;2;62;-;-;-;-
2020;1;Szabolcs-Szatmár-Bereg;12;gimnázium;nő;nappali;magyar nyelv és irodalom;közép;rendes;Nem;magyar;5;81;81;megjelent;30;10;22;9;8;2;81;-;-;-;-
2020;1;Szabolcs-Szatmár-Bereg;12;szakgimnázium/szakközépiskola (2016.09.01-től kifutó rendszerben);nő;nappali;magyar nyelv és irodalom;közép;rendes;Nem;magyar;5;80;80;megjelent;26;10;20;14;8;2;80;-;-;-;-
2020;1;Szabolcs-Szatmár-Bereg;12;szakgimnázium/szakközépiskola (2016.09.01-től kifutó rendszerben);férfi;nappali;magyar nyelv és irodalom;közép;rendes;Nem;magyar;4;61;61;megjelent;30;7;12;10;0;2;61;-;-;-;-
2020;1;Szabolcs-Szatmár-Bereg;12;szakgimnázium/szakközépiskola (2016.09.01-től kifutó rendszerben);nő;nappali;magyar nyelv és irodalom;közép;rendes;Nem;magyar;3;47;47;megjelent;22;7;7;9;0;2;47;-;-;-;-
2020;1;Szabolcs-Szatmár-Bereg;12;gimnázium;férfi;nappali;magyar nyelv és irodalom;közép;rendes;Nem;magyar;5;82;82;megjelent;29;10;22;13;6;2;82;-;-;-;-
2020;1;Szabolcs-Szatmár-Bereg;13;gimnázium;nő;nappali;magyar nyelv és irodalom;közép;rendes;Nem;magyar;4;66;66;megjelent;30;9;15;9;1;2;66;-;-;-;-
2020;1;Szabolcs-Szatmár-Bereg;12;szakgimnázium/szakközépiskola (2016.09.01-től kifutó rendszerben);férfi;nappali;magyar nyelv és irodalom;közép;rendes;Nem;magyar;3;52;52;megjelent;31;7;5;8;0;1;52;-;-;-;-
2020;1;Szabolcs-Szatmár-Bereg;12;gimnázium;nő;nappali;magyar nyelv és irodalom;közép;rendes;Nem;magyar;5;83;83;megjelent;34;9;19;15;4;2;83;-;-;-;-
2020;1;Szabolcs-Szatmár-Bereg;12;szakgimnázium/szakközépiskola (2016.09.01-től kifutó rendszerben);nő;nappali;magyar nyelv és irodalom;közép;rendes;Nem;magyar;3;47;47;megjelent;22;8;6;9;0;2;47;-;-;-;-
2020;1;Szabolcs-Szatmár-Bereg;12;gimnázium;nő;nappali;magyar nyelv és irodalom;közép;rendes;Nem;magyar;5;82;82;megjelent;27;9;21;15;8;2;82;-;-;-;-
2020;1;Szabolcs-Szatmár-Bereg;12;gimnázium;nő;nappali;magyar nyelv és irodalom;közép;rendes;Nem;magyar;5;90;90;megjelent;34;10;25;15;4;2;90;-;-;-;-
2020;1;Szabolcs-Szatmár-Bereg;13;gimnázium;nő;nappali;magyar nyelv és irodalom;közép;rendes;Nem;magyar;4;66;66;megjelent;31;8;16;9;0;2;66;-;-;-;-
2020;1;Szabolcs-Szatmár-Bereg;12;szakgimnázium/szakközépiskola (2016.09.01-től kifutó rendszerben);nő;nappali;magyar nyelv és irodalom;közép;rendes;Nem;magyar;3;52;52;megjelent;23;9;7;9;2;2;52;-;-;-;-
2020;1;Szabolcs-Szatmár-Bereg;12;gimnázium;férfi;nappali;magyar nyelv és irodalom;közép;rendes;Nem;magyar;4;61;61;megjelent;25;7;16;11;0;2;61;-;-;-;-
2020;1;Szabolcs-Szatmár-Bereg;13;gimnázium;nő;nappali;magyar nyelv és irodalom;közép;rendes;Nem;magyar;4;60;60;megjelent;28;9;11;9;1;2;60;-;-;-;-
2020;1;Szabolcs-Szatmár-Bereg;12;gimnázium;férfi;nappali;magyar nyelv és irodalom;közép;rendes;Nem;magyar;4;61;61;megjelent;27;7;13;9;5;0;61;-;-;-;-
2020;1;Szabolcs-Szatmár-Bereg;12;gimnázium;nő;nappali;magyar nyelv és irodalom;közép;rendes;Nem;magyar;5;94;94;megjelent;34;10;25;15;8;2;94;-;-;-;-
2020;1;Szabolcs-Szatmár-Bereg;12;gimnázium;férfi;nappali;magyar nyelv és irodalom;közép;rendes;Nem;magyar;4;60;60;megjelent;29;4;11;9;6;1;60;-;-;-;-
2020;1;Szabolcs-Szatmár-Bereg;12;gimnázium;nő;nappali;magyar nyelv és irodalom;közép;rendes;Nem;magyar;5;81;81;megjelent;29;9;24;13;4;2;81;-;-;-;-
2020;1;Szabolcs-Szatmár-Bereg;12;gimnázium;férfi;nappali;magyar nyelv és irodalom;közép;rendes;Nem;magyar;5;82;82;megjelent;33;7;22;11;7;2;82;-;-;-;-
2020;1;Szabolcs-Szatmár-Bereg;12;gimnázium;nő;nappali;magyar nyelv és irodalom;közép;rendes;Nem;magyar;4;70;70;megjelent;28;10;14;11;5;2;70;-;-;-;-
2020;1;Szabolcs-Szatmár-Bereg;12;gimnázium;nő;nappali;magyar nyelv és irodalom;közép;rendes;Nem;magyar;5;98;98;megjelent;40;10;24;15;8;1;98;-;-;-;-
2020;1;Szabolcs-Szatmár-Bereg;12;gimnázium;férfi;nappali;magyar nyelv és irodalom;közép;rendes;Nem;magyar;5;96;96;megjelent;38;10;25;15;6;2;96;-;-;-;-
2020;1;Szabolcs-Szatmár-Bereg;12;gimnázium;nő;nappali;magyar nyelv és irodalom;közép;rendes;Nem;magyar;3;48;48;megjelent;19;9;8;9;1;2;48;-;-;-;-
2020;1;Szabolcs-Szatmár-Bereg;12;gimnázium;nő;nappali;magyar nyelv és irodalom;közép;rendes;Nem;magyar;5;92;92;megjelent;33;10;25;15;7;2;92;-;-;-;-
2020;1;Szabolcs-Szatmár-Bereg;12;gimnázium;nő;nappali;magyar nyelv és irodalom;közép;rendes;Nem;magyar;5;85;85;megjelent;34;10;19;13;7;2;85;-;-;-;-
2020;1;Szabolcs-Szatmár-Bereg;12;gimnázium;nő;nappali;magyar nyelv és irodalom;közép;rendes;Nem;magyar;5;95;95;megjelent;37;10;25;14;7;2;95;-;-;-;-
2020;1;Szabolcs-Szatmár-Bereg;12;gimnázium;férfi;nappali;magyar nyelv és irodalom;közép;rendes;Nem;magyar;2;36;36;megjelent;15;6;9;5;0;1;36;-;-;-;-
2020;1;Szabolcs-Szatmár-Bereg;12;gimnázium;nő;nappali;magyar nyelv és irodalom;közép;rendes;Nem;magyar;5;90;90;megjelent;33;10;24;15;6;2;90;-;-;-;-
2020;1;Szabolcs-Szatmár-Bereg;12;gimnázium;férfi;nappali;magyar nyelv és irodalom;közép;rendes;Nem;magyar;4;63;63;megjelent;27;9;14;9;3;1;63;-;-;-;-
2020;1;Szabolcs-Szatmár-Bereg;12;gimnázium;férfi;nappali;magyar nyelv és irodalom;közép;rendes;Nem;magyar;4;61;61;megjelent;26;9;13;11;0;2;61;-;-;-;-
2020;1;Szabolcs-Szatmár-Bereg;12;gimnázium;férfi;nappali;magyar nyelv és irodalom;közép;rendes;Nem;magyar;5;87;87;megjelent;37;10;19;12;7;2;87;-;-;-;-
2020;1;Szabolcs-Szatmár-Bereg;12;gimnázium;nő;nappali;magyar nyelv és irodalom;közép;rendes;Nem;magyar;5;97;97;megjelent;37;10;25;15;8;2;97;-;-;-;-
2020;1;Szabolcs-Szatmár-Bereg;12;gimnázium;nő;nappali;magyar nyelv és irodalom;közép;rendes;Nem;magyar;5;83;83;megjelent;34;9;21;12;5;2;83;-;-;-;-
2020;1;Szabolcs-Szatmár-Bereg;12;gimnázium;nő;nappali;magyar nyelv és irodalom;közép;rendes;Nem;magyar;5;81;81;megjelent;29;10;19;15;6;2;81;-;-;-;-
2020;1;Szabolcs-Szatmár-Bereg;12;gimnázium;férfi;nappali;magyar nyelv és irodalom;közép;rendes;Nem;magyar;3;54;54;megjelent;29;7;10;6;0;2;54;-;-;-;-
2020;1;Szabolcs-Szatmár-Bereg;12;gimnázium;nő;nappali;magyar nyelv és irodalom;közép;rendes;Nem;magyar;4;65;65;megjelent;33;8;13;8;1;2;65;-;-;-;-
2020;1;Szabolcs-Szatmár-Bereg;12;gimnázium;nő;nappali;magyar nyelv és irodalom;közép;rendes;Nem;magyar;5;80;80;megjelent;30;9;20;14;5;2;80;-;-;-;-
2020;1;Szabolcs-Szatmár-Bereg;12;gimnázium;nő;nappali;magyar nyelv és irodalom;közép;rendes;Nem;magyar;5;95;95;megjelent;37;9;25;15;7;2;95;-;-;-;-
2020;1;Szabolcs-Szatmár-Bereg;12;gimnázium;férfi;nappali;magyar nyelv és irodalom;közép;rendes;Nem;magyar;4;63;63;megjelent;35;7;11;8;0;2;63;-;-;-;-
2020;1;Szabolcs-Szatmár-Bereg;12;gimnázium;nő;nappali;magyar nyelv és irodalom;közép;rendes;Nem;magyar;5;87;87;megjelent;35;7;25;15;3;2;87;-;-;-;-
2020;1;Szabolcs-Szatmár-Bereg;12;gimnázium;nő;nappali;magyar nyelv és irodalom;közép;rendes;Nem;magyar;3;54;54;megjelent;32;6;9;6;0;1;54;-;-;-;-
2020;1;Szabolcs-Szatmár-Bereg;12;gimnázium;nő;nappali;magyar nyelv és irodalom;közép;rendes;Nem;magyar;5;84;84;megjelent;35;8;20;13;6;2;84;-;-;-;-
2020;1;Szabolcs-Szatmár-Bereg;12;gimnázium;férfi;nappali;magyar nyelv és irodalom;közép;rendes;Nem;magyar;4;76;76;megjelent;30;9;22;13;0;2;76;-;-;-;-
2020;1;Szabolcs-Szatmár-Bereg;12;gimnázium;nő;nappali;magyar nyelv és irodalom;közép;rendes;Nem;magyar;3;51;51;megjelent;26;5;9;9;0;2;51;-;-;-;-
2020;1;Szabolcs-Szatmár-Bereg;12;gimnázium;nő;nappali;magyar nyelv és irodalom;közép;rendes;Nem;magyar;4;65;65;megjelent;33;7;15;8;0;2;65;-;-;-;-
2020;1;Szabolcs-Szatmár-Bereg;12;gimnázium;nő;nappali;magyar nyelv és irodalom;közép;rendes;Nem;magyar;4;65;65;megjelent;32;9;15;8;0;1;65;-;-;-;-
2020;1;Szabolcs-Szatmár-Bereg;12;gimnázium;nő;nappali;magyar nyelv és irodalom;közép;rendes;Nem;magyar;4;62;62;megjelent;30;8;9;8;5;2;62;-;-;-;-
2020;1;Szabolcs-Szatmár-Bereg;12;gimnázium;férfi;nappali;magyar nyelv és irodalom;közép;rendes;Nem;magyar;5;82;82;megjelent;34;10;20;11;5;2;82;-;-;-;-
2020;1;Szabolcs-Szatmár-Bereg;12;gimnázium;nő;nappali;magyar nyelv és irodalom;közép;rendes;Nem;magyar;5;88;88;megjelent;33;10;25;15;3;2;88;-;-;-;-
2020;1;Szabolcs-Szatmár-Bereg;12;gimnázium;férfi;nappali;magyar nyelv és irodalom;közép;rendes;Nem;magyar;3;50;50;megjelent;28;7;6;7;0;2;50;-;-;-;-
2020;1;Szabolcs-Szatmár-Bereg;12;gimnázium;nő;nappali;magyar nyelv és irodalom;közép;rendes;Nem;magyar;4;65;65;megjelent;30;7;12;9;5;2;65;-;-;-;-
2020;1;Szabolcs-Szatmár-Bereg;12;gimnázium;férfi;nappali;magyar nyelv és irodalom;közép;rendes;Nem;magyar;5;80;80;megjelent;35;9;18;11;5;2;80;-;-;-;-
2020;1;Szabolcs-Szatmár-Bereg;12;gimnázium;nő;nappali;magyar nyelv és irodalom;közép;rendes;Nem;magyar;5;80;80;megjelent;35;10;19;13;1;2;80;-;-;-;-
2020;1;Szabolcs-Szatmár-Bereg;12;gimnázium;nő;nappali;magyar nyelv és irodalom;közép;rendes;Nem;magyar;3;54;54;megjelent;29;8;7;8;0;2;54;-;-;-;-
2020;1;Szabolcs-Szatmár-Bereg;12;gimnázium;férfi;nappali;magyar nyelv és irodalom;közép;rendes;Nem;magyar;5;80;80;megjelent;32;9;17;15;5;2;80;-;-;-;-
2020;1;Szabolcs-Szatmár-Bereg;12;gimnázium;nő;nappali;magyar nyelv és irodalom;közép;rendes;Nem;magyar;5;87;87;megjelent;32;10;25;15;3;2;87;-;-;-;-
2020;1;Szabolcs-Szatmár-Bereg;12;gimnázium;nő;nappali;magyar nyelv és irodalom;közép;rendes;Nem;magyar;5;80;80;megjelent;34;8;17;13;6;2;80;-;-;-;-
2020;1;Szabolcs-Szatmár-Bereg;12;gimnázium;nő;nappali;magyar nyelv és irodalom;közép;rendes;Nem;magyar;5;85;85;megjelent;34;8;22;14;5;2;85;-;-;-;-
2020;1;Szabolcs-Szatmár-Bereg;12;gimnázium;nő;nappali;magyar nyelv és irodalom;közép;rendes;Nem;magyar;5;80;80;megjelent;28;9;21;12;8;2;80;-;-;-;-
2020;1;Szabolcs-Szatmár-Bereg;12;gimnázium;nő;nappali;magyar nyelv és irodalom;közép;rendes;Nem;magyar;3;50;50;megjelent;18;9;13;8;0;2;50;-;-;-;-
2020;1;Szabolcs-Szatmár-Bereg;12;gimnázium;nő;nappali;magyar nyelv és irodalom;közép;rendes;Nem;magyar;4;70;70;megjelent;25;7;17;11;8;2;70;-;-;-;-
2020;1;Szabolcs-Szatmár-Bereg;12;gimnázium;nő;nappali;magyar nyelv és irodalom;közép;rendes;Nem;magyar;4;63;63;megjelent;35;8;10;8;0;2;63;-;-;-;-
2020;1;Szabolcs-Szatmár-Bereg;12;gimnázium;férfi;nappali;magyar nyelv és irodalom;közép;rendes;Nem;magyar;5;89;89;megjelent;33;10;25;15;4;2;89;-;-;-;-
2020;1;Szabolcs-Szatmár-Bereg;12;gimnázium;nő;nappali;magyar nyelv és irodalom;közép;rendes;Nem;magyar;4;60;60;megjelent;25;6;17;10;0;2;60;-;-;-;-
2020;1;Szabolcs-Szatmár-Bereg;12;szakgimnázium/szakközépiskola (2016.09.01-től kifutó rendszerben);férfi;nappali;magyar nyelv és irodalom;közép;rendes;Nem;magyar;5;87;87;megjelent;36;9;19;14;7;2;87;-;-;-;-
2020;1;Szabolcs-Szatmár-Bereg;12;szakgimnázium/szakközépiskola (2016.09.01-től kifutó rendszerben);férfi;nappali;magyar nyelv és irodalom;közép;rendes;Nem;magyar;3;44;44;megjelent;26;9;4;5;0;0;44;-;-;-;-
2020;1;Szabolcs-Szatmár-Bereg;12;szakgimnázium/szakközépiskola (2016.09.01-től kifutó rendszerben);férfi;nappali;magyar nyelv és irodalom;közép;rendes;Nem;magyar;2;26;26;megjelent;15;2;4;5;0;0;26;-;-;-;-
2020;1;Szabolcs-Szatmár-Bereg;12;szakgimnázium/szakközépiskola (2016.09.01-től kifutó rendszerben);férfi;nappali;magyar nyelv és irodalom;közép;rendes;Nem;magyar;4;60;60;megjelent;27;9;11;10;2;1;60;-;-;-;-
2020;1;Szabolcs-Szatmár-Bereg;12;szakgimnázium/szakközépiskola (2016.09.01-től kifutó rendszerben);férfi;nappali;magyar nyelv és irodalom;közép;rendes;Nem;magyar;2;29;29;megjelent;16;6;3;4;0;0;29;-;-;-;-
2020;1;Szabolcs-Szatmár-Bereg;12;szakgimnázium/szakközépiskola (2016.09.01-től kifutó rendszerben);férfi;nappali;magyar nyelv és irodalom;közép;rendes;Nem;magyar;5;90;90;megjelent;31;10;24;15;8;2;90;-;-;-;-
2020;1;Szabolcs-Szatmár-Bereg;12;szakgimnázium/szakközépiskola (2016.09.01-től kifutó rendszerben);férfi;nappali;magyar nyelv és irodalom;közép;rendes;Nem;magyar;2;27;27;megjelent;18;0;4;5;0;0;27;-;-;-;-
2020;1;Szabolcs-Szatmár-Bereg;12;gimnázium;nő;nappali;magyar nyelv és irodalom;közép;rendes;Nem;magyar;3;44;44;megjelent;18;5;10;9;0;2;44;-;-;-;-
2020;1;Szabolcs-Szatmár-Bereg;12;szakgimnázium/szakközépiskola (2016.09.01-től kifutó rendszerben);nő;nappali;magyar nyelv és irodalom;közép;rendes;Nem;magyar;3;40;40;megjelent;30;0;4;4;0;2;40;-;-;-;-
2020;1;Szabolcs-Szatmár-Bereg;12;gimnázium;nő;nappali;magyar nyelv és irodalom;közép;rendes;Nem;magyar;5;90;90;megjelent;36;9;24;14;5;2;90;-;-;-;-
2020;1;Szabolcs-Szatmár-Bereg;12;gimnázium;nő;nappali;magyar nyelv és irodalom;közép;rendes;Nem;magyar;5;88;88;megjelent;34;10;25;15;2;2;88;-;-;-;-
2020;1;Szabolcs-Szatmár-Bereg;12;gimnázium;nő;nappali;magyar nyelv és irodalom;közép;rendes;Nem;magyar;5;94;94;megjelent;37;10;25;15;5;2;94;-;-;-;-
2020;1;Szabolcs-Szatmár-Bereg;12;gimnázium;férfi;nappali;magyar nyelv és irodalom;közép;rendes;Nem;magyar;3;58;58;megjelent;34;7;7;6;3;1;58;-;-;-;-
2020;1;Szabolcs-Szatmár-Bereg;12;gimnázium;nő;nappali;magyar nyelv és irodalom;közép;rendes;Nem;magyar;5;98;98;megjelent;39;10;25;15;7;2;98;-;-;-;-
2020;1;Szabolcs-Szatmár-Bereg;12;gimnázium;nő;nappali;magyar nyelv és irodalom;közép;rendes;Nem;magyar;5;94;94;megjelent;38;10;25;15;4;2;94;-;-;-;-
2020;1;Szabolcs-Szatmár-Bereg;12;gimnázium;nő;nappali;magyar nyelv és irodalom;közép;rendes;Nem;magyar;5;89;89;megjelent;34;10;25;14;4;2;89;-;-;-;-
2020;1;Szabolcs-Szatmár-Bereg;12;gimnázium;nő;nappali;magyar nyelv és irodalom;közép;rendes;Nem;magyar;5;97;97;megjelent;38;10;25;15;7;2;97;-;-;-;-
2020;1;Szabolcs-Szatmár-Bereg;12;gimnázium;nő;nappali;magyar nyelv és irodalom;közép;rendes;Nem;magyar;5;96;96;megjelent;40;10;25;15;4;2;96;-;-;-;-
2020;1;Szabolcs-Szatmár-Bereg;12;gimnázium;nő;nappali;magyar nyelv és irodalom;közép;rendes;Nem;magyar;5;98;98;megjelent;38;10;25;15;8;2;98;-;-;-;-
2020;1;Szabolcs-Szatmár-Bereg;12;gimnázium;nő;nappali;magyar nyelv és irodalom;közép;rendes;Nem;magyar;5;93;93;megjelent;38;10;25;15;3;2;93;-;-;-;-
2020;1;Szabolcs-Szatmár-Bereg;12;gimnázium;nő;nappali;magyar nyelv és irodalom;közép;rendes;Nem;magyar;3;58;58;megjelent;24;6;12;10;4;2;58;-;-;-;-
2020;1;Szabolcs-Szatmár-Bereg;12;gimnázium;férfi;nappali;magyar nyelv és irodalom;közép;rendes;Nem;magyar;4;72;72;megjelent;32;9;19;11;0;1;72;-;-;-;-
2020;1;Szabolcs-Szatmár-Bereg;12;gimnázium;nő;nappali;magyar nyelv és irodalom;közép;rendes;Nem;magyar;5;81;81;megjelent;33;9;22;12;4;1;81;-;-;-;-
2020;1;Szabolcs-Szatmár-Bereg;12;gimnázium;nő;nappali;magyar nyelv és irodalom;közép;rendes;Nem;magyar;3;54;54;megjelent;23;4;14;11;0;2;54;-;-;-;-
2020;1;Szabolcs-Szatmár-Bereg;12;gimnázium;nő;nappali;magyar nyelv és irodalom;közép;rendes;Nem;magyar;5;96;96;megjelent;36;10;25;15;8;2;96;-;-;-;-
2020;1;Szabolcs-Szatmár-Bereg;12;gimnázium;nő;nappali;magyar nyelv és irodalom;közép;rendes;Nem;magyar;5;80;80;megjelent;32;9;22;12;3;2;80;-;-;-;-
2020;1;Szabolcs-Szatmár-Bereg;12;gimnázium;nő;nappali;magyar nyelv és irodalom;közép;rendes;Nem;magyar;5;82;82;megjelent;30;9;19;14;8;2;82;-;-;-;-
2020;1;Szabolcs-Szatmár-Bereg;12;gimnázium;férfi;nappali;magyar nyelv és irodalom;közép;rendes;Igen;magyar;4;60;54;megjelent;29;8;10;7;0;0;54;-;-;-;-
2020;1;Szabolcs-Szatmár-Bereg;12;gimnázium;nő;nappali;magyar nyelv és irodalom;közép;rendes;Nem;magyar;5;80;80;megjelent;32;9;23;14;0;2;80;-;-;-;-
2020;1;Szabolcs-Szatmár-Bereg;12;gimnázium;nő;nappali;magyar nyelv és irodalom;közép;rendes;Nem;magyar;5;90;90;megjelent;37;10;21;14;6;2;90;-;-;-;-
2020;1;Szabolcs-Szatmár-Bereg;12;gimnázium;nő;nappali;magyar nyelv és irodalom;közép;rendes;Nem;magyar;4;60;60;megjelent;25;8;15;10;0;2;60;-;-;-;-
2020;1;Szabolcs-Szatmár-Bereg;12;gimnázium;nő;nappali;magyar nyelv és irodalom;közép;rendes;Nem;magyar;5;80;80;megjelent;29;10;23;12;4;2;80;-;-;-;-
2020;1;Szabolcs-Szatmár-Bereg;12;gimnázium;férfi;nappali;magyar nyelv és irodalom;közép;rendes;Nem;magyar;2;37;37;megjelent;23;7;2;4;0;1;37;-;-;-;-
2020;1;Szabolcs-Szatmár-Bereg;12;gimnázium;nő;nappali;magyar nyelv és irodalom;közép;rendes;Nem;magyar;4;64;64;megjelent;29;8;14;9;2;2;64;-;-;-;-
2020;1;Szabolcs-Szatmár-Bereg;12;gimnázium;férfi;nappali;magyar nyelv és irodalom;közép;rendes;Nem;magyar;5;84;84;megjelent;34;9;23;13;3;2;84;-;-;-;-
2020;1;Szabolcs-Szatmár-Bereg;12;gimnázium;nő;nappali;magyar nyelv és irodalom;közép;rendes;Nem;magyar;4;61;61;megjelent;30;7;12;7;3;2;61;-;-;-;-
2020;1;Szabolcs-Szatmár-Bereg;12;gimnázium;nő;nappali;magyar nyelv és irodalom;közép;rendes;Nem;magyar;4;65;65;megjelent;35;7;11;9;1;2;65;-;-;-;-
2020;1;Szabolcs-Szatmár-Bereg;12;gimnázium;férfi;nappali;magyar nyelv és irodalom;közép;rendes;Nem;magyar;4;70;70;megjelent;30;9;20;10;0;1;70;-;-;-;-
2020;1;Szabolcs-Szatmár-Bereg;12;gimnázium;férfi;nappali;magyar nyelv és irodalom;közép;rendes;Nem;magyar;5;86;86;megjelent;34;10;22;12;6;2;86;-;-;-;-
2020;1;Szabolcs-Szatmár-Bereg;12;gimnázium;férfi;nappali;magyar nyelv és irodalom;közép;rendes;Nem;magyar;5;86;86;megjelent;34;10;19;14;7;2;86;-;-;-;-
2020;1;Szabolcs-Szatmár-Bereg;12;gimnázium;férfi;nappali;magyar nyelv és irodalom;közép;rendes;Nem;magyar;5;80;80;megjelent;35;9;17;11;7;1;80;-;-;-;-
2020;1;Szabolcs-Szatmár-Bereg;12;gimnázium;férfi;nappali;magyar nyelv és irodalom;közép;rendes;Nem;magyar;4;60;60;megjelent;32;8;14;6;0;0;60;-;-;-;-
2020;1;Szabolcs-Szatmár-Bereg;12;gimnázium;nő;nappali;magyar nyelv és irodalom;közép;rendes;Nem;magyar;5;83;83;megjelent;34;9;24;12;2;2;83;-;-;-;-
2020;1;Szabolcs-Szatmár-Bereg;12;gimnázium;nő;nappali;magyar nyelv és irodalom;közép;rendes;Nem;magyar;4;71;71;megjelent;36;8;15;9;1;2;71;-;-;-;-
2020;1;Szabolcs-Szatmár-Bereg;12;gimnázium;nő;nappali;magyar nyelv és irodalom;közép;rendes;Nem;magyar;3;49;49;megjelent;22;9;9;8;0;1;49;-;-;-;-
2020;1;Szabolcs-Szatmár-Bereg;12;gimnázium;férfi;nappali;magyar nyelv és irodalom;közép;rendes;Igen;magyar;3;54;27;megjelent;-;-;-;-;-;-;-;15;2;10;27
2020;1;Szabolcs-Szatmár-Bereg;12;gimnázium;nő;nappali;magyar nyelv és irodalom;közép;rendes;Nem;magyar;5;80;80;megjelent;35;10;17;11;6;1;80;-;-;-;-
2020;1;Szabolcs-Szatmár-Bereg;12;gimnázium;férfi;nappali;magyar nyelv és irodalom;közép;rendes;Nem;magyar;4;67;67;megjelent;34;6;15;10;1;1;67;-;-;-;-
2020;1;Szabolcs-Szatmár-Bereg;12;gimnázium;nő;nappali;magyar nyelv és irodalom;közép;rendes;Nem;magyar;4;75;75;megjelent;30;10;16;13;5;1;75;-;-;-;-
2020;1;Szabolcs-Szatmár-Bereg;12;gimnázium;nő;nappali;magyar nyelv és irodalom;közép;rendes;Nem;magyar;5;90;90;megjelent;39;10;18;14;7;2;90;-;-;-;-
2020;1;Szabolcs-Szatmár-Bereg;12;gimnázium;nő;nappali;magyar nyelv és irodalom;közép;rendes;Nem;magyar;2;27;27;megjelent;11;5;5;5;0;1;27;-;-;-;-
2020;1;Szabolcs-Szatmár-Bereg;12;gimnázium;férfi;nappali;magyar nyelv és irodalom;közép;rendes;Nem;magyar;4;74;74;megjelent;32;8;16;10;7;1;74;-;-;-;-
2020;1;Szabolcs-Szatmár-Bereg;12;gimnázium;nő;nappali;magyar nyelv és irodalom;közép;rendes;Nem;magyar;4;72;72;megjelent;36;9;15;10;0;2;72;-;-;-;-
2020;1;Szabolcs-Szatmár-Bereg;12;gimnázium;férfi;nappali;magyar nyelv és irodalom;közép;rendes;Nem;magyar;3;57;57;megjelent;34;7;7;4;4;1;57;-;-;-;-
2020;1;Szabolcs-Szatmár-Bereg;12;gimnázium;nő;nappali;magyar nyelv és irodalom;közép;rendes;Nem;magyar;4;66;66;megjelent;33;8;14;9;0;2;66;-;-;-;-
2020;1;Szabolcs-Szatmár-Bereg;12;gimnázium;férfi;nappali;magyar nyelv és irodalom;közép;rendes;Nem;magyar;4;68;68;megjelent;30;7;18;10;1;2;68;-;-;-;-
2020;1;Szabolcs-Szatmár-Bereg;12;gimnázium;férfi;nappali;magyar nyelv és irodalom;közép;rendes;Nem;magyar;3;50;50;megjelent;32;7;4;6;0;1;50;-;-;-;-
2020;1;Szabolcs-Szatmár-Bereg;12;gimnázium;nő;nappali;magyar nyelv és irodalom;közép;rendes;Nem;magyar;5;80;80;megjelent;32;9;20;14;3;2;80;-;-;-;-
2020;1;Szabolcs-Szatmár-Bereg;12;gimnázium;férfi;nappali;magyar nyelv és irodalom;közép;rendes;Nem;magyar;3;43;43;megjelent;24;8;3;7;0;1;43;-;-;-;-
2020;1;Szabolcs-Szatmár-Bereg;12;gimnázium;nő;nappali;magyar nyelv és irodalom;közép;rendes;Nem;magyar;4;65;65;megjelent;25;8;15;10;5;2;65;-;-;-;-
2020;1;Szabolcs-Szatmár-Bereg;12;gimnázium;nő;nappali;magyar nyelv és irodalom;közép;rendes;Nem;magyar;4;70;70;megjelent;30;9;18;11;0;2;70;-;-;-;-
2020;1;Szabolcs-Szatmár-Bereg;12;gimnázium;nő;nappali;magyar nyelv és irodalom;közép;rendes;Nem;magyar;5;82;82;megjelent;34;9;20;14;4;1;82;-;-;-;-
2020;1;Szabolcs-Szatmár-Bereg;12;gimnázium;nő;nappali;magyar nyelv és irodalom;közép;rendes;Nem;magyar;5;92;92;megjelent;35;10;23;15;8;1;92;-;-;-;-
2020;1;Szabolcs-Szatmár-Bereg;12;gimnázium;férfi;nappali;magyar nyelv és irodalom;közép;rendes;Nem;magyar;4;72;72;megjelent;32;7;16;9;7;1;72;-;-;-;-
2020;1;Szabolcs-Szatmár-Bereg;12;gimnázium;férfi;nappali;magyar nyelv és irodalom;közép;rendes;Nem;magyar;3;43;43;megjelent;29;0;4;8;0;2;43;-;-;-;-
2020;1;Szabolcs-Szatmár-Bereg;12;gimnázium;nő;nappali;magyar nyelv és irodalom;közép;rendes;Nem;magyar;5;87;87;megjelent;32;10;22;13;8;2;87;-;-;-;-
2020;1;Szabolcs-Szatmár-Bereg;12;gimnázium;nő;nappali;magyar nyelv és irodalom;közép;rendes;Nem;magyar;5;85;85;megjelent;36;10;18;11;8;2;85;-;-;-;-
2020;1;Szabolcs-Szatmár-Bereg;12;gimnázium;nő;nappali;magyar nyelv és irodalom;közép;rendes;Nem;magyar;4;73;73;megjelent;33;8;17;11;2;2;73;-;-;-;-
2020;1;Szabolcs-Szatmár-Bereg;12;gimnázium;férfi;nappali;magyar nyelv és irodalom;közép;rendes;Nem;magyar;5;85;85;megjelent;34;10;19;13;8;1;85;-;-;-;-
2020;1;Szabolcs-Szatmár-Bereg;12;gimnázium;nő;nappali;magyar nyelv és irodalom;közép;rendes;Nem;magyar;5;95;95;megjelent;37;9;24;15;8;2;95;-;-;-;-
2020;1;Szabolcs-Szatmár-Bereg;12;gimnázium;nő;nappali;magyar nyelv és irodalom;közép;rendes;Nem;magyar;5;85;85;megjelent;36;9;19;13;6;2;85;-;-;-;-
2020;1;Szabolcs-Szatmár-Bereg;12;gimnázium;nő;nappali;magyar nyelv és irodalom;közép;rendes;Nem;magyar;4;72;72;megjelent;27;8;19;10;6;2;72;-;-;-;-
2020;1;Szabolcs-Szatmár-Bereg;12;gimnázium;férfi;nappali;magyar nyelv és irodalom;közép;rendes;Nem;magyar;4;75;75;megjelent;33;9;16;11;5;1;75;-;-;-;-
2020;1;Szabolcs-Szatmár-Bereg;12;gimnázium;férfi;nappali;magyar nyelv és irodalom;közép;rendes;Nem;magyar;4;64;64;megjelent;30;9;16;8;0;1;64;-;-;-;-
2020;1;Szabolcs-Szatmár-Bereg;12;gimnázium;férfi;nappali;magyar nyelv és irodalom;közép;rendes;Nem;magyar;5;80;80;megjelent;31;9;18;13;7;2;80;-;-;-;-
2020;1;Szabolcs-Szatmár-Bereg;12;gimnázium;férfi;nappali;magyar nyelv és irodalom;közép;rendes;Nem;magyar;5;81;81;megjelent;32;10;23;14;0;2;81;-;-;-;-
2020;1;Szabolcs-Szatmár-Bereg;12;gimnázium;férfi;nappali;magyar nyelv és irodalom;közép;rendes;Nem;magyar;4;77;77;megjelent;34;10;19;13;0;1;77;-;-;-;-
2020;1;Szabolcs-Szatmár-Bereg;12;gimnázium;nő;nappali;magyar nyelv és irodalom;közép;rendes;Nem;magyar;5;84;84;megjelent;35;9;20;14;5;1;84;-;-;-;-
2020;1;Szabolcs-Szatmár-Bereg;12;gimnázium;férfi;nappali;magyar nyelv és irodalom;közép;rendes;Nem;magyar;3;55;55;megjelent;27;6;6;8;6;2;55;-;-;-;-
2020;1;Szabolcs-Szatmár-Bereg;12;gimnázium;férfi;nappali;magyar nyelv és irodalom;közép;rendes;Nem;magyar;4;73;73;megjelent;33;9;17;11;1;2;73;-;-;-;-
2020;1;Szabolcs-Szatmár-Bereg;12;gimnázium;férfi;nappali;magyar nyelv és irodalom;közép;rendes;Igen;magyar;5;84;42;megjelent;-;-;-;-;-;-;-;22;8;12;42
2020;1;Szabolcs-Szatmár-Bereg;12;gimnázium;férfi;nappali;magyar nyelv és irodalom;közép;rendes;Nem;magyar;5;81;81;megjelent;36;10;19;13;2;1;81;-;-;-;-
2020;1;Szabolcs-Szatmár-Bereg;12;gimnázium;nő;nappali;magyar nyelv és irodalom;közép;rendes;Nem;magyar;5;80;80;megjelent;33;9;20;11;5;2;80;-;-;-;-
2020;1;Szabolcs-Szatmár-Bereg;12;gimnázium;nő;nappali;magyar nyelv és irodalom;közép;rendes;Nem;magyar;5;80;80;megjelent;33;8;21;12;4;2;80;-;-;-;-
2020;1;Szabolcs-Szatmár-Bereg;12;gimnázium;nő;nappali;magyar nyelv és irodalom;közép;rendes;Nem;magyar;2;27;27;megjelent;23;2;1;1;0;0;27;-;-;-;-
2020;1;Szabolcs-Szatmár-Bereg;12;gimnázium;férfi;nappali;magyar nyelv és irodalom;közép;rendes;Nem;magyar;5;90;90;megjelent;33;10;23;14;8;2;90;-;-;-;-
2020;1;Szabolcs-Szatmár-Bereg;12;gimnázium;férfi;nappali;magyar nyelv és irodalom;közép;rendes;Nem;magyar;4;66;66;megjelent;31;9;13;10;2;1;66;-;-;-;-
2020;1;Szabolcs-Szatmár-Bereg;12;gimnázium;férfi;nappali;magyar nyelv és irodalom;közép;rendes;Nem;magyar;4;60;60;megjelent;31;7;12;10;0;0;60;-;-;-;-
2020;1;Szabolcs-Szatmár-Bereg;12;gimnázium;férfi;nappali;magyar nyelv és irodalom;közép;rendes;Nem;magyar;5;86;86;megjelent;35;8;23;14;4;2;86;-;-;-;-
2020;1;Szabolcs-Szatmár-Bereg;12;gimnázium;férfi;nappali;magyar nyelv és irodalom;közép;rendes;Nem;magyar;4;66;66;megjelent;34;0;13;9;8;2;66;-;-;-;-
2020;1;Szabolcs-Szatmár-Bereg;12;gimnázium;nő;nappali;magyar nyelv és irodalom;közép;rendes;Nem;magyar;4;71;71;megjelent;35;9;14;10;2;1;71;-;-;-;-
2020;1;Szabolcs-Szatmár-Bereg;12;gimnázium;nő;nappali;magyar nyelv és irodalom;közép;rendes;Nem;magyar;2;37;37;megjelent;26;5;2;3;0;1;37;-;-;-;-
2020;1;Szabolcs-Szatmár-Bereg;12;gimnázium;nő;nappali;magyar nyelv és irodalom;közép;rendes;Nem;magyar;4;65;65;megjelent;32;8;12;9;3;1;65;-;-;-;-
2020;1;Szabolcs-Szatmár-Bereg;8;gimnázium;nő;nappali;magyar nyelv és irodalom;közép;rendes;Nem;magyar;5;93;93;megjelent;33;10;25;15;8;2;93;-;-;-;-
2020;1;Szabolcs-Szatmár-Bereg;8;gimnázium;nő;nappali;magyar nyelv és irodalom;közép;rendes;Nem;magyar;4;68;68;megjelent;31;8;17;10;0;2;68;-;-;-;-
2020;1;Szabolcs-Szatmár-Bereg;8;gimnázium;nő;nappali;magyar nyelv és irodalom;közép;rendes;Nem;magyar;5;84;84;megjelent;37;8;19;13;5;2;84;-;-;-;-
2020;1;Szabolcs-Szatmár-Bereg;8;gimnázium;férfi;nappali;magyar nyelv és irodalom;közép;rendes;Nem;magyar;4;75;75;megjelent;32;8;20;13;0;2;75;-;-;-;-
2020;1;Szabolcs-Szatmár-Bereg;8;gimnázium;férfi;nappali;magyar nyelv és irodalom;közép;rendes;Nem;magyar;4;64;64;megjelent;30;8;15;9;0;2;64;-;-;-;-
2020;1;Szabolcs-Szatmár-Bereg;8;gimnázium;férfi;nappali;magyar nyelv és irodalom;közép;rendes;Nem;magyar;4;68;68;megjelent;33;8;17;10;0;0;68;-;-;-;-
2020;1;Szabolcs-Szatmár-Bereg;8;gimnázium;nő;nappali;magyar nyelv és irodalom;közép;rendes;Nem;magyar;4;73;73;megjelent;27;8;23;13;0;2;73;-;-;-;-
2020;1;Szabolcs-Szatmár-Bereg;8;gimnázium;férfi;nappali;magyar nyelv és irodalom;közép;rendes;Igen;magyar;4;61;55;megjelent;31;8;10;6;0;0;55;-;-;-;-
2020;1;Szabolcs-Szatmár-Bereg;8;gimnázium;nő;nappali;magyar nyelv és irodalom;közép;rendes;Nem;magyar;3;42;42;megjelent;23;5;7;6;0;1;42;-;-;-;-
2020;1;Szabolcs-Szatmár-Bereg;8;gimnázium;nő;nappali;magyar nyelv és irodalom;közép;rendes;Nem;magyar;4;68;68;megjelent;34;8;17;9;0;0;68;-;-;-;-
2020;1;Szabolcs-Szatmár-Bereg;8;gimnázium;férfi;nappali;magyar nyelv és irodalom;közép;rendes;Nem;magyar;5;81;81;megjelent;33;10;21;15;0;2;81;-;-;-;-
2020;1;Szabolcs-Szatmár-Bereg;8;gimnázium;férfi;nappali;magyar nyelv és irodalom;közép;rendes;Nem;magyar;4;67;67;megjelent;36;9;17;5;0;0;67;-;-;-;-
2020;1;Szabolcs-Szatmár-Bereg;8;gimnázium;nő;nappali;magyar nyelv és irodalom;közép;rendes;Nem;magyar;5;83;83;megjelent;33;10;21;13;4;2;83;-;-;-;-
2020;1;Szabolcs-Szatmár-Bereg;8;gimnázium;férfi;nappali;magyar nyelv és irodalom;közép;rendes;Nem;magyar;4;66;66;megjelent;36;8;14;7;0;1;66;-;-;-;-
2020;1;Szabolcs-Szatmár-Bereg;8;gimnázium;férfi;nappali;magyar nyelv és irodalom;közép;rendes;Nem;magyar;4;65;65;megjelent;33;10;12;7;3;0;65;-;-;-;-
2020;1;Szabolcs-Szatmár-Bereg;8;gimnázium;nő;nappali;magyar nyelv és irodalom;közép;rendes;Nem;magyar;5;86;86;megjelent;30;10;22;15;7;2;86;-;-;-;-
2020;1;Szabolcs-Szatmár-Bereg;8;gimnázium;férfi;nappali;magyar nyelv és irodalom;közép;rendes;Igen;magyar;3;44;22;megjelent;-;-;-;-;-;-;-;10;4;8;22
2020;1;Szabolcs-Szatmár-Bereg;8;gimnázium;nő;nappali;magyar nyelv és irodalom;közép;rendes;Nem;magyar;4;61;61;megjelent;24;8;17;10;1;1;61;-;-;-;-
2020;1;Szabolcs-Szatmár-Bereg;8;gimnázium;nő;nappali;magyar nyelv és irodalom;közép;rendes;Nem;magyar;4;67;67;megjelent;26;10;15;14;0;2;67;-;-;-;-
2020;1;Szabolcs-Szatmár-Bereg;8;gimnázium;nő;nappali;magyar nyelv és irodalom;közép;rendes;Nem;magyar;4;68;68;megjelent;28;7;18;13;0;2;68;-;-;-;-
2020;1;Szabolcs-Szatmár-Bereg;12;szakgimnázium/szakközépiskola (2016.09.01-től kifutó rendszerben);nő;nappali;magyar nyelv és irodalom;közép;előrehozott;Nem;magyar;3;48;48;megjelent;18;8;6;8;6;2;48;-;-;-;-
2020;1;Szabolcs-Szatmár-Bereg;12;szakgimnázium/szakközépiskola (2016.09.01-től kifutó rendszerben);nő;nappali;magyar nyelv és irodalom;közép;rendes;Nem;magyar;4;75;75;megjelent;30;8;16;11;8;2;75;-;-;-;-
2020;1;Szabolcs-Szatmár-Bereg;12;gimnázium;nő;nappali;magyar nyelv és irodalom;közép;rendes;Nem;magyar;5;86;86;megjelent;36;10;20;12;6;2;86;-;-;-;-
2020;1;Szabolcs-Szatmár-Bereg;12;szakgimnázium/szakközépiskola (2016.09.01-től kifutó rendszerben);nő;nappali;magyar nyelv és irodalom;közép;rendes;Nem;magyar;2;34;34;megjelent;17;6;6;3;0;2;34;-;-;-;-
2020;1;Szabolcs-Szatmár-Bereg;12;szakgimnázium/szakközépiskola (2016.09.01-től kifutó rendszerben);nő;nappali;magyar nyelv és irodalom;közép;rendes;Nem;magyar;3;40;40;megjelent;21;4;10;5;0;0;40;-;-;-;-
2020;1;Szabolcs-Szatmár-Bereg;12;gimnázium;nő;nappali;magyar nyelv és irodalom;közép;rendes;Nem;magyar;3;53;53;megjelent;28;7;9;7;0;2;53;-;-;-;-
2020;1;Szabolcs-Szatmár-Bereg;12;szakgimnázium/szakközépiskola (2016.09.01-től kifutó rendszerben);nő;nappali;magyar nyelv és irodalom;közép;rendes;Nem;magyar;3;50;50;megjelent;30;7;2;3;8;0;50;-;-;-;-
2020;1;Szabolcs-Szatmár-Bereg;12;gimnázium;nő;nappali;magyar nyelv és irodalom;közép;rendes;Nem;magyar;4;62;62;megjelent;30;7;11;10;2;2;62;-;-;-;-
2020;1;Szabolcs-Szatmár-Bereg;12;gimnázium;nő;nappali;magyar nyelv és irodalom;közép;rendes;Nem;magyar;3;56;56;megjelent;30;6;10;8;0;2;56;-;-;-;-
2020;1;Szabolcs-Szatmár-Bereg;12;gimnázium;férfi;nappali;magyar nyelv és irodalom;közép;rendes;Nem;magyar;4;60;60;megjelent;20;8;20;10;2;0;60;-;-;-;-
2020;1;Szabolcs-Szatmár-Bereg;12;gimnázium;nő;nappali;magyar nyelv és irodalom;közép;rendes;Nem;magyar;4;67;67;megjelent;24;8;14;11;8;2;67;-;-;-;-
2020;1;Szabolcs-Szatmár-Bereg;12;gimnázium;férfi;nappali;magyar nyelv és irodalom;közép;rendes;Nem;magyar;5;81;81;megjelent;30;10;19;15;6;1;81;-;-;-;-
2020;1;Szabolcs-Szatmár-Bereg;12;gimnázium;férfi;nappali;magyar nyelv és irodalom;közép;rendes;Nem;magyar;4;68;68;megjelent;31;9;15;11;0;2;68;-;-;-;-
2020;1;Szabolcs-Szatmár-Bereg;12;gimnázium;nő;nappali;magyar nyelv és irodalom;közép;rendes;Nem;magyar;4;60;60;megjelent;29;8;10;11;0;2;60;-;-;-;-
2020;1;Szabolcs-Szatmár-Bereg;12;gimnázium;nő;nappali;magyar nyelv és irodalom;közép;rendes;Nem;magyar;4;67;67;megjelent;27;7;20;10;3;0;67;-;-;-;-
2020;1;Szabolcs-Szatmár-Bereg;12;gimnázium;nő;nappali;magyar nyelv és irodalom;közép;rendes;Nem;magyar;4;71;71;megjelent;28;9;18;10;6;0;71;-;-;-;-
2020;1;Szabolcs-Szatmár-Bereg;12;gimnázium;nő;nappali;magyar nyelv és irodalom;közép;rendes;Nem;magyar;5;80;80;megjelent;33;8;21;10;8;0;80;-;-;-;-
2020;1;Szabolcs-Szatmár-Bereg;12;gimnázium;férfi;nappali;magyar nyelv és irodalom;közép;rendes;Nem;magyar;3;43;43;megjelent;22;0;5;6;8;2;43;-;-;-;-
2020;1;Szabolcs-Szatmár-Bereg;12;gimnázium;férfi;nappali;magyar nyelv és irodalom;közép;rendes;Nem;magyar;4;76;76;megjelent;31;9;22;13;0;1;76;-;-;-;-
2020;1;Szabolcs-Szatmár-Bereg;12;gimnázium;nő;nappali;magyar nyelv és irodalom;közép;rendes;Nem;magyar;4;73;73;megjelent;33;7;15;11;5;2;73;-;-;-;-
2020;1;Szabolcs-Szatmár-Bereg;12;szakgimnázium/szakközépiskola (2016.09.01-től kifutó rendszerben);férfi;nappali;magyar nyelv és irodalom;közép;rendes;Nem;magyar;3;58;58;megjelent;31;8;9;8;0;2;58;-;-;-;-
2020;1;Szabolcs-Szatmár-Bereg;12;szakgimnázium/szakközépiskola (2016.09.01-től kifutó rendszerben);férfi;nappali;magyar nyelv és irodalom;közép;rendes;Nem;magyar;4;76;76;megjelent;32;7;20;12;3;2;76;-;-;-;-
2020;1;Szabolcs-Szatmár-Bereg;12;szakgimnázium/szakközépiskola (2016.09.01-től kifutó rendszerben);nő;nappali;magyar nyelv és irodalom;közép;rendes;Nem;magyar;3;55;55;megjelent;24;7;9;7;6;2;55;-;-;-;-
2020;1;Szabolcs-Szatmár-Bereg;12;szakgimnázium/szakközépiskola (2016.09.01-től kifutó rendszerben);nő;nappali;magyar nyelv és irodalom;közép;rendes;Nem;magyar;3;52;52;megjelent;22;5;14;7;2;2;52;-;-;-;-
2020;1;Szabolcs-Szatmár-Bereg;12;szakgimnázium/szakközépiskola (2016.09.01-től kifutó rendszerben);nő;nappali;magyar nyelv és irodalom;közép;előrehozott;Nem;magyar;3;51;51;megjelent;22;6;16;6;0;1;51;-;-;-;-
2020;1;Szabolcs-Szatmár-Bereg;12;szakgimnázium/szakközépiskola (2016.09.01-től kifutó rendszerben);nő;nappali;magyar nyelv és irodalom;közép;rendes;Nem;magyar;2;35;35;megjelent;19;5;2;3;5;1;35;-;-;-;-
2020;1;Szabolcs-Szatmár-Bereg;12;szakgimnázium/szakközépiskola (2016.09.01-től kifutó rendszerben);férfi;nappali;magyar nyelv és irodalom;közép;rendes;Nem;magyar;3;50;50;megjelent;32;4;9;4;1;0;50;-;-;-;-
2020;1;Szabolcs-Szatmár-Bereg;12;szakgimnázium/szakközépiskola (2016.09.01-től kifutó rendszerben);nő;nappali;magyar nyelv és irodalom;közép;rendes;Nem;magyar;3;51;51;megjelent;27;6;8;4;4;2;51;-;-;-;-
2020;1;Szabolcs-Szatmár-Bereg;12;szakgimnázium/szakközépiskola (2016.09.01-től kifutó rendszerben);nő;nappali;magyar nyelv és irodalom;közép;rendes;Nem;magyar;3;42;42;megjelent;32;3;3;2;0;2;42;-;-;-;-
2020;1;Szabolcs-Szatmár-Bereg;12;szakgimnázium/szakközépiskola (2016.09.01-től kifutó rendszerben);férfi;nappali;magyar nyelv és irodalom;közép;rendes;Nem;magyar;4;66;66;megjelent;26;8;17;11;2;2;66;-;-;-;-
2020;1;Szabolcs-Szatmár-Bereg;12;gimnázium;nő;nappali;magyar nyelv és irodalom;közép;rendes;Nem;magyar;4;62;62;megjelent;23;7;19;10;1;2;62;-;-;-;-
2020;1;Szabolcs-Szatmár-Bereg;12;szakgimnázium/szakközépiskola (2016.09.01-től kifutó rendszerben);férfi;nappali;magyar nyelv és irodalom;közép;rendes;Nem;magyar;2;36;36;megjelent;18;8;7;3;0;0;36;-;-;-;-
2020;1;Szabolcs-Szatmár-Bereg;12;gimnázium;nő;nappali;magyar nyelv és irodalom;közép;rendes;Nem;magyar;5;96;96;megjelent;36;10;25;15;8;2;96;-;-;-;-
2020;1;Szabolcs-Szatmár-Bereg;12;szakgimnázium/szakközépiskola (2016.09.01-től kifutó rendszerben);nő;nappali;magyar nyelv és irodalom;közép;rendes;Nem;magyar;2;30;30;megjelent;24;0;2;2;1;1;30;-;-;-;-
2020;1;Szabolcs-Szatmár-Bereg;12;gimnázium;férfi;nappali;magyar nyelv és irodalom;közép;rendes;Nem;magyar;5;81;81;megjelent;33;10;20;12;4;2;81;-;-;-;-
2020;1;Szabolcs-Szatmár-Bereg;12;szakgimnázium/szakközépiskola (2016.09.01-től kifutó rendszerben);nő;nappali;magyar nyelv és irodalom;közép;rendes;Nem;magyar;2;33;33;megjelent;25;4;1;2;0;1;33;-;-;-;-
2020;1;Szabolcs-Szatmár-Bereg;12;gimnázium;nő;nappali;magyar nyelv és irodalom;közép;rendes;Nem;magyar;4;71;71;megjelent;34;8;10;9;8;2;71;-;-;-;-
2020;1;Szabolcs-Szatmár-Bereg;12;szakgimnázium/szakközépiskola (2016.09.01-től kifutó rendszerben);nő;nappali;magyar nyelv és irodalom;közép;rendes;Nem;magyar;2;33;33;megjelent;20;3;2;3;3;2;33;-;-;-;-
2020;1;Szabolcs-Szatmár-Bereg;12;szakgimnázium/szakközépiskola (2016.09.01-től kifutó rendszerben);nő;nappali;magyar nyelv és irodalom;közép;rendes;Nem;magyar;3;40;40;megjelent;28;5;3;3;0;1;40;-;-;-;-
2020;1;Szabolcs-Szatmár-Bereg;12;gimnázium;férfi;nappali;magyar nyelv és irodalom;közép;rendes;Nem;magyar;5;81;81;megjelent;32;10;20;12;5;2;81;-;-;-;-
2020;1;Szabolcs-Szatmár-Bereg;12;szakgimnázium/szakközépiskola (2016.09.01-től kifutó rendszerben);nő;nappali;magyar nyelv és irodalom;közép;rendes;Nem;magyar;5;81;81;megjelent;35;8;20;11;5;2;81;-;-;-;-
2020;1;Szabolcs-Szatmár-Bereg;12;gimnázium;férfi;nappali;magyar nyelv és irodalom;közép;rendes;Nem;magyar;4;60;60;megjelent;32;7;9;11;0;1;60;-;-;-;-
2020;1;Szabolcs-Szatmár-Bereg;12;szakgimnázium/szakközépiskola (2016.09.01-től kifutó rendszerben);nő;nappali;magyar nyelv és irodalom;közép;rendes;Nem;magyar;2;30;30;megjelent;23;3;1;1;0;2;30;-;-;-;-
2020;1;Szabolcs-Szatmár-Bereg;12;gimnázium;férfi;nappali;magyar nyelv és irodalom;közép;rendes;Nem;magyar;3;53;53;megjelent;27;8;9;8;0;1;53;-;-;-;-
2020;1;Szabolcs-Szatmár-Bereg;12;szakgimnázium/szakközépiskola (2016.09.01-től kifutó rendszerben);nő;nappali;magyar nyelv és irodalom;közép;rendes;Nem;magyar;3;40;40;megjelent;28;5;2;3;0;2;40;-;-;-;-
2020;1;Szabolcs-Szatmár-Bereg;12;gimnázium;férfi;nappali;magyar nyelv és irodalom;közép;rendes;Nem;magyar;3;53;53;megjelent;28;7;9;7;0;2;53;-;-;-;-
2020;1;Szabolcs-Szatmár-Bereg;12;gimnázium;nő;nappali;magyar nyelv és irodalom;közép;rendes;Nem;magyar;5;80;80;megjelent;36;10;16;13;3;2;80;-;-;-;-
2020;1;Szabolcs-Szatmár-Bereg;12;szakgimnázium/szakközépiskola (2016.09.01-től kifutó rendszerben);nő;nappali;magyar nyelv és irodalom;közép;rendes;Nem;magyar;5;88;88;megjelent;36;10;19;13;8;2;88;-;-;-;-
2020;1;Szabolcs-Szatmár-Bereg;12;gimnázium;nő;nappali;magyar nyelv és irodalom;közép;rendes;Nem;magyar;3;40;40;megjelent;19;4;8;6;1;2;40;-;-;-;-
2020;1;Szabolcs-Szatmár-Bereg;12;gimnázium;nő;nappali;magyar nyelv és irodalom;közép;rendes;Nem;magyar;4;68;68;megjelent;29;7;12;11;7;2;68;-;-;-;-
2020;1;Szabolcs-Szatmár-Bereg;12;szakgimnázium/szakközépiskola (2016.09.01-től kifutó rendszerben);nő;nappali;magyar nyelv és irodalom;közép;rendes;Nem;magyar;5;90;90;megjelent;39;10;21;11;7;2;90;-;-;-;-
2020;1;Szabolcs-Szatmár-Bereg;12;szakgimnázium/szakközépiskola (2016.09.01-től kifutó rendszerben);nő;nappali;magyar nyelv és irodalom;közép;rendes;Nem;magyar;5;84;84;megjelent;34;10;19;14;5;2;84;-;-;-;-
2020;1;Szabolcs-Szatmár-Bereg;12;gimnázium;nő;nappali;magyar nyelv és irodalom;közép;rendes;Nem;magyar;5;82;82;megjelent;31;10;20;15;4;2;82;-;-;-;-
2020;1;Szabolcs-Szatmár-Bereg;12;gimnázium;férfi;nappali;magyar nyelv és irodalom;közép;rendes;Nem;magyar;5;85;85;megjelent;35;10;23;13;2;2;85;-;-;-;-
2020;1;Szabolcs-Szatmár-Bereg;12;gimnázium;nő;nappali;magyar nyelv és irodalom;közép;rendes;Nem;magyar;4;66;66;megjelent;29;9;14;10;2;2;66;-;-;-;-
2020;1;Szabolcs-Szatmár-Bereg;12;gimnázium;férfi;nappali;magyar nyelv és irodalom;közép;rendes;Nem;magyar;3;50;50;megjelent;21;3;13;10;3;0;50;-;-;-;-
2020;1;Szabolcs-Szatmár-Bereg;12;szakgimnázium/szakközépiskola (2016.09.01-től kifutó rendszerben);nő;nappali;magyar nyelv és irodalom;közép;rendes;Nem;magyar;2;34;34;megjelent;18;5;5;5;0;1;34;-;-;-;-
2020;1;Szabolcs-Szatmár-Bereg;12;gimnázium;férfi;nappali;magyar nyelv és irodalom;közép;rendes;Nem;magyar;3;58;58;megjelent;32;6;9;6;5;0;58;-;-;-;-
2020;1;Szabolcs-Szatmár-Bereg;12;gimnázium;nő;nappali;magyar nyelv és irodalom;közép;rendes;Nem;magyar;4;70;70;megjelent;32;8;16;10;2;2;70;-;-;-;-
2020;1;Szabolcs-Szatmár-Bereg;12;szakgimnázium/szakközépiskola (2016.09.01-től kifutó rendszerben);férfi;nappali;magyar nyelv és irodalom;közép;rendes;Nem;magyar;3;40;40;megjelent;20;5;9;6;0;0;40;-;-;-;-
2020;1;Szabolcs-Szatmár-Bereg;12;gimnázium;nő;nappali;magyar nyelv és irodalom;közép;rendes;Nem;magyar;4;73;73;megjelent;33;8;18;12;0;2;73;-;-;-;-
2020;1;Szabolcs-Szatmár-Bereg;12;szakgimnázium/szakközépiskola (2016.09.01-től kifutó rendszerben);férfi;nappali;magyar nyelv és irodalom;közép;rendes;Igen;magyar;3;56;28;megjelent;-;-;-;-;-;-;-;6;9;13;28
2020;1;Szabolcs-Szatmár-Bereg;12;szakgimnázium/szakközépiskola (2016.09.01-től kifutó rendszerben);nő;nappali;magyar nyelv és irodalom;közép;rendes;Nem;magyar;3;50;50;megjelent;21;5;10;8;4;2;50;-;-;-;-
2020;1;Szabolcs-Szatmár-Bereg;12;szakgimnázium/szakközépiskola (2016.09.01-től kifutó rendszerben);férfi;nappali;magyar nyelv és irodalom;közép;rendes;Nem;magyar;3;45;45;megjelent;28;7;5;5;0;0;45;-;-;-;-
2020;1;Szabolcs-Szatmár-Bereg;12;szakgimnázium/szakközépiskola (2016.09.01-től kifutó rendszerben);nő;nappali;magyar nyelv és irodalom;közép;rendes;Nem;magyar;3;52;52;megjelent;25;6;5;6;8;2;52;-;-;-;-
2020;1;Szabolcs-Szatmár-Bereg;12;szakgimnázium/szakközépiskola (2016.09.01-től kifutó rendszerben);férfi;nappali;magyar nyelv és irodalom;közép;rendes;Nem;magyar;4;60;60;megjelent;28;7;15;10;0;0;60;-;-;-;-
2020;1;Szabolcs-Szatmár-Bereg;12;szakgimnázium/szakközépiskola (2016.09.01-től kifutó rendszerben);férfi;nappali;magyar nyelv és irodalom;közép;rendes;Nem;magyar;2;37;37;megjelent;16;5;4;4;8;0;37;-;-;-;-
2020;1;Szabolcs-Szatmár-Bereg;13;szakközép;férfi;nappali;magyar nyelv és irodalom;közép;rendes;Nem;magyar;3;55;55;megjelent;26;5;14;9;0;1;55;-;-;-;-
2020;1;Szabolcs-Szatmár-Bereg;12;szakgimnázium/szakközépiskola (2016.09.01-től kifutó rendszerben);nő;nappali;magyar nyelv és irodalom;közép;rendes;Nem;magyar;4;60;60;megjelent;27;6;15;10;0;2;60;-;-;-;-
2020;1;Szabolcs-Szatmár-Bereg;12;szakgimnázium/szakközépiskola (2016.09.01-től kifutó rendszerben);férfi;nappali;magyar nyelv és irodalom;közép;rendes;Nem;magyar;2;36;36;megjelent;20;5;5;5;0;1;36;-;-;-;-
2020;1;Szabolcs-Szatmár-Bereg;12;szakgimnázium/szakközépiskola (2016.09.01-től kifutó rendszerben);férfi;nappali;magyar nyelv és irodalom;közép;rendes;Nem;magyar;2;36;36;megjelent;15;7;5;5;3;1;36;-;-;-;-
2020;1;Szabolcs-Szatmár-Bereg;12;szakgimnázium/szakközépiskola (2016.09.01-től kifutó rendszerben);nő;nappali;magyar nyelv és irodalom;közép;rendes;Nem;magyar;3;46;46;megjelent;18;7;10;9;0;2;46;-;-;-;-
2020;1;Szabolcs-Szatmár-Bereg;12;szakgimnázium/szakközépiskola (2016.09.01-től kifutó rendszerben);nő;nappali;magyar nyelv és irodalom;közép;rendes;Nem;magyar;2;26;26;megjelent;17;0;5;4;0;0;26;-;-;-;-
2020;1;Szabolcs-Szatmár-Bereg;13;gimnázium;nő;nappali;magyar nyelv és irodalom;közép;rendes;Nem;magyar;3;46;46;megjelent;21;9;6;8;0;2;46;-;-;-;-
2020;1;Szabolcs-Szatmár-Bereg;12;szakgimnázium/szakközépiskola (2016.09.01-től kifutó rendszerben);nő;nappali;magyar nyelv és irodalom;közép;rendes;Nem;magyar;3;40;40;megjelent;21;7;4;4;2;2;40;-;-;-;-
2020;1;Szabolcs-Szatmár-Bereg;13;szakközép;férfi;nappali;magyar nyelv és irodalom;közép;rendes;Igen;magyar;3;54;27;megjelent;-;-;-;-;-;-;-;12;5;10;27
2020;1;Szabolcs-Szatmár-Bereg;12;szakgimnázium/szakközépiskola (2016.09.01-től kifutó rendszerben);nő;nappali;magyar nyelv és irodalom;közép;rendes;Nem;magyar;3;43;43;megjelent;22;5;4;5;6;1;43;-;-;-;-
2020;1;Szabolcs-Szatmár-Bereg;12;szakgimnázium/szakközépiskola (2016.09.01-től kifutó rendszerben);férfi;nappali;magyar nyelv és irodalom;közép;rendes;Nem;magyar;3;40;40;megjelent;25;5;4;4;0;2;40;-;-;-;-
2020;1;Szabolcs-Szatmár-Bereg;13;gimnázium;nő;nappali;magyar nyelv és irodalom;közép;rendes;Nem;magyar;5;85;85;megjelent;33;10;22;13;5;2;85;-;-;-;-
2020;1;Szabolcs-Szatmár-Bereg;12;szakgimnázium/szakközépiskola (2016.09.01-től kifutó rendszerben);férfi;nappali;magyar nyelv és irodalom;közép;rendes;Nem;magyar;2;27;27;megjelent;12;0;4;6;5;0;27;-;-;-;-
2020;1;Szabolcs-Szatmár-Bereg;13;szakközép;férfi;nappali;magyar nyelv és irodalom;közép;rendes;Igen;magyar;3;52;26;megjelent;-;-;-;-;-;-;-;10;6;10;26
2020;1;Szabolcs-Szatmár-Bereg;12;gimnázium;nő;nappali;magyar nyelv és irodalom;közép;rendes;Nem;magyar;5;91;91;megjelent;36;9;24;13;7;2;91;-;-;-;-
2020;1;Szabolcs-Szatmár-Bereg;12;gimnázium;nő;nappali;magyar nyelv és irodalom;közép;rendes;Nem;magyar;5;80;80;megjelent;31;9;20;13;6;1;80;-;-;-;-
2020;1;Szabolcs-Szatmár-Bereg;12;gimnázium;nő;nappali;magyar nyelv és irodalom;közép;rendes;Nem;magyar;4;75;75;megjelent;38;7;18;9;1;2;75;-;-;-;-
2020;1;Szabolcs-Szatmár-Bereg;12;gimnázium;nő;nappali;magyar nyelv és irodalom;közép;rendes;Nem;magyar;3;50;50;megjelent;24;7;10;8;0;1;50;-;-;-;-
2020;1;Szabolcs-Szatmár-Bereg;12;gimnázium;nő;nappali;magyar nyelv és irodalom;közép;rendes;Nem;magyar;4;62;62;megjelent;34;7;10;8;1;2;62;-;-;-;-
2020;1;Szabolcs-Szatmár-Bereg;12;szakgimnázium/szakközépiskola (2016.09.01-től kifutó rendszerben);férfi;nappali;magyar nyelv és irodalom;közép;rendes;Nem;magyar;3;43;43;megjelent;32;5;3;3;0;0;43;-;-;-;-
2020;1;Szabolcs-Szatmár-Bereg;12;gimnázium;nő;nappali;magyar nyelv és irodalom;közép;rendes;Nem;magyar;4;72;72;megjelent;35;5;18;10;2;2;72;-;-;-;-
2020;1;Szabolcs-Szatmár-Bereg;12;gimnázium;nő;nappali;magyar nyelv és irodalom;közép;rendes;Nem;magyar;4;62;62;megjelent;29;7;12;11;1;2;62;-;-;-;-
2020;1;Szabolcs-Szatmár-Bereg;12;gimnázium;nő;nappali;magyar nyelv és irodalom;közép;rendes;Nem;magyar;4;64;64;megjelent;31;9;10;12;0;2;64;-;-;-;-
2020;1;Szabolcs-Szatmár-Bereg;12;gimnázium;nő;nappali;magyar nyelv és irodalom;közép;rendes;Nem;magyar;3;58;58;megjelent;22;8;15;11;0;2;58;-;-;-;-
2020;1;Szabolcs-Szatmár-Bereg;12;gimnázium;nő;nappali;magyar nyelv és irodalom;közép;rendes;Nem;magyar;5;82;82;megjelent;34;8;20;13;5;2;82;-;-;-;-
2020;1;Szabolcs-Szatmár-Bereg;12;gimnázium;férfi;nappali;magyar nyelv és irodalom;közép;rendes;Nem;magyar;3;55;55;megjelent;21;10;13;9;0;2;55;-;-;-;-
2020;1;Szabolcs-Szatmár-Bereg;12;gimnázium;férfi;nappali;magyar nyelv és irodalom;közép;rendes;Igen;magyar;5;82;41;megjelent;-;-;-;-;-;-;-;21;8;12;41
2020;1;Szabolcs-Szatmár-Bereg;12;gimnázium;férfi;nappali;magyar nyelv és irodalom;közép;rendes;Nem;magyar;5;82;82;megjelent;36;10;22;13;0;1;82;-;-;-;-
2020;1;Szabolcs-Szatmár-Bereg;12;gimnázium;férfi;nappali;magyar nyelv és irodalom;közép;rendes;Nem;magyar;5;80;80;megjelent;29;9;25;15;0;2;80;-;-;-;-
2020;1;Szabolcs-Szatmár-Bereg;12;gimnázium;nő;nappali;magyar nyelv és irodalom;közép;rendes;Nem;magyar;3;58;58;megjelent;20;10;14;12;0;2;58;-;-;-;-
2020;1;Szabolcs-Szatmár-Bereg;12;gimnázium;nő;nappali;magyar nyelv és irodalom;közép;rendes;Nem;magyar;5;94;94;megjelent;35;10;25;15;7;2;94;-;-;-;-
2020;1;Szabolcs-Szatmár-Bereg;12;szakgimnázium/szakközépiskola (2016.09.01-től kifutó rendszerben);nő;nappali;magyar nyelv és irodalom;közép;rendes;Nem;magyar;4;63;63;megjelent;29;9;14;9;0;2;63;-;-;-;-
2020;1;Szabolcs-Szatmár-Bereg;12;szakgimnázium/szakközépiskola (2016.09.01-től kifutó rendszerben);nő;nappali;magyar nyelv és irodalom;közép;rendes;Nem;magyar;5;81;81;megjelent;34;10;17;12;6;2;81;-;-;-;-
2020;1;Szabolcs-Szatmár-Bereg;12;gimnázium;nő;nappali;magyar nyelv és irodalom;közép;rendes;Nem;magyar;2;28;28;megjelent;16;6;2;2;0;2;28;-;-;-;-
2020;1;Szabolcs-Szatmár-Bereg;12;szakgimnázium/szakközépiskola (2016.09.01-től kifutó rendszerben);nő;nappali;magyar nyelv és irodalom;közép;rendes;Nem;magyar;4;60;60;megjelent;30;10;10;8;0;2;60;-;-;-;-
2020;1;Szabolcs-Szatmár-Bereg;12;gimnázium;férfi;nappali;magyar nyelv és irodalom;közép;rendes;Nem;magyar;3;57;57;megjelent;28;8;8;11;0;2;57;-;-;-;-
2020;1;Szabolcs-Szatmár-Bereg;12;szakgimnázium/szakközépiskola (2016.09.01-től kifutó rendszerben);nő;nappali;magyar nyelv és irodalom;közép;rendes;Nem;magyar;4;65;65;megjelent;26;9;14;9;5;2;65;-;-;-;-
2020;1;Szabolcs-Szatmár-Bereg;12;szakgimnázium/szakközépiskola (2016.09.01-től kifutó rendszerben);nő;nappali;magyar nyelv és irodalom;közép;rendes;Nem;magyar;4;71;71;megjelent;30;9;14;10;6;2;71;-;-;-;-
2020;1;Szabolcs-Szatmár-Bereg;12;gimnázium;férfi;nappali;magyar nyelv és irodalom;közép;rendes;Nem;magyar;4;65;65;megjelent;23;9;17;14;0;2;65;-;-;-;-
2020;1;Szabolcs-Szatmár-Bereg;12;szakgimnázium/szakközépiskola (2016.09.01-től kifutó rendszerben);nő;nappali;magyar nyelv és irodalom;közép;rendes;Nem;magyar;5;88;88;megjelent;35;10;20;13;8;2;88;-;-;-;-
2020;1;Szabolcs-Szatmár-Bereg;12;gimnázium;férfi;nappali;magyar nyelv és irodalom;közép;rendes;Nem;magyar;3;55;55;megjelent;29;4;9;8;3;2;55;-;-;-;-
2020;1;Szabolcs-Szatmár-Bereg;12;gimnázium;férfi;nappali;magyar nyelv és irodalom;közép;rendes;Nem;magyar;4;61;61;megjelent;19;10;18;12;0;2;61;-;-;-;-
2020;1;Szabolcs-Szatmár-Bereg;12;szakgimnázium/szakközépiskola (2016.09.01-től kifutó rendszerben);férfi;nappali;magyar nyelv és irodalom;közép;rendes;Nem;magyar;3;58;58;megjelent;31;8;10;8;0;1;58;-;-;-;-
2020;1;Szabolcs-Szatmár-Bereg;12;szakgimnázium/szakközépiskola (2016.09.01-től kifutó rendszerben);nő;nappali;magyar nyelv és irodalom;közép;rendes;Nem;magyar;4;76;76;megjelent;32;10;19;13;0;2;76;-;-;-;-
2020;1;Szabolcs-Szatmár-Bereg;12;gimnázium;férfi;nappali;magyar nyelv és irodalom;közép;rendes;Nem;magyar;5;87;87;megjelent;30;10;23;15;7;2;87;-;-;-;-
2020;1;Szabolcs-Szatmár-Bereg;12;szakgimnázium/szakközépiskola (2016.09.01-től kifutó rendszerben);nő;nappali;magyar nyelv és irodalom;közép;rendes;Nem;magyar;5;86;86;megjelent;37;9;22;14;2;2;86;-;-;-;-
2020;1;Szabolcs-Szatmár-Bereg;13;szakközép;nő;nappali;magyar nyelv és irodalom;közép;rendes;Igen;magyar;2;30;28;megjelent;8;7;5;6;0;2;28;-;-;-;-
2020;1;Szabolcs-Szatmár-Bereg;12;gimnázium;nő;nappali;magyar nyelv és irodalom;közép;rendes;Nem;magyar;5;89;89;megjelent;37;9;19;14;8;2;89;-;-;-;-
2020;1;Szabolcs-Szatmár-Bereg;12;szakgimnázium/szakközépiskola (2016.09.01-től kifutó rendszerben);férfi;nappali;magyar nyelv és irodalom;közép;rendes;Nem;magyar;4;74;74;megjelent;33;10;14;10;5;2;74;-;-;-;-
2020;1;Szabolcs-Szatmár-Bereg;12;szakgimnázium/szakközépiskola (2016.09.01-től kifutó rendszerben);nő;nappali;magyar nyelv és irodalom;közép;rendes;Nem;magyar;4;73;73;megjelent;38;9;14;10;0;2;73;-;-;-;-
2020;1;Szabolcs-Szatmár-Bereg;12;gimnázium;férfi;nappali;magyar nyelv és irodalom;közép;rendes;Nem;magyar;3;57;57;megjelent;32;6;12;6;0;1;57;-;-;-;-
2020;1;Szabolcs-Szatmár-Bereg;12;szakgimnázium/szakközépiskola (2016.09.01-től kifutó rendszerben);férfi;nappali;magyar nyelv és irodalom;közép;rendes;Nem;magyar;2;33;33;megjelent;18;5;5;4;0;1;33;-;-;-;-
2020;1;Szabolcs-Szatmár-Bereg;12;szakgimnázium/szakközépiskola (2016.09.01-től kifutó rendszerben);nő;nappali;magyar nyelv és irodalom;közép;rendes;Nem;magyar;5;87;87;megjelent;37;10;20;11;7;2;87;-;-;-;-
2020;1;Szabolcs-Szatmár-Bereg;12;szakgimnázium/szakközépiskola (2016.09.01-től kifutó rendszerben);nő;nappali;magyar nyelv és irodalom;közép;rendes;Nem;magyar;5;84;84;megjelent;33;10;20;12;7;2;84;-;-;-;-
2020;1;Szabolcs-Szatmár-Bereg;12;szakgimnázium/szakközépiskola (2016.09.01-től kifutó rendszerben);nő;nappali;magyar nyelv és irodalom;közép;rendes;Nem;magyar;4;68;68;megjelent;26;10;14;8;8;2;68;-;-;-;-
2020;1;Szabolcs-Szatmár-Bereg;12;szakgimnázium/szakközépiskola (2016.09.01-től kifutó rendszerben);férfi;nappali;magyar nyelv és irodalom;közép;rendes;Nem;magyar;4;62;62;megjelent;31;9;5;8;7;2;62;-;-;-;-
2020;1;Szabolcs-Szatmár-Bereg;12;szakgimnázium/szakközépiskola (2016.09.01-től kifutó rendszerben);férfi;nappali;magyar nyelv és irodalom;közép;rendes;Nem;magyar;3;49;49;megjelent;31;9;4;4;0;1;49;-;-;-;-
2020;1;Szabolcs-Szatmár-Bereg;12;szakgimnázium/szakközépiskola (2016.09.01-től kifutó rendszerben);férfi;nappali;magyar nyelv és irodalom;közép;rendes;Nem;magyar;2;35;35;megjelent;19;6;5;4;0;1;35;-;-;-;-
2020;1;Szabolcs-Szatmár-Bereg;12;gimnázium;férfi;nappali;magyar nyelv és irodalom;közép;rendes;Nem;magyar;5;80;80;megjelent;31;9;22;13;3;2;80;-;-;-;-
2020;1;Szabolcs-Szatmár-Bereg;12;gimnázium;nő;nappali;magyar nyelv és irodalom;közép;rendes;Nem;magyar;5;83;83;megjelent;33;9;25;14;0;2;83;-;-;-;-
2020;1;Szabolcs-Szatmár-Bereg;12;szakgimnázium/szakközépiskola (2016.09.01-től kifutó rendszerben);férfi;nappali;magyar nyelv és irodalom;közép;rendes;Nem;magyar;2;26;26;megjelent;16;0;6;4;0;0;26;-;-;-;-
2020;1;Szabolcs-Szatmár-Bereg;12;gimnázium;nő;nappali;magyar nyelv és irodalom;közép;rendes;Nem;magyar;4;64;64;megjelent;24;8;14;13;4;1;64;-;-;-;-
2020;1;Szabolcs-Szatmár-Bereg;12;gimnázium;nő;nappali;magyar nyelv és irodalom;közép;rendes;Nem;magyar;4;70;70;megjelent;36;8;14;10;0;2;70;-;-;-;-
2020;1;Szabolcs-Szatmár-Bereg;12;gimnázium;nő;nappali;magyar nyelv és irodalom;közép;rendes;Nem;magyar;3;40;40;megjelent;13;7;6;11;1;2;40;-;-;-;-
2020;1;Szabolcs-Szatmár-Bereg;12;gimnázium;nő;nappali;magyar nyelv és irodalom;közép;rendes;Nem;magyar;4;75;75;megjelent;31;10;12;12;8;2;75;-;-;-;-
2020;1;Szabolcs-Szatmár-Bereg;12;gimnázium;nő;nappali;magyar nyelv és irodalom;közép;rendes;Nem;magyar;5;84;84;megjelent;33;9;20;13;7;2;84;-;-;-;-
2020;1;Szabolcs-Szatmár-Bereg;13;szakgimnázium/szakközépiskola (2016.09.01-től kifutó rendszerben);férfi;nappali;magyar nyelv és irodalom;közép;rendes;Igen;magyar;4;60;30;megjelent;-;-;-;-;-;-;-;20;6;4;30
2020;1;Szabolcs-Szatmár-Bereg;12;gimnázium;férfi;nappali;magyar nyelv és irodalom;közép;rendes;Nem;magyar;4;62;62;megjelent;28;7;16;10;0;1;62;-;-;-;-
2020;1;Szabolcs-Szatmár-Bereg;12;gimnázium;férfi;nappali;magyar nyelv és irodalom;közép;rendes;Nem;magyar;3;55;55;megjelent;27;7;12;8;0;1;55;-;-;-;-
2020;1;Szabolcs-Szatmár-Bereg;12;gimnázium;nő;nappali;magyar nyelv és irodalom;közép;rendes;Nem;magyar;4;64;64;megjelent;27;9;12;11;4;1;64;-;-;-;-
2020;1;Szabolcs-Szatmár-Bereg;12;gimnázium;férfi;nappali;magyar nyelv és irodalom;közép;rendes;Nem;magyar;4;73;73;megjelent;32;8;20;11;0;2;73;-;-;-;-
2020;1;Szabolcs-Szatmár-Bereg;12;gimnázium;nő;nappali;magyar nyelv és irodalom;közép;rendes;Nem;magyar;5;95;95;megjelent;38;10;23;14;8;2;95;-;-;-;-
2020;1;Szabolcs-Szatmár-Bereg;12;gimnázium;nő;nappali;magyar nyelv és irodalom;közép;rendes;Nem;magyar;5;80;80;megjelent;35;9;14;13;8;1;80;-;-;-;-
2020;1;Szabolcs-Szatmár-Bereg;12;gimnázium;férfi;nappali;magyar nyelv és irodalom;közép;rendes;Nem;magyar;5;80;80;megjelent;31;10;23;14;0;2;80;-;-;-;-
2020;1;Szabolcs-Szatmár-Bereg;12;gimnázium;nő;nappali;magyar nyelv és irodalom;közép;rendes;Nem;magyar;4;70;70;megjelent;27;9;16;12;4;2;70;-;-;-;-
2020;1;Szabolcs-Szatmár-Bereg;12;gimnázium;nő;nappali;magyar nyelv és irodalom;közép;rendes;Nem;magyar;3;54;54;megjelent;21;9;12;11;0;1;54;-;-;-;-
2020;1;Szabolcs-Szatmár-Bereg;12;gimnázium;nő;nappali;magyar nyelv és irodalom;közép;rendes;Nem;magyar;5;81;81;megjelent;30;9;18;14;8;2;81;-;-;-;-
2020;1;Szabolcs-Szatmár-Bereg;12;gimnázium;nő;nappali;magyar nyelv és irodalom;közép;rendes;Nem;magyar;5;84;84;megjelent;35;9;17;14;7;2;84;-;-;-;-
2020;1;Szabolcs-Szatmár-Bereg;12;gimnázium;nő;nappali;magyar nyelv és irodalom;közép;rendes;Nem;magyar;4;61;61;megjelent;25;8;12;12;2;2;61;-;-;-;-
2020;1;Szabolcs-Szatmár-Bereg;12;gimnázium;nő;nappali;magyar nyelv és irodalom;közép;rendes;Nem;magyar;4;64;64;megjelent;29;8;12;10;3;2;64;-;-;-;-
2020;1;Szabolcs-Szatmár-Bereg;12;szakgimnázium/szakközépiskola (2016.09.01-től kifutó rendszerben);férfi;nappali;magyar nyelv és irodalom;közép;rendes;Nem;magyar;3;58;58;megjelent;28;6;15;8;0;1;58;-;-;-;-
2020;1;Szabolcs-Szatmár-Bereg;12;szakgimnázium/szakközépiskola (2016.09.01-től kifutó rendszerben);nő;nappali;magyar nyelv és irodalom;közép;rendes;Nem;magyar;3;51;51;megjelent;21;7;10;5;6;2;51;-;-;-;-
2020;1;Szabolcs-Szatmár-Bereg;12;szakgimnázium/szakközépiskola (2016.09.01-től kifutó rendszerben);férfi;nappali;magyar nyelv és irodalom;közép;rendes;Nem;magyar;4;70;70;megjelent;30;10;17;11;0;2;70;-;-;-;-
2020;1;Szabolcs-Szatmár-Bereg;12;szakgimnázium/szakközépiskola (2016.09.01-től kifutó rendszerben);nő;nappali;magyar nyelv és irodalom;közép;rendes;Nem;magyar;4;61;61;megjelent;27;7;14;9;2;2;61;-;-;-;-
2020;1;Szabolcs-Szatmár-Bereg;12;szakgimnázium/szakközépiskola (2016.09.01-től kifutó rendszerben);férfi;nappali;magyar nyelv és irodalom;közép;rendes;Nem;magyar;4;78;78;megjelent;30;10;18;12;6;2;78;-;-;-;-
2020;1;Szabolcs-Szatmár-Bereg;12;szakgimnázium/szakközépiskola (2016.09.01-től kifutó rendszerben);férfi;nappali;magyar nyelv és irodalom;közép;rendes;Nem;magyar;3;51;51;megjelent;29;8;7;6;0;1;51;-;-;-;-
2020;1;Szabolcs-Szatmár-Bereg;12;szakgimnázium/szakközépiskola (2016.09.01-től kifutó rendszerben);férfi;nappali;magyar nyelv és irodalom;közép;rendes;Nem;magyar;4;62;62;megjelent;22;9;14;11;4;2;62;-;-;-;-
2020;1;Szabolcs-Szatmár-Bereg;12;szakgimnázium/szakközépiskola (2016.09.01-től kifutó rendszerben);nő;nappali;magyar nyelv és irodalom;közép;rendes;Nem;magyar;4;75;75;megjelent;28;8;20;11;6;2;75;-;-;-;-
2020;1;Szabolcs-Szatmár-Bereg;12;szakgimnázium/szakközépiskola (2016.09.01-től kifutó rendszerben);nő;nappali;magyar nyelv és irodalom;közép;rendes;Nem;magyar;4;61;61;megjelent;32;6;13;9;0;1;61;-;-;-;-
2020;1;Szabolcs-Szatmár-Bereg;12;szakgimnázium/szakközépiskola (2016.09.01-től kifutó rendszerben);nő;nappali;magyar nyelv és irodalom;közép;rendes;Nem;magyar;4;61;61;megjelent;26;6;15;10;2;2;61;-;-;-;-
2020;1;Szabolcs-Szatmár-Bereg;12;szakgimnázium/szakközépiskola (2016.09.01-től kifutó rendszerben);férfi;nappali;magyar nyelv és irodalom;közép;rendes;Nem;magyar;4;75;75;megjelent;24;8;22;15;4;2;75;-;-;-;-
2020;1;Szabolcs-Szatmár-Bereg;12;szakgimnázium/szakközépiskola (2016.09.01-től kifutó rendszerben);férfi;nappali;magyar nyelv és irodalom;közép;rendes;Nem;magyar;4;71;71;megjelent;30;8;18;13;0;2;71;-;-;-;-
2020;1;Szabolcs-Szatmár-Bereg;12;szakgimnázium/szakközépiskola (2016.09.01-től kifutó rendszerben);nő;nappali;magyar nyelv és irodalom;közép;rendes;Nem;magyar;5;80;80;megjelent;34;8;23;13;0;2;80;-;-;-;-
2020;1;Szabolcs-Szatmár-Bereg;12;szakgimnázium/szakközépiskola (2016.09.01-től kifutó rendszerben);férfi;nappali;magyar nyelv és irodalom;közép;rendes;Nem;magyar;4;70;70;megjelent;28;8;16;12;4;2;70;-;-;-;-
2020;1;Szabolcs-Szatmár-Bereg;12;szakgimnázium/szakközépiskola (2016.09.01-től kifutó rendszerben);nő;nappali;magyar nyelv és irodalom;közép;rendes;Nem;magyar;4;60;60;megjelent;26;7;16;9;0;2;60;-;-;-;-
2020;1;Szabolcs-Szatmár-Bereg;12;szakgimnázium/szakközépiskola (2016.09.01-től kifutó rendszerben);nő;nappali;magyar nyelv és irodalom;közép;rendes;Nem;magyar;5;80;80;megjelent;36;9;21;12;0;2;80;-;-;-;-
2020;1;Szabolcs-Szatmár-Bereg;12;szakgimnázium/szakközépiskola (2016.09.01-től kifutó rendszerben);férfi;nappali;magyar nyelv és irodalom;közép;rendes;Nem;magyar;3;53;53;megjelent;28;8;9;7;0;1;53;-;-;-;-
2020;1;Szabolcs-Szatmár-Bereg;12;szakgimnázium/szakközépiskola (2016.09.01-től kifutó rendszerben);nő;nappali;magyar nyelv és irodalom;közép;rendes;Nem;magyar;3;46;46;megjelent;21;7;10;6;0;2;46;-;-;-;-
2020;1;Szabolcs-Szatmár-Bereg;12;szakgimnázium/szakközépiskola (2016.09.01-től kifutó rendszerben);nő;nappali;magyar nyelv és irodalom;közép;rendes;Nem;magyar;4;61;61;megjelent;30;7;13;9;0;2;61;-;-;-;-
2020;1;Szabolcs-Szatmár-Bereg;13;szakgimnázium/szakközépiskola (2016.09.01-től kifutó rendszerben);férfi;nappali;magyar nyelv és irodalom;közép;rendes;Nem;magyar;2;26;26;megjelent;15;0;4;6;0;1;26;-;-;-;-
2020;1;Szabolcs-Szatmár-Bereg;12;szakgimnázium/szakközépiskola (2016.09.01-től kifutó rendszerben);nő;nappali;magyar nyelv és irodalom;közép;rendes;Nem;magyar;5;80;80;megjelent;31;9;24;14;0;2;80;-;-;-;-
2020;1;Szabolcs-Szatmár-Bereg;13;szakgimnázium/szakközépiskola (2016.09.01-től kifutó rendszerben);férfi;nappali;magyar nyelv és irodalom;közép;rendes;Nem;magyar;2;32;32;megjelent;22;5;3;2;0;0;32;-;-;-;-
2020;1;Szabolcs-Szatmár-Bereg;12;szakgimnázium/szakközépiskola (2016.09.01-től kifutó rendszerben);férfi;nappali;magyar nyelv és irodalom;közép;rendes;Nem;magyar;4;75;75;megjelent;33;9;15;13;3;2;75;-;-;-;-
2020;1;Szabolcs-Szatmár-Bereg;12;szakgimnázium/szakközépiskola (2016.09.01-től kifutó rendszerben);nő;nappali;magyar nyelv és irodalom;közép;rendes;Nem;magyar;4;61;61;megjelent;22;7;19;11;0;2;61;-;-;-;-
2020;1;Szabolcs-Szatmár-Bereg;13;szakgimnázium/szakközépiskola (2016.09.01-től kifutó rendszerben);férfi;nappali;magyar nyelv és irodalom;közép;rendes;Nem;magyar;3;41;41;megjelent;26;0;4;8;1;2;41;-;-;-;-
2020;1;Szabolcs-Szatmár-Bereg;12;szakgimnázium/szakközépiskola (2016.09.01-től kifutó rendszerben);nő;nappali;magyar nyelv és irodalom;közép;rendes;Nem;magyar;4;62;62;megjelent;28;6;16;10;0;2;62;-;-;-;-
2020;1;Szabolcs-Szatmár-Bereg;13;szakgimnázium/szakközépiskola (2016.09.01-től kifutó rendszerben);férfi;nappali;magyar nyelv és irodalom;közép;rendes;Nem;magyar;4;61;61;megjelent;36;6;10;7;0;2;61;-;-;-;-
2020;1;Szabolcs-Szatmár-Bereg;12;szakgimnázium/szakközépiskola (2016.09.01-től kifutó rendszerben);férfi;nappali;magyar nyelv és irodalom;közép;rendes;Nem;magyar;4;75;75;megjelent;32;10;18;13;0;2;75;-;-;-;-
2020;1;Szabolcs-Szatmár-Bereg;13;szakgimnázium/szakközépiskola (2016.09.01-től kifutó rendszerben);férfi;nappali;magyar nyelv és irodalom;közép;rendes;Nem;magyar;3;45;45;megjelent;28;4;4;8;0;1;45;-;-;-;-
2020;1;Szabolcs-Szatmár-Bereg;13;szakgimnázium/szakközépiskola (2016.09.01-től kifutó rendszerben);férfi;nappali;magyar nyelv és irodalom;közép;rendes;Nem;magyar;2;25;38;megjelent;9;3;0;2;0;1;15;8;8;7;23
2020;1;Szabolcs-Szatmár-Bereg;12;szakgimnázium/szakközépiskola (2016.09.01-től kifutó rendszerben);férfi;nappali;magyar nyelv és irodalom;közép;rendes;Nem;magyar;3;55;55;megjelent;29;7;10;9;0;0;55;-;-;-;-
2020;1;Szabolcs-Szatmár-Bereg;13;gimnázium;férfi;nappali;magyar nyelv és irodalom;közép;rendes;Nem;magyar;2;30;30;megjelent;12;9;4;5;0;0;30;-;-;-;-
2020;1;Szabolcs-Szatmár-Bereg;12;szakgimnázium/szakközépiskola (2016.09.01-től kifutó rendszerben);nő;nappali;magyar nyelv és irodalom;közép;rendes;Nem;magyar;5;80;80;megjelent;31;10;25;12;0;2;80;-;-;-;-
2020;1;Szabolcs-Szatmár-Bereg;12;szakgimnázium/szakközépiskola (2016.09.01-től kifutó rendszerben);férfi;nappali;magyar nyelv és irodalom;közép;rendes;Nem;magyar;5;93;93;megjelent;35;10;25;13;8;2;93;-;-;-;-
2020;1;Szabolcs-Szatmár-Bereg;13;szakgimnázium/szakközépiskola (2016.09.01-től kifutó rendszerben);férfi;nappali;magyar nyelv és irodalom;közép;rendes;Nem;magyar;2;32;32;megjelent;20;4;5;3;0;0;32;-;-;-;-
2020;1;Szabolcs-Szatmár-Bereg;12;szakgimnázium/szakközépiskola (2016.09.01-től kifutó rendszerben);férfi;nappali;magyar nyelv és irodalom;közép;rendes;Nem;magyar;3;42;42;megjelent;15;9;6;10;0;2;42;-;-;-;-
2020;1;Szabolcs-Szatmár-Bereg;12;gimnázium;nő;nappali;magyar nyelv és irodalom;közép;rendes;Nem;magyar;5;81;81;megjelent;32;10;19;15;3;2;81;-;-;-;-
2020;1;Szabolcs-Szatmár-Bereg;12;gimnázium;férfi;nappali;magyar nyelv és irodalom;közép;rendes;Nem;magyar;5;92;92;megjelent;36;10;25;15;4;2;92;-;-;-;-
2020;1;Szabolcs-Szatmár-Bereg;12;gimnázium;nő;nappali;magyar nyelv és irodalom;közép;rendes;Nem;magyar;4;68;68;megjelent;33;8;14;11;0;2;68;-;-;-;-
2020;1;Szabolcs-Szatmár-Bereg;12;gimnázium;férfi;nappali;magyar nyelv és irodalom;közép;rendes;Nem;magyar;4;60;60;megjelent;24;8;16;11;0;1;60;-;-;-;-
2020;1;Szabolcs-Szatmár-Bereg;8;gimnázium;nő;nappali;magyar nyelv és irodalom;közép;rendes;Nem;magyar;5;87;87;megjelent;34;8;21;15;7;2;87;-;-;-;-
2020;1;Szabolcs-Szatmár-Bereg;12;gimnázium;nő;nappali;magyar nyelv és irodalom;közép;rendes;Nem;magyar;4;77;77;megjelent;37;8;17;13;0;2;77;-;-;-;-
2020;1;Szabolcs-Szatmár-Bereg;8;gimnázium;nő;nappali;magyar nyelv és irodalom;közép;rendes;Nem;magyar;3;56;56;megjelent;18;9;12;12;4;1;56;-;-;-;-
2020;1;Szabolcs-Szatmár-Bereg;12;gimnázium;nő;nappali;magyar nyelv és irodalom;közép;rendes;Igen;magyar;4;62;31;megjelent;-;-;-;-;-;-;-;18;4;9;31
2020;1;Szabolcs-Szatmár-Bereg;8;gimnázium;férfi;nappali;magyar nyelv és irodalom;közép;rendes;Igen;magyar;4;68;62;megjelent;26;7;19;10;0;0;62;-;-;-;-
2020;1;Szabolcs-Szatmár-Bereg;12;gimnázium;nő;nappali;magyar nyelv és irodalom;közép;rendes;Nem;magyar;5;80;80;megjelent;30;8;19;15;6;2;80;-;-;-;-
2020;1;Szabolcs-Szatmár-Bereg;12;gimnázium;nő;nappali;magyar nyelv és irodalom;közép;rendes;Nem;magyar;4;60;60;megjelent;23;7;13;9;6;2;60;-;-;-;-
2020;1;Szabolcs-Szatmár-Bereg;12;gimnázium;férfi;nappali;magyar nyelv és irodalom;közép;rendes;Nem;magyar;3;48;48;megjelent;23;5;10;9;0;1;48;-;-;-;-
2020;1;Szabolcs-Szatmár-Bereg;12;gimnázium;nő;nappali;magyar nyelv és irodalom;közép;rendes;Nem;magyar;5;80;80;megjelent;28;9;19;15;7;2;80;-;-;-;-
2020;1;Szabolcs-Szatmár-Bereg;12;gimnázium;férfi;nappali;magyar nyelv és irodalom;közép;rendes;Nem;magyar;4;64;64;megjelent;29;6;10;9;8;2;64;-;-;-;-
2020;1;Szabolcs-Szatmár-Bereg;12;gimnázium;nő;nappali;magyar nyelv és irodalom;közép;rendes;Nem;magyar;4;60;60;megjelent;28;9;10;11;0;2;60;-;-;-;-
2020;1;Szabolcs-Szatmár-Bereg;12;gimnázium;nő;nappali;magyar nyelv és irodalom;közép;rendes;Nem;magyar;4;60;60;megjelent;24;6;18;10;0;2;60;-;-;-;-
2020;1;Szabolcs-Szatmár-Bereg;12;gimnázium;férfi;nappali;magyar nyelv és irodalom;közép;rendes;Nem;magyar;4;60;60;megjelent;25;7;14;12;0;2;60;-;-;-;-
2020;1;Szabolcs-Szatmár-Bereg;12;gimnázium;nő;nappali;magyar nyelv és irodalom;közép;rendes;Nem;magyar;5;86;86;megjelent;29;9;23;15;8;2;86;-;-;-;-
2020;1;Szabolcs-Szatmár-Bereg;12;gimnázium;férfi;nappali;magyar nyelv és irodalom;közép;rendes;Nem;magyar;5;82;82;megjelent;34;9;19;13;5;2;82;-;-;-;-
2020;1;Szabolcs-Szatmár-Bereg;12;gimnázium;férfi;nappali;magyar nyelv és irodalom;közép;rendes;Nem;magyar;3;49;49;megjelent;27;4;10;7;0;1;49;-;-;-;-
2020;1;Szabolcs-Szatmár-Bereg;12;gimnázium;nő;nappali;magyar nyelv és irodalom;közép;rendes;Nem;magyar;5;86;86;megjelent;36;9;24;15;0;2;86;-;-;-;-
2020;1;Szabolcs-Szatmár-Bereg;12;gimnázium;nő;nappali;magyar nyelv és irodalom;közép;rendes;Nem;magyar;4;72;72;megjelent;25;7;20;14;4;2;72;-;-;-;-
2020;1;Szabolcs-Szatmár-Bereg;12;gimnázium;férfi;nappali;magyar nyelv és irodalom;közép;rendes;Nem;magyar;5;90;90;megjelent;35;10;25;15;3;2;90;-;-;-;-
2020;1;Szabolcs-Szatmár-Bereg;12;gimnázium;férfi;nappali;magyar nyelv és irodalom;közép;rendes;Nem;magyar;5;86;86;megjelent;34;10;24;15;2;1;86;-;-;-;-
2020;1;Szabolcs-Szatmár-Bereg;12;gimnázium;nő;nappali;magyar nyelv és irodalom;közép;rendes;Nem;magyar;5;84;84;megjelent;35;10;20;14;3;2;84;-;-;-;-
2020;1;Szabolcs-Szatmár-Bereg;12;gimnázium;nő;nappali;magyar nyelv és irodalom;közép;rendes;Nem;magyar;4;68;68;megjelent;31;0;15;15;5;2;68;-;-;-;-
2020;1;Szabolcs-Szatmár-Bereg;12;gimnázium;férfi;nappali;magyar nyelv és irodalom;közép;rendes;Nem;magyar;5;84;84;megjelent;32;9;22;15;4;2;84;-;-;-;-
2020;1;Szabolcs-Szatmár-Bereg;12;gimnázium;nő;nappali;magyar nyelv és irodalom;közép;rendes;Nem;magyar;5;83;83;megjelent;33;8;22;11;7;2;83;-;-;-;-
2020;1;Szabolcs-Szatmár-Bereg;12;gimnázium;nő;nappali;magyar nyelv és irodalom;közép;rendes;Nem;magyar;5;80;80;megjelent;29;9;20;15;5;2;80;-;-;-;-
2020;1;Szabolcs-Szatmár-Bereg;12;gimnázium;férfi;nappali;magyar nyelv és irodalom;közép;rendes;Nem;magyar;4;70;70;megjelent;32;10;12;8;6;2;70;-;-;-;-
2020;1;Szabolcs-Szatmár-Bereg;12;szakgimnázium/szakközépiskola (2016.09.01-től kifutó rendszerben);nő;nappali;magyar nyelv és irodalom;közép;rendes;Nem;magyar;3;42;42;megjelent;23;6;8;4;0;1;42;-;-;-;-
2020;1;Szabolcs-Szatmár-Bereg;12;gimnázium;nő;nappali;magyar nyelv és irodalom;közép;rendes;Nem;magyar;4;67;67;megjelent;30;7;15;13;0;2;67;-;-;-;-
2020;1;Szabolcs-Szatmár-Bereg;12;gimnázium;férfi;nappali;magyar nyelv és irodalom;közép;rendes;Nem;magyar;5;82;82;megjelent;35;9;18;11;8;1;82;-;-;-;-
2020;1;Szabolcs-Szatmár-Bereg;12;szakgimnázium/szakközépiskola (2016.09.01-től kifutó rendszerben);férfi;nappali;magyar nyelv és irodalom;közép;rendes;Nem;magyar;3;40;40;megjelent;22;4;9;4;0;1;40;-;-;-;-
2020;1;Szabolcs-Szatmár-Bereg;12;szakgimnázium/szakközépiskola (2016.09.01-től kifutó rendszerben);nő;nappali;magyar nyelv és irodalom;közép;rendes;Nem;magyar;3;43;43;megjelent;20;7;9;5;0;2;43;-;-;-;-
2020;1;Szabolcs-Szatmár-Bereg;13;szakgimnázium/szakközépiskola (2016.09.01-től kifutó rendszerben);férfi;nappali;magyar nyelv és irodalom;közép;rendes;Nem;magyar;2;36;36;megjelent;26;3;3;3;0;1;36;-;-;-;-
2020;1;Szabolcs-Szatmár-Bereg;13;szakgimnázium/szakközépiskola (2016.09.01-től kifutó rendszerben);férfi;nappali;magyar nyelv és irodalom;közép;rendes;Nem;magyar;2;28;28;megjelent;18;3;4;3;0;0;28;-;-;-;-
2020;1;Szabolcs-Szatmár-Bereg;13;szakgimnázium/szakközépiskola (2016.09.01-től kifutó rendszerben);nő;nappali;magyar nyelv és irodalom;közép;rendes;Nem;magyar;3;41;41;megjelent;20;6;4;5;5;1;41;-;-;-;-
2020;1;Szabolcs-Szatmár-Bereg;13;szakgimnázium/szakközépiskola (2016.09.01-től kifutó rendszerben);férfi;nappali;magyar nyelv és irodalom;közép;rendes;Nem;magyar;2;27;27;megjelent;16;3;3;4;0;1;27;-;-;-;-
2020;1;Szabolcs-Szatmár-Bereg;13;szakgimnázium/szakközépiskola (2016.09.01-től kifutó rendszerben);nő;nappali;magyar nyelv és irodalom;közép;rendes;Nem;magyar;3;40;40;megjelent;20;5;4;4;5;2;40;-;-;-;-
2020;1;Szabolcs-Szatmár-Bereg;13;szakgimnázium/szakközépiskola (2016.09.01-től kifutó rendszerben);nő;nappali;magyar nyelv és irodalom;közép;rendes;Nem;magyar;3;41;41;megjelent;21;6;4;5;3;2;41;-;-;-;-
2020;1;Szabolcs-Szatmár-Bereg;12;gimnázium;férfi;nappali;magyar nyelv és irodalom;közép;rendes;Nem;magyar;4;70;70;megjelent;31;8;14;8;7;2;70;-;-;-;-
2020;1;Szabolcs-Szatmár-Bereg;12;gimnázium;nő;nappali;magyar nyelv és irodalom;közép;rendes;Nem;magyar;5;91;91;megjelent;34;10;23;14;8;2;91;-;-;-;-
2020;1;Szabolcs-Szatmár-Bereg;12;gimnázium;férfi;nappali;magyar nyelv és irodalom;közép;rendes;Nem;magyar;4;63;63;megjelent;30;7;16;9;0;1;63;-;-;-;-
2020;1;Szabolcs-Szatmár-Bereg;12;gimnázium;nő;nappali;magyar nyelv és irodalom;közép;rendes;Nem;magyar;5;82;82;megjelent;34;9;22;12;3;2;82;-;-;-;-
2020;1;Szabolcs-Szatmár-Bereg;12;gimnázium;nő;nappali;magyar nyelv és irodalom;közép;rendes;Nem;magyar;5;96;96;megjelent;36;10;25;15;8;2;96;-;-;-;-
2020;1;Szabolcs-Szatmár-Bereg;12;gimnázium;nő;nappali;magyar nyelv és irodalom;közép;rendes;Nem;magyar;5;96;96;megjelent;38;10;24;15;7;2;96;-;-;-;-
2020;1;Szabolcs-Szatmár-Bereg;12;gimnázium;nő;nappali;magyar nyelv és irodalom;közép;rendes;Nem;magyar;5;100;100;megjelent;40;10;25;15;8;2;100;-;-;-;-
2020;1;Szabolcs-Szatmár-Bereg;12;gimnázium;nő;nappali;magyar nyelv és irodalom;közép;rendes;Nem;magyar;5;95;95;megjelent;38;10;25;15;5;2;95;-;-;-;-
2020;1;Szabolcs-Szatmár-Bereg;12;gimnázium;nő;nappali;magyar nyelv és irodalom;közép;rendes;Nem;magyar;5;83;83;megjelent;34;9;19;15;4;2;83;-;-;-;-
2020;1;Szabolcs-Szatmár-Bereg;12;gimnázium;férfi;nappali;magyar nyelv és irodalom;közép;rendes;Nem;magyar;4;61;61;megjelent;25;9;15;10;0;2;61;-;-;-;-
2020;1;Szabolcs-Szatmár-Bereg;12;gimnázium;férfi;nappali;magyar nyelv és irodalom;közép;rendes;Nem;magyar;5;81;81;megjelent;30;10;25;14;0;2;81;-;-;-;-
2020;1;Szabolcs-Szatmár-Bereg;12;gimnázium;nő;nappali;magyar nyelv és irodalom;közép;rendes;Nem;magyar;5;91;91;megjelent;37;9;22;14;7;2;91;-;-;-;-
2020;1;Szabolcs-Szatmár-Bereg;12;gimnázium;férfi;nappali;magyar nyelv és irodalom;közép;rendes;Nem;magyar;5;94;94;megjelent;38;10;25;15;4;2;94;-;-;-;-
2020;1;Szabolcs-Szatmár-Bereg;12;gimnázium;férfi;nappali;magyar nyelv és irodalom;közép;rendes;Nem;magyar;5;98;98;megjelent;38;10;25;15;8;2;98;-;-;-;-
2020;1;Szabolcs-Szatmár-Bereg;12;gimnázium;férfi;nappali;magyar nyelv és irodalom;közép;rendes;Nem;magyar;4;70;70;megjelent;30;8;19;10;1;2;70;-;-;-;-
2020;1;Szabolcs-Szatmár-Bereg;12;gimnázium;nő;nappali;magyar nyelv és irodalom;közép;rendes;Nem;magyar;5;99;99;megjelent;39;10;25;15;8;2;99;-;-;-;-
2020;1;Szabolcs-Szatmár-Bereg;12;gimnázium;férfi;nappali;magyar nyelv és irodalom;közép;rendes;Nem;magyar;5;90;90;megjelent;37;9;19;15;8;2;90;-;-;-;-
2020;1;Szabolcs-Szatmár-Bereg;12;gimnázium;nő;nappali;magyar nyelv és irodalom;közép;rendes;Nem;magyar;5;94;94;megjelent;35;10;24;15;8;2;94;-;-;-;-
2020;1;Szabolcs-Szatmár-Bereg;12;gimnázium;nő;nappali;magyar nyelv és irodalom;közép;rendes;Nem;magyar;5;98;98;megjelent;38;10;25;15;8;2;98;-;-;-;-
2020;1;Szabolcs-Szatmár-Bereg;12;gimnázium;nő;nappali;magyar nyelv és irodalom;közép;rendes;Nem;magyar;5;95;95;megjelent;35;10;25;15;8;2;95;-;-;-;-
2020;1;Szabolcs-Szatmár-Bereg;12;gimnázium;nő;nappali;magyar nyelv és irodalom;közép;rendes;Nem;magyar;5;99;99;megjelent;39;10;25;15;8;2;99;-;-;-;-
2020;1;Szabolcs-Szatmár-Bereg;12;gimnázium;férfi;nappali;magyar nyelv és irodalom;közép;rendes;Nem;magyar;5;100;100;megjelent;40;10;25;15;8;2;100;-;-;-;-
2020;1;Szabolcs-Szatmár-Bereg;12;gimnázium;nő;nappali;magyar nyelv és irodalom;közép;rendes;Nem;magyar;5;95;95;megjelent;35;10;25;15;8;2;95;-;-;-;-
2020;1;Szabolcs-Szatmár-Bereg;12;gimnázium;nő;nappali;magyar nyelv és irodalom;közép;rendes;Nem;magyar;5;97;97;megjelent;39;10;23;15;8;2;97;-;-;-;-
2020;1;Szabolcs-Szatmár-Bereg;12;gimnázium;nő;nappali;magyar nyelv és irodalom;közép;rendes;Nem;magyar;5;99;99;megjelent;39;10;25;15;8;2;99;-;-;-;-
2020;1;Szabolcs-Szatmár-Bereg;13;szakközép;nő;nappali;magyar nyelv és irodalom;közép;rendes;Nem;magyar;3;41;41;megjelent;21;0;6;5;8;1;41;-;-;-;-
2020;1;Szabolcs-Szatmár-Bereg;13;szakközép;nő;nappali;magyar nyelv és irodalom;közép;rendes;Nem;magyar;3;48;48;megjelent;26;6;5;3;6;2;48;-;-;-;-
2020;1;Szabolcs-Szatmár-Bereg;13;szakközép;nő;nappali;magyar nyelv és irodalom;közép;rendes;Nem;magyar;3;48;48;megjelent;21;6;6;6;7;2;48;-;-;-;-
2020;1;Szabolcs-Szatmár-Bereg;13;szakközép;nő;nappali;magyar nyelv és irodalom;közép;rendes;Nem;magyar;2;34;52;megjelent;15;0;0;0;0;0;15;20;8;9;37
2020;1;Szabolcs-Szatmár-Bereg;13;szakközép;férfi;nappali;magyar nyelv és irodalom;közép;rendes;Nem;magyar;2;33;33;megjelent;25;0;5;3;0;0;33;-;-;-;-
2020;1;Szabolcs-Szatmár-Bereg;13;szakközép;férfi;nappali;magyar nyelv és irodalom;közép;rendes;Nem;magyar;2;33;33;megjelent;24;0;4;3;0;2;33;-;-;-;-
2020;1;Szabolcs-Szatmár-Bereg;13;szakközép;férfi;nappali;magyar nyelv és irodalom;közép;rendes;Nem;magyar;2;27;27;megjelent;17;6;2;2;0;0;27;-;-;-;-
2020;1;Szabolcs-Szatmár-Bereg;13;szakközép;nő;nappali;magyar nyelv és irodalom;közép;rendes;Nem;magyar;3;44;44;megjelent;25;7;5;7;0;0;44;-;-;-;-
2020;1;Szabolcs-Szatmár-Bereg;13;szakközép;nő;nappali;magyar nyelv és irodalom;közép;rendes;Nem;magyar;4;60;60;megjelent;21;8;19;11;0;1;60;-;-;-;-
2020;1;Szabolcs-Szatmár-Bereg;13;szakközép;nő;nappali;magyar nyelv és irodalom;közép;rendes;Nem;magyar;2;31;31;megjelent;17;5;4;3;1;1;31;-;-;-;-
2020;1;Szabolcs-Szatmár-Bereg;13;szakközép;nő;nappali;magyar nyelv és irodalom;közép;rendes;Nem;magyar;3;46;46;megjelent;28;5;2;3;7;1;46;-;-;-;-
2020;1;Szabolcs-Szatmár-Bereg;13;szakközép;férfi;nappali;magyar nyelv és irodalom;közép;rendes;Nem;magyar;2;32;32;megjelent;15;5;4;4;3;1;32;-;-;-;-
2020;1;Szabolcs-Szatmár-Bereg;13;szakközép;férfi;nappali;magyar nyelv és irodalom;közép;rendes;Nem;magyar;3;41;41;megjelent;28;5;0;0;8;0;41;-;-;-;-
2020;1;Szabolcs-Szatmár-Bereg;13;szakközép;nő;nappali;magyar nyelv és irodalom;közép;rendes;Nem;magyar;3;41;41;megjelent;20;3;8;6;3;1;41;-;-;-;-
2020;1;Szabolcs-Szatmár-Bereg;13;szakközép;férfi;nappali;magyar nyelv és irodalom;közép;rendes;Nem;magyar;3;56;56;megjelent;28;6;8;7;6;1;56;-;-;-;-
2020;1;Szabolcs-Szatmár-Bereg;13;szakközép;férfi;nappali;magyar nyelv és irodalom;közép;rendes;Nem;magyar;3;41;41;megjelent;21;8;6;4;0;2;41;-;-;-;-
2020;1;Szabolcs-Szatmár-Bereg;12;gimnázium;nő;nappali;magyar nyelv és irodalom;közép;rendes;Nem;magyar;5;95;95;megjelent;38;10;24;13;8;2;95;-;-;-;-
2020;1;Szabolcs-Szatmár-Bereg;12;gimnázium;nő;nappali;magyar nyelv és irodalom;közép;rendes;Nem;magyar;5;85;85;megjelent;37;8;20;14;4;2;85;-;-;-;-
2020;1;Szabolcs-Szatmár-Bereg;12;gimnázium;nő;nappali;magyar nyelv és irodalom;közép;rendes;Nem;magyar;5;99;99;megjelent;39;10;25;15;8;2;99;-;-;-;-
2020;1;Szabolcs-Szatmár-Bereg;12;gimnázium;nő;nappali;magyar nyelv és irodalom;közép;rendes;Nem;magyar;5;90;90;megjelent;33;10;23;14;8;2;90;-;-;-;-
2020;1;Szabolcs-Szatmár-Bereg;12;gimnázium;nő;nappali;magyar nyelv és irodalom;közép;rendes;Nem;magyar;5;87;87;megjelent;36;10;17;14;8;2;87;-;-;-;-
2020;1;Szabolcs-Szatmár-Bereg;12;gimnázium;nő;nappali;magyar nyelv és irodalom;közép;rendes;Nem;magyar;5;92;92;megjelent;36;10;24;15;5;2;92;-;-;-;-
2020;1;Szabolcs-Szatmár-Bereg;12;gimnázium;nő;nappali;magyar nyelv és irodalom;közép;rendes;Nem;magyar;5;100;100;megjelent;40;10;25;15;8;2;100;-;-;-;-
2020;1;Szabolcs-Szatmár-Bereg;12;gimnázium;nő;nappali;magyar nyelv és irodalom;közép;rendes;Nem;magyar;5;90;90;megjelent;31;10;24;15;8;2;90;-;-;-;-
2020;1;Szabolcs-Szatmár-Bereg;12;gimnázium;nő;nappali;magyar nyelv és irodalom;közép;rendes;Nem;magyar;5;91;91;megjelent;34;8;25;15;7;2;91;-;-;-;-
2020;1;Szabolcs-Szatmár-Bereg;12;gimnázium;nő;nappali;magyar nyelv és irodalom;közép;rendes;Nem;magyar;5;99;99;megjelent;39;10;25;15;8;2;99;-;-;-;-
2020;1;Szabolcs-Szatmár-Bereg;12;szakgimnázium/szakközépiskola (2016.09.01-től kifutó rendszerben);férfi;nappali;magyar nyelv és irodalom;közép;rendes;Igen;magyar;3;52;26;megjelent;-;-;-;-;-;-;-;10;6;10;26
2020;1;Szabolcs-Szatmár-Bereg;12;szakgimnázium/szakközépiskola (2016.09.01-től kifutó rendszerben);férfi;nappali;magyar nyelv és irodalom;közép;rendes;Igen;magyar;3;52;26;megjelent;-;-;-;-;-;-;-;10;6;10;26
2020;1;Szabolcs-Szatmár-Bereg;12;szakgimnázium/szakközépiskola (2016.09.01-től kifutó rendszerben);férfi;nappali;magyar nyelv és irodalom;közép;rendes;Igen;magyar;3;52;26;megjelent;-;-;-;-;-;-;-;9;10;7;26
2020;1;Szabolcs-Szatmár-Bereg;12;szakgimnázium/szakközépiskola (2016.09.01-től kifutó rendszerben);nő;nappali;magyar nyelv és irodalom;közép;rendes;Igen;magyar;3;44;22;megjelent;-;-;-;-;-;-;-;9;4;9;22
2020;1;Szabolcs-Szatmár-Bereg;12;szakgimnázium/szakközépiskola (2016.09.01-től kifutó rendszerben);férfi;nappali;magyar nyelv és irodalom;közép;rendes;Igen;magyar;4;72;36;megjelent;-;-;-;-;-;-;-;14;10;12;36
2020;1;Szabolcs-Szatmár-Bereg;12;szakgimnázium/szakközépiskola (2016.09.01-től kifutó rendszerben);nő;nappali;magyar nyelv és irodalom;közép;rendes;Nem;magyar;3;49;49;megjelent;20;8;9;9;2;1;49;-;-;-;-
2020;1;Szabolcs-Szatmár-Bereg;12;szakgimnázium/szakközépiskola (2016.09.01-től kifutó rendszerben);férfi;nappali;magyar nyelv és irodalom;közép;rendes;Igen;magyar;3;52;26;megjelent;-;-;-;-;-;-;-;11;5;10;26
2020;1;Szabolcs-Szatmár-Bereg;12;gimnázium;nő;nappali;magyar nyelv és irodalom;közép;rendes;Nem;magyar;5;88;88;megjelent;32;9;25;14;6;2;88;-;-;-;-
2020;1;Szabolcs-Szatmár-Bereg;12;gimnázium;nő;nappali;magyar nyelv és irodalom;közép;rendes;Nem;magyar;5;91;91;megjelent;38;8;22;14;7;2;91;-;-;-;-
2020;1;Szabolcs-Szatmár-Bereg;12;szakgimnázium/szakközépiskola (2016.09.01-től kifutó rendszerben);nő;nappali;magyar nyelv és irodalom;közép;rendes;Nem;magyar;2;36;36;megjelent;23;6;4;2;0;1;36;-;-;-;-
2020;1;Szabolcs-Szatmár-Bereg;12;szakgimnázium/szakközépiskola (2016.09.01-től kifutó rendszerben);nő;nappali;magyar nyelv és irodalom;közép;előrehozott;Nem;magyar;2;25;25;megjelent;15;0;5;4;0;1;25;-;-;-;-
2020;1;Szabolcs-Szatmár-Bereg;12;szakgimnázium/szakközépiskola (2016.09.01-től kifutó rendszerben);nő;nappali;magyar nyelv és irodalom;közép;rendes;Nem;magyar;3;46;46;megjelent;25;3;14;4;0;0;46;-;-;-;-
2020;1;Szabolcs-Szatmár-Bereg;12;szakgimnázium/szakközépiskola (2016.09.01-től kifutó rendszerben);nő;nappali;magyar nyelv és irodalom;közép;rendes;Nem;magyar;2;38;38;megjelent;21;4;9;3;0;1;38;-;-;-;-
2020;1;Szabolcs-Szatmár-Bereg;12;szakgimnázium/szakközépiskola (2016.09.01-től kifutó rendszerben);nő;nappali;magyar nyelv és irodalom;közép;rendes;Nem;magyar;2;35;35;megjelent;22;5;4;3;0;1;35;-;-;-;-
2020;1;Szabolcs-Szatmár-Bereg;13;szakgimnázium/szakközépiskola (2016.09.01-től kifutó rendszerben);férfi;nappali;magyar nyelv és irodalom;közép;rendes;Nem;magyar;2;29;29;megjelent;20;0;3;3;2;1;29;-;-;-;-
2020;1;Szabolcs-Szatmár-Bereg;12;szakgimnázium/szakközépiskola (2016.09.01-től kifutó rendszerben);férfi;nappali;magyar nyelv és irodalom;közép;rendes;Nem;magyar;2;36;36;megjelent;25;4;4;3;0;0;36;-;-;-;-
2020;1;Szabolcs-Szatmár-Bereg;12;szakgimnázium/szakközépiskola (2016.09.01-től kifutó rendszerben);nő;nappali;magyar nyelv és irodalom;közép;rendes;Nem;magyar;4;60;60;megjelent;25;9;13;8;3;2;60;-;-;-;-
2020;1;Szabolcs-Szatmár-Bereg;12;szakgimnázium/szakközépiskola (2016.09.01-től kifutó rendszerben);férfi;nappali;magyar nyelv és irodalom;közép;rendes;Nem;magyar;4;75;75;megjelent;34;10;14;9;6;2;75;-;-;-;-
2020;1;Szabolcs-Szatmár-Bereg;12;szakgimnázium/szakközépiskola (2016.09.01-től kifutó rendszerben);férfi;nappali;magyar nyelv és irodalom;közép;rendes;Nem;magyar;4;74;74;megjelent;30;8;18;12;4;2;74;-;-;-;-
2020;1;Szabolcs-Szatmár-Bereg;12;szakgimnázium/szakközépiskola (2016.09.01-től kifutó rendszerben);férfi;nappali;magyar nyelv és irodalom;közép;rendes;Nem;magyar;4;64;64;megjelent;30;10;10;8;5;1;64;-;-;-;-
2020;1;Szabolcs-Szatmár-Bereg;12;gimnázium;nő;nappali;magyar nyelv és irodalom;közép;rendes;Nem;magyar;4;63;63;megjelent;17;7;20;11;8;0;63;-;-;-;-
2020;1;Szabolcs-Szatmár-Bereg;12;gimnázium;nő;nappali;magyar nyelv és irodalom;közép;rendes;Nem;magyar;4;64;64;megjelent;18;8;20;10;8;0;64;-;-;-;-
2020;1;Szabolcs-Szatmár-Bereg;12;gimnázium;férfi;nappali;magyar nyelv és irodalom;közép;rendes;Nem;magyar;3;42;42;megjelent;15;7;12;8;0;0;42;-;-;-;-
2020;1;Szabolcs-Szatmár-Bereg;13;szakgimnázium/szakközépiskola (2016.09.01-től kifutó rendszerben);férfi;nappali;magyar nyelv és irodalom;közép;rendes;Nem;magyar;2;29;29;megjelent;23;0;3;3;0;0;29;-;-;-;-
2020;1;Szabolcs-Szatmár-Bereg;13;szakgimnázium/szakközépiskola (2016.09.01-től kifutó rendszerben);nő;nappali;magyar nyelv és irodalom;közép;rendes;Nem;magyar;2;26;26;megjelent;18;3;2;2;0;1;26;-;-;-;-
2020;1;Szabolcs-Szatmár-Bereg;13;szakgimnázium/szakközépiskola (2016.09.01-től kifutó rendszerben);férfi;nappali;magyar nyelv és irodalom;közép;rendes;Nem;magyar;3;40;40;megjelent;20;0;6;6;7;1;40;-;-;-;-
2020;1;Szabolcs-Szatmár-Bereg;13;szakgimnázium/szakközépiskola (2016.09.01-től kifutó rendszerben);férfi;nappali;magyar nyelv és irodalom;közép;rendes;Nem;magyar;3;44;44;megjelent;26;4;4;5;4;1;44;-;-;-;-
2020;1;Szabolcs-Szatmár-Bereg;13;szakgimnázium/szakközépiskola (2016.09.01-től kifutó rendszerben);nő;nappali;magyar nyelv és irodalom;közép;rendes;Igen;magyar;2;30;15;megjelent;-;-;-;-;-;-;-;8;3;4;15
2020;1;Szabolcs-Szatmár-Bereg;13;szakgimnázium/szakközépiskola (2016.09.01-től kifutó rendszerben);férfi;nappali;magyar nyelv és irodalom;közép;rendes;Nem;magyar;2;28;28;megjelent;19;0;5;3;0;1;28;-;-;-;-
2020;1;Szabolcs-Szatmár-Bereg;12;gimnázium;nő;nappali;magyar nyelv és irodalom;közép;rendes;Nem;magyar;5;80;80;megjelent;30;10;20;14;4;2;80;-;-;-;-
2020;1;Szabolcs-Szatmár-Bereg;13;szakgimnázium/szakközépiskola (2016.09.01-től kifutó rendszerben);férfi;nappali;magyar nyelv és irodalom;közép;rendes;Nem;magyar;2;26;26;megjelent;16;3;3;3;0;1;26;-;-;-;-
2020;1;Szabolcs-Szatmár-Bereg;12;szakgimnázium/szakközépiskola (2016.09.01-től kifutó rendszerben);nő;nappali;magyar nyelv és irodalom;közép;rendes;Nem;magyar;3;47;47;megjelent;18;6;13;8;0;2;47;-;-;-;-
2020;1;Szabolcs-Szatmár-Bereg;12;gimnázium;nő;nappali;magyar nyelv és irodalom;közép;rendes;Nem;magyar;3;40;40;megjelent;16;3;9;10;0;2;40;-;-;-;-
2020;1;Szabolcs-Szatmár-Bereg;13;gimnázium;nő;nappali;magyar nyelv és irodalom;közép;rendes;Nem;magyar;4;68;68;megjelent;23;8;16;11;8;2;68;-;-;-;-
2020;1;Szabolcs-Szatmár-Bereg;13;gimnázium;nő;nappali;magyar nyelv és irodalom;közép;rendes;Nem;magyar;4;68;68;megjelent;32;6;17;9;2;2;68;-;-;-;-
2020;1;Szabolcs-Szatmár-Bereg;12;gimnázium;nő;nappali;magyar nyelv és irodalom;közép;rendes;Nem;magyar;5;87;87;megjelent;35;9;19;15;7;2;87;-;-;-;-
2020;1;Szabolcs-Szatmár-Bereg;12;gimnázium;férfi;nappali;magyar nyelv és irodalom;közép;rendes;Nem;magyar;4;74;74;megjelent;35;9;14;8;7;1;74;-;-;-;-
2020;1;Szabolcs-Szatmár-Bereg;4;gimnázium;férfi;nappali;magyar nyelv és irodalom;közép;rendes;Nem;magyar;3;50;50;megjelent;27;6;9;7;0;1;50;-;-;-;-
2020;1;Szabolcs-Szatmár-Bereg;4;gimnázium;nő;nappali;magyar nyelv és irodalom;közép;rendes;Nem;magyar;4;75;75;megjelent;28;10;18;10;7;2;75;-;-;-;-
2020;1;Szabolcs-Szatmár-Bereg;4;gimnázium;nő;nappali;magyar nyelv és irodalom;közép;rendes;Nem;magyar;5;88;88;megjelent;35;9;22;13;8;1;88;-;-;-;-
2020;1;Szabolcs-Szatmár-Bereg;4;gimnázium;nő;nappali;magyar nyelv és irodalom;közép;rendes;Igen;magyar;3;54;45;megjelent;24;5;12;3;0;1;45;-;-;-;-
2020;1;Szabolcs-Szatmár-Bereg;4;gimnázium;nő;nappali;magyar nyelv és irodalom;közép;rendes;Nem;magyar;4;60;60;megjelent;27;8;9;8;7;1;60;-;-;-;-
2020;1;Szabolcs-Szatmár-Bereg;4;gimnázium;férfi;nappali;magyar nyelv és irodalom;közép;rendes;Nem;magyar;3;57;57;megjelent;32;7;11;7;0;0;57;-;-;-;-
2020;1;Szabolcs-Szatmár-Bereg;12;szakgimnázium/szakközépiskola (2016.09.01-től kifutó rendszerben);nő;nappali;magyar nyelv és irodalom;közép;rendes;Nem;magyar;3;50;50;megjelent;24;5;11;8;0;2;50;-;-;-;-
2020;1;Szabolcs-Szatmár-Bereg;12;szakgimnázium/szakközépiskola (2016.09.01-től kifutó rendszerben);nő;nappali;magyar nyelv és irodalom;közép;rendes;Nem;magyar;4;60;60;megjelent;26;8;14;10;0;2;60;-;-;-;-
2020;1;Szabolcs-Szatmár-Bereg;12;szakgimnázium/szakközépiskola (2016.09.01-től kifutó rendszerben);nő;nappali;magyar nyelv és irodalom;közép;rendes;Nem;magyar;4;66;66;megjelent;31;7;12;7;7;2;66;-;-;-;-
2020;1;Szabolcs-Szatmár-Bereg;4;gimnázium;nő;nappali;magyar nyelv és irodalom;közép;rendes;Nem;magyar;4;66;66;megjelent;30;7;17;10;0;2;66;-;-;-;-
2020;1;Szabolcs-Szatmár-Bereg;12;szakgimnázium/szakközépiskola (2016.09.01-től kifutó rendszerben);nő;nappali;magyar nyelv és irodalom;közép;rendes;Igen;magyar;3;41;41;megjelent;19;8;4;8;0;2;41;-;-;-;-
2020;1;Szabolcs-Szatmár-Bereg;4;gimnázium;nő;nappali;magyar nyelv és irodalom;közép;rendes;Nem;magyar;5;80;80;megjelent;32;9;19;11;7;2;80;-;-;-;-
2020;1;Szabolcs-Szatmár-Bereg;12;szakgimnázium/szakközépiskola (2016.09.01-től kifutó rendszerben);nő;nappali;magyar nyelv és irodalom;közép;rendes;Nem;magyar;4;68;68;megjelent;31;10;11;11;3;2;68;-;-;-;-
2020;1;Szabolcs-Szatmár-Bereg;12;szakgimnázium/szakközépiskola (2016.09.01-től kifutó rendszerben);nő;nappali;magyar nyelv és irodalom;közép;rendes;Nem;magyar;4;61;61;megjelent;22;10;13;10;5;1;61;-;-;-;-
2020;1;Szabolcs-Szatmár-Bereg;12;szakgimnázium/szakközépiskola (2016.09.01-től kifutó rendszerben);nő;nappali;magyar nyelv és irodalom;közép;rendes;Nem;magyar;4;70;70;megjelent;29;10;15;11;3;2;70;-;-;-;-
2020;1;Szabolcs-Szatmár-Bereg;12;szakgimnázium/szakközépiskola (2016.09.01-től kifutó rendszerben);nő;nappali;magyar nyelv és irodalom;közép;rendes;Nem;magyar;4;74;74;megjelent;31;10;19;12;0;2;74;-;-;-;-
2020;1;Szabolcs-Szatmár-Bereg;4;gimnázium;nő;nappali;magyar nyelv és irodalom;közép;rendes;Nem;magyar;3;50;50;megjelent;23;8;6;9;2;2;50;-;-;-;-
2020;1;Szabolcs-Szatmár-Bereg;12;szakgimnázium/szakközépiskola (2016.09.01-től kifutó rendszerben);férfi;nappali;magyar nyelv és irodalom;közép;rendes;Nem;magyar;4;71;71;megjelent;34;9;18;9;0;1;71;-;-;-;-
2020;1;Szabolcs-Szatmár-Bereg;12;szakgimnázium/szakközépiskola (2016.09.01-től kifutó rendszerben);nő;nappali;magyar nyelv és irodalom;közép;rendes;Nem;magyar;5;80;80;megjelent;30;9;24;13;2;2;80;-;-;-;-
2020;1;Szabolcs-Szatmár-Bereg;4;gimnázium;nő;nappali;magyar nyelv és irodalom;közép;rendes;Nem;magyar;4;75;75;megjelent;24;9;20;12;8;2;75;-;-;-;-
2020;1;Szabolcs-Szatmár-Bereg;12;szakgimnázium/szakközépiskola (2016.09.01-től kifutó rendszerben);nő;nappali;magyar nyelv és irodalom;közép;rendes;Nem;magyar;5;92;92;megjelent;33;10;25;15;7;2;92;-;-;-;-
2020;1;Szabolcs-Szatmár-Bereg;12;szakgimnázium/szakközépiskola (2016.09.01-től kifutó rendszerben);nő;nappali;magyar nyelv és irodalom;közép;rendes;Nem;magyar;3;51;51;megjelent;25;8;8;8;0;2;51;-;-;-;-
2020;1;Szabolcs-Szatmár-Bereg;12;szakgimnázium/szakközépiskola (2016.09.01-től kifutó rendszerben);nő;nappali;magyar nyelv és irodalom;közép;rendes;Nem;magyar;3;54;54;megjelent;23;8;13;9;0;1;54;-;-;-;-
2020;1;Szabolcs-Szatmár-Bereg;12;szakgimnázium/szakközépiskola (2016.09.01-től kifutó rendszerben);nő;nappali;magyar nyelv és irodalom;közép;rendes;Nem;magyar;4;60;60;megjelent;23;7;12;11;5;2;60;-;-;-;-
2020;1;Szabolcs-Szatmár-Bereg;12;szakgimnázium/szakközépiskola (2016.09.01-től kifutó rendszerben);nő;nappali;magyar nyelv és irodalom;közép;rendes;Nem;magyar;4;60;60;megjelent;24;8;16;10;0;2;60;-;-;-;-
2020;1;Szabolcs-Szatmár-Bereg;12;szakgimnázium/szakközépiskola (2016.09.01-től kifutó rendszerben);nő;nappali;magyar nyelv és irodalom;közép;rendes;Nem;magyar;3;41;41;megjelent;17;8;6;8;0;2;41;-;-;-;-
2020;1;Szabolcs-Szatmár-Bereg;12;szakgimnázium/szakközépiskola (2016.09.01-től kifutó rendszerben);nő;nappali;magyar nyelv és irodalom;közép;rendes;Nem;magyar;4;63;63;megjelent;30;6;17;9;0;1;63;-;-;-;-
2020;1;Szabolcs-Szatmár-Bereg;12;szakgimnázium/szakközépiskola (2016.09.01-től kifutó rendszerben);nő;nappali;magyar nyelv és irodalom;közép;rendes;Nem;magyar;4;62;62;megjelent;23;10;16;11;0;2;62;-;-;-;-
2020;1;Szabolcs-Szatmár-Bereg;12;szakgimnázium/szakközépiskola (2016.09.01-től kifutó rendszerben);nő;nappali;magyar nyelv és irodalom;közép;rendes;Nem;magyar;4;65;65;megjelent;33;9;11;7;3;2;65;-;-;-;-
2020;1;Szabolcs-Szatmár-Bereg;12;szakgimnázium/szakközépiskola (2016.09.01-től kifutó rendszerben);nő;nappali;magyar nyelv és irodalom;közép;rendes;Nem;magyar;5;88;88;megjelent;36;10;24;15;1;2;88;-;-;-;-
2020;1;Szabolcs-Szatmár-Bereg;12;szakgimnázium/szakközépiskola (2016.09.01-től kifutó rendszerben);férfi;nappali;magyar nyelv és irodalom;közép;rendes;Igen;magyar;5;90;45;megjelent;-;-;-;-;-;-;-;22;9;14;45
2020;1;Szabolcs-Szatmár-Bereg;12;szakgimnázium/szakközépiskola (2016.09.01-től kifutó rendszerben);férfi;nappali;magyar nyelv és irodalom;közép;rendes;Nem;magyar;4;68;68;megjelent;32;6;17;11;0;2;68;-;-;-;-
2020;1;Szabolcs-Szatmár-Bereg;12;szakgimnázium/szakközépiskola (2016.09.01-től kifutó rendszerben);nő;nappali;magyar nyelv és irodalom;közép;rendes;Nem;magyar;4;71;71;megjelent;30;8;19;12;0;2;71;-;-;-;-
2020;1;Szabolcs-Szatmár-Bereg;12;szakgimnázium/szakközépiskola (2016.09.01-től kifutó rendszerben);férfi;nappali;magyar nyelv és irodalom;közép;rendes;Nem;magyar;4;74;74;megjelent;35;8;19;11;0;1;74;-;-;-;-
2020;1;Szabolcs-Szatmár-Bereg;12;szakgimnázium/szakközépiskola (2016.09.01-től kifutó rendszerben);nő;nappali;magyar nyelv és irodalom;közép;rendes;Nem;magyar;4;76;76;megjelent;31;8;22;13;0;2;76;-;-;-;-
2020;1;Szabolcs-Szatmár-Bereg;12;szakgimnázium/szakközépiskola (2016.09.01-től kifutó rendszerben);férfi;nappali;magyar nyelv és irodalom;közép;rendes;Nem;magyar;5;90;90;megjelent;37;6;24;14;7;2;90;-;-;-;-
2020;1;Szabolcs-Szatmár-Bereg;12;szakgimnázium/szakközépiskola (2016.09.01-től kifutó rendszerben);nő;nappali;magyar nyelv és irodalom;közép;rendes;Nem;magyar;4;69;69;megjelent;32;7;16;12;0;2;69;-;-;-;-
2020;1;Szabolcs-Szatmár-Bereg;12;szakgimnázium/szakközépiskola (2016.09.01-től kifutó rendszerben);nő;nappali;magyar nyelv és irodalom;közép;rendes;Nem;magyar;5;81;81;megjelent;35;8;22;13;1;2;81;-;-;-;-
2020;1;Szabolcs-Szatmár-Bereg;12;szakgimnázium/szakközépiskola (2016.09.01-től kifutó rendszerben);nő;nappali;magyar nyelv és irodalom;közép;rendes;Nem;magyar;4;73;73;megjelent;32;9;17;13;0;2;73;-;-;-;-
2020;1;Szabolcs-Szatmár-Bereg;12;szakgimnázium/szakközépiskola (2016.09.01-től kifutó rendszerben);nő;nappali;magyar nyelv és irodalom;közép;rendes;Nem;magyar;3;57;57;megjelent;31;0;13;11;0;2;57;-;-;-;-
2020;1;Szabolcs-Szatmár-Bereg;12;szakgimnázium/szakközépiskola (2016.09.01-től kifutó rendszerben);nő;nappali;magyar nyelv és irodalom;közép;rendes;Nem;magyar;3;55;55;megjelent;25;9;12;7;0;2;55;-;-;-;-
2020;1;Szabolcs-Szatmár-Bereg;12;szakgimnázium/szakközépiskola (2016.09.01-től kifutó rendszerben);nő;nappali;magyar nyelv és irodalom;közép;rendes;Nem;magyar;4;65;65;megjelent;26;8;14;8;7;2;65;-;-;-;-
2020;1;Szabolcs-Szatmár-Bereg;12;szakgimnázium/szakközépiskola (2016.09.01-től kifutó rendszerben);nő;nappali;magyar nyelv és irodalom;közép;rendes;Nem;magyar;4;67;67;megjelent;28;9;17;11;0;2;67;-;-;-;-
2020;1;Szabolcs-Szatmár-Bereg;12;szakgimnázium/szakközépiskola (2016.09.01-től kifutó rendszerben);nő;nappali;magyar nyelv és irodalom;közép;rendes;Nem;magyar;4;65;65;megjelent;29;7;17;10;0;2;65;-;-;-;-
2020;1;Szabolcs-Szatmár-Bereg;12;szakgimnázium/szakközépiskola (2016.09.01-től kifutó rendszerben);nő;nappali;magyar nyelv és irodalom;közép;rendes;Nem;magyar;4;74;74;megjelent;29;10;19;13;1;2;74;-;-;-;-
2020;1;Szabolcs-Szatmár-Bereg;12;szakgimnázium/szakközépiskola (2016.09.01-től kifutó rendszerben);nő;nappali;magyar nyelv és irodalom;közép;rendes;Nem;magyar;5;80;80;megjelent;33;9;23;13;0;2;80;-;-;-;-
2020;1;Szabolcs-Szatmár-Bereg;12;szakgimnázium/szakközépiskola (2016.09.01-től kifutó rendszerben);nő;nappali;magyar nyelv és irodalom;közép;rendes;Nem;magyar;4;74;74;megjelent;34;9;18;11;0;2;74;-;-;-;-
2020;1;Szabolcs-Szatmár-Bereg;12;szakgimnázium/szakközépiskola (2016.09.01-től kifutó rendszerben);nő;nappali;magyar nyelv és irodalom;közép;rendes;Igen;magyar;4;76;70;megjelent;34;9;14;11;0;2;70;-;-;-;-
2020;1;Szabolcs-Szatmár-Bereg;4;gimnázium;férfi;nappali;magyar nyelv és irodalom;közép;rendes;Nem;magyar;5;83;83;megjelent;35;9;18;12;7;2;83;-;-;-;-
2020;1;Szabolcs-Szatmár-Bereg;12;szakgimnázium/szakközépiskola (2016.09.01-től kifutó rendszerben);férfi;nappali;magyar nyelv és irodalom;közép;rendes;Nem;magyar;3;54;54;megjelent;23;8;15;8;0;0;54;-;-;-;-
2020;1;Szabolcs-Szatmár-Bereg;4;gimnázium;nő;nappali;magyar nyelv és irodalom;közép;rendes;Nem;magyar;5;93;93;megjelent;34;10;24;15;8;2;93;-;-;-;-
2020;1;Szabolcs-Szatmár-Bereg;12;szakgimnázium/szakközépiskola (2016.09.01-től kifutó rendszerben);férfi;nappali;magyar nyelv és irodalom;közép;rendes;Nem;magyar;3;57;57;megjelent;30;7;11;9;0;0;57;-;-;-;-
2020;1;Szabolcs-Szatmár-Bereg;12;szakgimnázium/szakközépiskola (2016.09.01-től kifutó rendszerben);férfi;nappali;magyar nyelv és irodalom;közép;rendes;Nem;magyar;3;55;55;megjelent;22;8;16;8;1;0;55;-;-;-;-
2020;1;Szabolcs-Szatmár-Bereg;12;gimnázium;nő;nappali;magyar nyelv és irodalom;közép;rendes;Nem;magyar;4;71;71;megjelent;29;9;18;10;3;2;71;-;-;-;-
2020;1;Szabolcs-Szatmár-Bereg;4;gimnázium;nő;nappali;magyar nyelv és irodalom;közép;rendes;Nem;magyar;4;71;71;megjelent;33;8;17;11;0;2;71;-;-;-;-
2020;1;Szabolcs-Szatmár-Bereg;12;szakgimnázium/szakközépiskola (2016.09.01-től kifutó rendszerben);férfi;nappali;magyar nyelv és irodalom;közép;rendes;Nem;magyar;2;35;35;megjelent;21;6;3;5;0;0;35;-;-;-;-
2020;1;Szabolcs-Szatmár-Bereg;12;gimnázium;férfi;nappali;magyar nyelv és irodalom;közép;rendes;Igen;magyar;4;77;71;megjelent;25;9;24;11;0;2;71;-;-;-;-
2020;1;Szabolcs-Szatmár-Bereg;12;szakgimnázium/szakközépiskola (2016.09.01-től kifutó rendszerben);férfi;nappali;magyar nyelv és irodalom;közép;rendes;Nem;magyar;4;67;67;megjelent;27;10;19;10;0;1;67;-;-;-;-
2020;1;Szabolcs-Szatmár-Bereg;12;szakgimnázium/szakközépiskola (2016.09.01-től kifutó rendszerben);férfi;nappali;magyar nyelv és irodalom;közép;rendes;Nem;magyar;3;56;56;megjelent;24;8;12;7;4;1;56;-;-;-;-
2020;1;Szabolcs-Szatmár-Bereg;12;szakgimnázium/szakközépiskola (2016.09.01-től kifutó rendszerben);nő;nappali;magyar nyelv és irodalom;közép;rendes;Nem;magyar;5;83;83;megjelent;31;10;22;12;7;1;83;-;-;-;-
2020;1;Szabolcs-Szatmár-Bereg;12;szakgimnázium/szakközépiskola (2016.09.01-től kifutó rendszerben);nő;nappali;magyar nyelv és irodalom;közép;rendes;Nem;magyar;4;60;60;megjelent;23;8;16;12;0;1;60;-;-;-;-
2020;1;Szabolcs-Szatmár-Bereg;12;szakgimnázium/szakközépiskola (2016.09.01-től kifutó rendszerben);férfi;nappali;magyar nyelv és irodalom;közép;rendes;Nem;magyar;3;51;51;megjelent;26;7;11;7;0;0;51;-;-;-;-
2020;1;Szabolcs-Szatmár-Bereg;12;szakgimnázium/szakközépiskola (2016.09.01-től kifutó rendszerben);férfi;nappali;magyar nyelv és irodalom;közép;rendes;Nem;magyar;3;57;57;megjelent;34;5;11;7;0;0;57;-;-;-;-
2020;1;Szabolcs-Szatmár-Bereg;12;gimnázium;férfi;nappali;magyar nyelv és irodalom;közép;rendes;Nem;magyar;3;43;43;megjelent;18;6;10;8;0;1;43;-;-;-;-
2020;1;Szabolcs-Szatmár-Bereg;12;szakgimnázium/szakközépiskola (2016.09.01-től kifutó rendszerben);férfi;nappali;magyar nyelv és irodalom;közép;rendes;Nem;magyar;3;40;40;megjelent;23;6;5;6;0;0;40;-;-;-;-
2020;1;Szabolcs-Szatmár-Bereg;12;gimnázium;nő;nappali;magyar nyelv és irodalom;közép;rendes;Nem;magyar;4;61;61;megjelent;31;8;10;10;0;2;61;-;-;-;-
2020;1;Szabolcs-Szatmár-Bereg;12;szakgimnázium/szakközépiskola (2016.09.01-től kifutó rendszerben);férfi;nappali;magyar nyelv és irodalom;közép;rendes;Nem;magyar;4;60;60;megjelent;24;7;19;9;0;1;60;-;-;-;-
2020;1;Szabolcs-Szatmár-Bereg;12;gimnázium;nő;nappali;magyar nyelv és irodalom;közép;rendes;Nem;magyar;3;42;42;megjelent;18;7;10;5;0;2;42;-;-;-;-
2020;1;Szabolcs-Szatmár-Bereg;12;szakgimnázium/szakközépiskola (2016.09.01-től kifutó rendszerben);nő;nappali;magyar nyelv és irodalom;közép;rendes;Nem;magyar;4;61;61;megjelent;26;7;17;10;0;1;61;-;-;-;-
2020;1;Szabolcs-Szatmár-Bereg;12;szakgimnázium/szakközépiskola (2016.09.01-től kifutó rendszerben);nő;nappali;magyar nyelv és irodalom;közép;rendes;Nem;magyar;5;82;82;megjelent;35;8;23;12;3;1;82;-;-;-;-
2020;1;Szabolcs-Szatmár-Bereg;12;gimnázium;férfi;nappali;magyar nyelv és irodalom;közép;rendes;Nem;magyar;3;57;57;megjelent;26;9;12;9;0;1;57;-;-;-;-
2020;1;Szabolcs-Szatmár-Bereg;12;szakgimnázium/szakközépiskola (2016.09.01-től kifutó rendszerben);férfi;nappali;magyar nyelv és irodalom;közép;rendes;Nem;magyar;3;52;52;megjelent;28;7;10;7;0;0;52;-;-;-;-
2020;1;Szabolcs-Szatmár-Bereg;12;szakgimnázium/szakközépiskola (2016.09.01-től kifutó rendszerben);férfi;nappali;magyar nyelv és irodalom;közép;rendes;Nem;magyar;3;46;46;megjelent;23;7;9;7;0;0;46;-;-;-;-
2020;1;Szabolcs-Szatmár-Bereg;12;szakgimnázium/szakközépiskola (2016.09.01-től kifutó rendszerben);férfi;nappali;magyar nyelv és irodalom;közép;rendes;Nem;magyar;3;49;49;megjelent;27;8;8;6;0;0;49;-;-;-;-
2020;1;Szabolcs-Szatmár-Bereg;12;gimnázium;nő;nappali;magyar nyelv és irodalom;közép;rendes;Igen;magyar;3;47;44;megjelent;19;7;9;7;0;2;44;-;-;-;-
2020;1;Szabolcs-Szatmár-Bereg;12;szakgimnázium/szakközépiskola (2016.09.01-től kifutó rendszerben);férfi;nappali;magyar nyelv és irodalom;közép;rendes;Nem;magyar;4;68;68;megjelent;31;9;19;9;0;0;68;-;-;-;-
2020;1;Szabolcs-Szatmár-Bereg;13;gimnázium;nő;nappali;magyar nyelv és irodalom;közép;rendes;Nem;magyar;2;38;38;megjelent;19;4;7;6;0;2;38;-;-;-;-
2020;1;Szabolcs-Szatmár-Bereg;12;szakgimnázium/szakközépiskola (2016.09.01-től kifutó rendszerben);férfi;nappali;magyar nyelv és irodalom;közép;rendes;Nem;magyar;3;53;53;megjelent;22;8;13;10;0;0;53;-;-;-;-
2020;1;Szabolcs-Szatmár-Bereg;4;gimnázium;férfi;nappali;magyar nyelv és irodalom;közép;rendes;Igen;magyar;4;62;31;megjelent;-;-;-;-;-;-;-;10;7;14;31
2020;1;Szabolcs-Szatmár-Bereg;12;szakgimnázium/szakközépiskola (2016.09.01-től kifutó rendszerben);férfi;nappali;magyar nyelv és irodalom;közép;rendes;Nem;magyar;4;60;60;megjelent;29;8;15;8;0;0;60;-;-;-;-
2020;1;Szabolcs-Szatmár-Bereg;12;szakgimnázium/szakközépiskola (2016.09.01-től kifutó rendszerben);férfi;nappali;magyar nyelv és irodalom;közép;rendes;Nem;magyar;2;37;37;megjelent;23;6;3;5;0;0;37;-;-;-;-
2020;1;Szabolcs-Szatmár-Bereg;12;szakgimnázium/szakközépiskola (2016.09.01-től kifutó rendszerben);nő;nappali;magyar nyelv és irodalom;közép;rendes;Nem;magyar;4;60;60;megjelent;30;8;14;8;0;0;60;-;-;-;-
2020;1;Szabolcs-Szatmár-Bereg;4;gimnázium;férfi;nappali;magyar nyelv és irodalom;közép;rendes;Igen;magyar;4;65;60;megjelent;29;9;9;11;0;2;60;-;-;-;-
2020;1;Szabolcs-Szatmár-Bereg;12;szakgimnázium/szakközépiskola (2016.09.01-től kifutó rendszerben);férfi;nappali;magyar nyelv és irodalom;közép;rendes;Nem;magyar;3;41;41;megjelent;21;8;5;7;0;0;41;-;-;-;-
2020;1;Szabolcs-Szatmár-Bereg;4;gimnázium;férfi;nappali;magyar nyelv és irodalom;közép;rendes;Igen;magyar;4;76;38;megjelent;-;-;-;-;-;-;-;18;8;12;38
2020;1;Szabolcs-Szatmár-Bereg;12;szakgimnázium/szakközépiskola (2016.09.01-től kifutó rendszerben);férfi;nappali;magyar nyelv és irodalom;közép;rendes;Nem;magyar;2;39;39;megjelent;21;7;6;5;0;0;39;-;-;-;-
2020;1;Szabolcs-Szatmár-Bereg;12;gimnázium;férfi;nappali;magyar nyelv és irodalom;közép;rendes;Nem;magyar;4;60;60;megjelent;23;8;17;10;0;2;60;-;-;-;-
2020;1;Szabolcs-Szatmár-Bereg;4;gimnázium;férfi;nappali;magyar nyelv és irodalom;közép;rendes;Nem;magyar;5;81;81;megjelent;29;10;24;12;4;2;81;-;-;-;-
2020;1;Szabolcs-Szatmár-Bereg;12;szakgimnázium/szakközépiskola (2016.09.01-től kifutó rendszerben);férfi;nappali;magyar nyelv és irodalom;közép;rendes;Nem;magyar;2;36;36;megjelent;19;3;8;4;0;2;36;-;-;-;-
2020;1;Szabolcs-Szatmár-Bereg;12;gimnázium;férfi;nappali;magyar nyelv és irodalom;közép;rendes;Nem;magyar;3;50;50;megjelent;24;6;11;9;0;0;50;-;-;-;-
2020;1;Szabolcs-Szatmár-Bereg;12;gimnázium;nő;nappali;magyar nyelv és irodalom;közép;rendes;Nem;magyar;4;61;61;megjelent;19;8;18;11;3;2;61;-;-;-;-
2020;1;Szabolcs-Szatmár-Bereg;12;szakgimnázium/szakközépiskola (2016.09.01-től kifutó rendszerben);férfi;nappali;magyar nyelv és irodalom;közép;rendes;Nem;magyar;2;38;38;megjelent;21;8;4;3;0;2;38;-;-;-;-
2020;1;Szabolcs-Szatmár-Bereg;4;gimnázium;férfi;nappali;magyar nyelv és irodalom;közép;rendes;Nem;magyar;3;56;56;megjelent;27;8;10;9;0;2;56;-;-;-;-
2020;1;Szabolcs-Szatmár-Bereg;12;gimnázium;férfi;nappali;magyar nyelv és irodalom;közép;rendes;Nem;magyar;4;60;60;megjelent;30;6;14;9;0;1;60;-;-;-;-
2020;1;Szabolcs-Szatmár-Bereg;12;gimnázium;nő;nappali;magyar nyelv és irodalom;közép;rendes;Nem;magyar;3;54;54;megjelent;20;9;9;9;5;2;54;-;-;-;-
2020;1;Szabolcs-Szatmár-Bereg;12;gimnázium;nő;nappali;magyar nyelv és irodalom;közép;rendes;Nem;magyar;4;62;62;megjelent;28;9;12;8;3;2;62;-;-;-;-
2020;1;Szabolcs-Szatmár-Bereg;12;gimnázium;nő;nappali;magyar nyelv és irodalom;közép;rendes;Nem;magyar;3;53;53;megjelent;28;6;9;8;0;2;53;-;-;-;-
2020;1;Szabolcs-Szatmár-Bereg;12;gimnázium;férfi;nappali;magyar nyelv és irodalom;közép;rendes;Igen;magyar;5;92;46;megjelent;-;-;-;-;-;-;-;23;10;13;46
2020;1;Szabolcs-Szatmár-Bereg;12;gimnázium;férfi;nappali;magyar nyelv és irodalom;közép;rendes;Nem;magyar;4;74;74;megjelent;33;9;18;12;0;2;74;-;-;-;-
2020;1;Szabolcs-Szatmár-Bereg;12;gimnázium;nő;nappali;magyar nyelv és irodalom;közép;rendes;Nem;magyar;3;52;52;megjelent;20;7;16;7;0;2;52;-;-;-;-
2020;1;Szabolcs-Szatmár-Bereg;12;gimnázium;férfi;nappali;magyar nyelv és irodalom;közép;rendes;Nem;magyar;3;58;58;megjelent;25;7;15;9;0;2;58;-;-;-;-
2020;1;Szabolcs-Szatmár-Bereg;12;gimnázium;nő;nappali;magyar nyelv és irodalom;közép;rendes;Nem;magyar;4;73;73;megjelent;31;10;19;11;0;2;73;-;-;-;-
2020;1;Szabolcs-Szatmár-Bereg;12;gimnázium;férfi;nappali;magyar nyelv és irodalom;közép;rendes;Nem;magyar;3;56;56;megjelent;23;9;15;9;0;0;56;-;-;-;-
2020;1;Szabolcs-Szatmár-Bereg;12;gimnázium;férfi;nappali;magyar nyelv és irodalom;közép;rendes;Nem;magyar;4;62;62;megjelent;23;7;18;11;1;2;62;-;-;-;-
2020;1;Szabolcs-Szatmár-Bereg;12;gimnázium;férfi;nappali;magyar nyelv és irodalom;közép;rendes;Nem;magyar;4;62;62;megjelent;29;7;16;9;0;1;62;-;-;-;-
2020;1;Szabolcs-Szatmár-Bereg;12;gimnázium;nő;nappali;magyar nyelv és irodalom;közép;rendes;Nem;magyar;3;56;56;megjelent;26;9;10;9;0;2;56;-;-;-;-
2020;1;Szabolcs-Szatmár-Bereg;12;gimnázium;férfi;nappali;magyar nyelv és irodalom;közép;rendes;Nem;magyar;2;33;33;megjelent;15;6;6;5;0;1;33;-;-;-;-
2020;1;Szabolcs-Szatmár-Bereg;12;gimnázium;nő;nappali;magyar nyelv és irodalom;közép;rendes;Nem;magyar;5;96;96;megjelent;36;10;25;15;8;2;96;-;-;-;-
2020;1;Szabolcs-Szatmár-Bereg;12;gimnázium;férfi;nappali;magyar nyelv és irodalom;közép;rendes;Nem;magyar;2;31;31;megjelent;16;6;5;4;0;0;31;-;-;-;-
2020;1;Szabolcs-Szatmár-Bereg;12;gimnázium;férfi;nappali;magyar nyelv és irodalom;közép;rendes;Nem;magyar;3;52;52;megjelent;24;7;12;8;0;1;52;-;-;-;-
2020;1;Szabolcs-Szatmár-Bereg;12;gimnázium;nő;nappali;magyar nyelv és irodalom;közép;rendes;Nem;magyar;4;60;60;megjelent;30;7;9;9;3;2;60;-;-;-;-
2020;1;Szabolcs-Szatmár-Bereg;12;gimnázium;nő;nappali;magyar nyelv és irodalom;közép;rendes;Nem;magyar;4;73;73;megjelent;28;10;16;11;6;2;73;-;-;-;-
2020;1;Szabolcs-Szatmár-Bereg;12;gimnázium;férfi;nappali;magyar nyelv és irodalom;közép;rendes;Nem;magyar;3;55;55;megjelent;27;7;12;8;0;1;55;-;-;-;-
2020;1;Szabolcs-Szatmár-Bereg;12;gimnázium;nő;nappali;magyar nyelv és irodalom;közép;rendes;Nem;magyar;5;95;95;megjelent;35;10;25;15;8;2;95;-;-;-;-
2020;1;Szabolcs-Szatmár-Bereg;12;gimnázium;nő;nappali;magyar nyelv és irodalom;közép;rendes;Nem;magyar;5;91;91;megjelent;37;10;20;14;8;2;91;-;-;-;-
2020;1;Szabolcs-Szatmár-Bereg;12;gimnázium;nő;nappali;magyar nyelv és irodalom;közép;rendes;Nem;magyar;5;91;91;megjelent;34;10;24;15;6;2;91;-;-;-;-
2020;1;Szabolcs-Szatmár-Bereg;12;gimnázium;férfi;nappali;magyar nyelv és irodalom;közép;rendes;Nem;magyar;4;61;61;megjelent;27;10;14;7;1;2;61;-;-;-;-
2020;1;Szabolcs-Szatmár-Bereg;12;gimnázium;férfi;nappali;magyar nyelv és irodalom;közép;rendes;Igen;magyar;5;80;40;megjelent;-;-;-;-;-;-;-;20;10;10;40
2020;1;Szabolcs-Szatmár-Bereg;12;gimnázium;nő;nappali;magyar nyelv és irodalom;közép;rendes;Nem;magyar;5;89;89;megjelent;34;10;20;15;8;2;89;-;-;-;-
2020;1;Szabolcs-Szatmár-Bereg;12;gimnázium;férfi;nappali;magyar nyelv és irodalom;közép;rendes;Igen;magyar;4;70;35;megjelent;-;-;-;-;-;-;-;15;8;12;35
2020;1;Szabolcs-Szatmár-Bereg;4;gimnázium;férfi;nappali;magyar nyelv és irodalom;közép;rendes;Nem;magyar;3;54;54;megjelent;32;5;7;9;0;1;54;-;-;-;-
2020;1;Szabolcs-Szatmár-Bereg;4;gimnázium;nő;nappali;magyar nyelv és irodalom;közép;rendes;Nem;magyar;5;83;83;megjelent;31;8;23;14;5;2;83;-;-;-;-
2020;1;Szabolcs-Szatmár-Bereg;4;gimnázium;nő;nappali;magyar nyelv és irodalom;közép;rendes;Nem;magyar;5;83;83;megjelent;34;9;25;13;0;2;83;-;-;-;-
2020;1;Szabolcs-Szatmár-Bereg;12;gimnázium;nő;nappali;magyar nyelv és irodalom;közép;rendes;Nem;magyar;4;64;64;megjelent;27;6;13;10;6;2;64;-;-;-;-
2020;1;Szabolcs-Szatmár-Bereg;4;gimnázium;nő;nappali;magyar nyelv és irodalom;közép;rendes;Nem;magyar;4;66;66;megjelent;30;5;12;9;8;2;66;-;-;-;-
2020;1;Szabolcs-Szatmár-Bereg;12;gimnázium;nő;nappali;magyar nyelv és irodalom;közép;rendes;Nem;magyar;5;90;90;megjelent;35;9;23;15;6;2;90;-;-;-;-
2020;1;Szabolcs-Szatmár-Bereg;4;gimnázium;férfi;nappali;magyar nyelv és irodalom;közép;rendes;Nem;magyar;4;68;68;megjelent;31;8;19;8;0;2;68;-;-;-;-
2020;1;Szabolcs-Szatmár-Bereg;4;gimnázium;férfi;nappali;magyar nyelv és irodalom;közép;rendes;Nem;magyar;2;34;34;megjelent;17;4;7;5;0;1;34;-;-;-;-
2020;1;Szabolcs-Szatmár-Bereg;4;gimnázium;férfi;nappali;magyar nyelv és irodalom;közép;rendes;Nem;magyar;4;60;60;megjelent;30;7;13;10;0;0;60;-;-;-;-
2020;1;Szabolcs-Szatmár-Bereg;4;gimnázium;nő;nappali;magyar nyelv és irodalom;közép;rendes;Nem;magyar;3;52;52;megjelent;27;6;12;5;0;2;52;-;-;-;-
2020;1;Szabolcs-Szatmár-Bereg;4;gimnázium;férfi;nappali;magyar nyelv és irodalom;közép;rendes;Nem;magyar;3;50;50;megjelent;28;6;6;8;0;2;50;-;-;-;-
2020;1;Szabolcs-Szatmár-Bereg;4;gimnázium;nő;nappali;magyar nyelv és irodalom;közép;rendes;Nem;magyar;3;49;49;megjelent;26;6;8;7;0;2;49;-;-;-;-
2020;1;Szabolcs-Szatmár-Bereg;4;gimnázium;férfi;nappali;magyar nyelv és irodalom;közép;rendes;Nem;magyar;4;60;60;megjelent;24;8;14;12;0;2;60;-;-;-;-
2020;1;Szabolcs-Szatmár-Bereg;4;gimnázium;nő;nappali;magyar nyelv és irodalom;közép;rendes;Nem;magyar;4;61;61;megjelent;32;8;10;6;3;2;61;-;-;-;-
2020;1;Szabolcs-Szatmár-Bereg;4;gimnázium;nő;nappali;magyar nyelv és irodalom;közép;rendes;Nem;magyar;5;84;84;megjelent;33;10;23;12;5;1;84;-;-;-;-
2020;1;Szabolcs-Szatmár-Bereg;4;gimnázium;nő;nappali;magyar nyelv és irodalom;közép;rendes;Nem;magyar;4;62;62;megjelent;30;6;9;10;5;2;62;-;-;-;-
2020;1;Szabolcs-Szatmár-Bereg;4;gimnázium;nő;nappali;magyar nyelv és irodalom;közép;rendes;Nem;magyar;4;68;68;megjelent;29;6;13;10;8;2;68;-;-;-;-
2020;1;Szabolcs-Szatmár-Bereg;4;gimnázium;férfi;nappali;magyar nyelv és irodalom;közép;rendes;Nem;magyar;3;55;55;megjelent;27;9;10;7;0;2;55;-;-;-;-
2020;1;Szabolcs-Szatmár-Bereg;13;szakgimnázium/szakközépiskola (2016.09.01-től kifutó rendszerben);nő;nappali;magyar nyelv és irodalom;közép;rendes;Nem;magyar;4;61;61;megjelent;28;8;14;9;0;2;61;-;-;-;-
2020;1;Szabolcs-Szatmár-Bereg;4;gimnázium;férfi;nappali;magyar nyelv és irodalom;közép;rendes;Nem;magyar;3;55;55;megjelent;29;8;10;6;0;2;55;-;-;-;-
2020;1;Szabolcs-Szatmár-Bereg;13;szakgimnázium/szakközépiskola (2016.09.01-től kifutó rendszerben);férfi;nappali;magyar nyelv és irodalom;közép;rendes;Nem;magyar;3;55;55;megjelent;30;5;12;8;0;0;55;-;-;-;-
2020;1;Szabolcs-Szatmár-Bereg;4;gimnázium;férfi;nappali;magyar nyelv és irodalom;közép;rendes;Nem;magyar;5;85;85;megjelent;36;9;24;13;1;2;85;-;-;-;-
2020;1;Szabolcs-Szatmár-Bereg;4;gimnázium;férfi;nappali;magyar nyelv és irodalom;közép;rendes;Nem;magyar;4;60;60;megjelent;30;8;13;7;0;2;60;-;-;-;-
2020;1;Szabolcs-Szatmár-Bereg;4;gimnázium;férfi;nappali;magyar nyelv és irodalom;közép;rendes;Nem;magyar;4;65;65;megjelent;28;8;10;10;8;1;65;-;-;-;-
2020;1;Szabolcs-Szatmár-Bereg;4;gimnázium;nő;nappali;magyar nyelv és irodalom;közép;rendes;Nem;magyar;4;61;61;megjelent;22;8;12;10;7;2;61;-;-;-;-
2020;1;Szabolcs-Szatmár-Bereg;4;gimnázium;nő;nappali;magyar nyelv és irodalom;közép;rendes;Nem;magyar;4;69;69;megjelent;33;10;11;13;0;2;69;-;-;-;-
2020;1;Szabolcs-Szatmár-Bereg;4;gimnázium;férfi;nappali;magyar nyelv és irodalom;közép;rendes;Igen;magyar;5;84;42;megjelent;-;-;-;-;-;-;-;20;10;12;42
2020;1;Szabolcs-Szatmár-Bereg;4;gimnázium;férfi;nappali;magyar nyelv és irodalom;közép;rendes;Nem;magyar;4;69;69;megjelent;34;9;13;11;0;2;69;-;-;-;-
2020;1;Szabolcs-Szatmár-Bereg;4;gimnázium;férfi;nappali;magyar nyelv és irodalom;közép;rendes;Nem;magyar;5;89;89;megjelent;37;9;24;12;5;2;89;-;-;-;-
2020;1;Szabolcs-Szatmár-Bereg;4;gimnázium;férfi;nappali;magyar nyelv és irodalom;közép;rendes;Nem;magyar;5;83;83;megjelent;32;9;21;12;7;2;83;-;-;-;-
2020;1;Szabolcs-Szatmár-Bereg;4;gimnázium;férfi;nappali;magyar nyelv és irodalom;közép;rendes;Nem;magyar;4;63;63;megjelent;30;9;11;11;0;2;63;-;-;-;-
2020;1;Szabolcs-Szatmár-Bereg;12;gimnázium;nő;nappali;magyar nyelv és irodalom;közép;rendes;Nem;magyar;4;65;65;megjelent;29;5;14;10;6;1;65;-;-;-;-
2020;1;Szabolcs-Szatmár-Bereg;12;gimnázium;férfi;nappali;magyar nyelv és irodalom;közép;rendes;Nem;magyar;5;80;80;megjelent;34;10;15;14;5;2;80;-;-;-;-
2020;1;Szabolcs-Szatmár-Bereg;12;gimnázium;nő;nappali;magyar nyelv és irodalom;közép;rendes;Nem;magyar;5;86;86;megjelent;33;8;20;15;8;2;86;-;-;-;-
2020;1;Szabolcs-Szatmár-Bereg;12;gimnázium;nő;nappali;magyar nyelv és irodalom;közép;rendes;Nem;magyar;5;83;83;megjelent;32;10;19;15;6;1;83;-;-;-;-
2020;1;Szabolcs-Szatmár-Bereg;12;gimnázium;férfi;nappali;magyar nyelv és irodalom;közép;rendes;Nem;magyar;5;85;85;megjelent;35;10;19;15;6;0;85;-;-;-;-
2020;1;Szabolcs-Szatmár-Bereg;12;gimnázium;férfi;nappali;magyar nyelv és irodalom;közép;rendes;Igen;magyar;5;85;79;megjelent;30;10;22;15;0;2;79;-;-;-;-
2020;1;Szabolcs-Szatmár-Bereg;12;gimnázium;nő;nappali;magyar nyelv és irodalom;közép;rendes;Nem;magyar;4;60;60;megjelent;21;6;14;12;5;2;60;-;-;-;-
2020;1;Szabolcs-Szatmár-Bereg;12;gimnázium;férfi;nappali;magyar nyelv és irodalom;közép;rendes;Nem;magyar;4;63;63;megjelent;28;9;16;10;0;0;63;-;-;-;-
2020;1;Szabolcs-Szatmár-Bereg;12;gimnázium;férfi;nappali;magyar nyelv és irodalom;közép;rendes;Nem;magyar;3;50;50;megjelent;28;7;10;5;0;0;50;-;-;-;-
2020;1;Szabolcs-Szatmár-Bereg;12;gimnázium;férfi;nappali;magyar nyelv és irodalom;közép;rendes;Nem;magyar;3;44;44;megjelent;27;7;1;3;6;0;44;-;-;-;-
2020;1;Szabolcs-Szatmár-Bereg;12;gimnázium;férfi;nappali;magyar nyelv és irodalom;közép;rendes;Nem;magyar;4;68;68;megjelent;23;9;19;13;2;2;68;-;-;-;-
2020;1;Szabolcs-Szatmár-Bereg;12;gimnázium;férfi;nappali;magyar nyelv és irodalom;közép;rendes;Nem;magyar;5;81;81;megjelent;35;10;20;13;2;1;81;-;-;-;-
2020;1;Szabolcs-Szatmár-Bereg;12;gimnázium;nő;nappali;magyar nyelv és irodalom;közép;rendes;Nem;magyar;4;72;72;megjelent;34;10;15;9;4;0;72;-;-;-;-
2020;1;Szabolcs-Szatmár-Bereg;12;gimnázium;férfi;nappali;magyar nyelv és irodalom;közép;rendes;Nem;magyar;4;77;77;megjelent;36;10;18;12;1;0;77;-;-;-;-
2020;1;Szabolcs-Szatmár-Bereg;12;gimnázium;férfi;nappali;magyar nyelv és irodalom;közép;rendes;Nem;magyar;4;77;77;megjelent;32;10;19;14;0;2;77;-;-;-;-
2020;1;Szabolcs-Szatmár-Bereg;12;gimnázium;férfi;nappali;magyar nyelv és irodalom;közép;rendes;Nem;magyar;4;61;61;megjelent;28;9;15;7;2;0;61;-;-;-;-
2020;1;Szabolcs-Szatmár-Bereg;12;gimnázium;férfi;nappali;magyar nyelv és irodalom;közép;rendes;Nem;magyar;4;71;71;megjelent;27;10;15;11;6;2;71;-;-;-;-
2020;1;Szabolcs-Szatmár-Bereg;12;gimnázium;nő;nappali;magyar nyelv és irodalom;közép;rendes;Nem;magyar;4;76;76;megjelent;32;9;19;15;0;1;76;-;-;-;-
2020;1;Szabolcs-Szatmár-Bereg;12;gimnázium;férfi;nappali;magyar nyelv és irodalom;közép;rendes;Nem;magyar;4;76;76;megjelent;31;10;18;13;2;2;76;-;-;-;-
2020;1;Szabolcs-Szatmár-Bereg;12;gimnázium;férfi;nappali;magyar nyelv és irodalom;közép;rendes;Nem;magyar;5;86;86;megjelent;35;10;22;15;3;1;86;-;-;-;-
2020;1;Szabolcs-Szatmár-Bereg;12;gimnázium;férfi;nappali;magyar nyelv és irodalom;közép;rendes;Nem;magyar;5;85;85;megjelent;32;10;19;15;8;1;85;-;-;-;-
2020;1;Szabolcs-Szatmár-Bereg;12;gimnázium;nő;nappali;magyar nyelv és irodalom;közép;rendes;Nem;magyar;5;86;86;megjelent;34;10;23;15;3;1;86;-;-;-;-
2020;1;Szabolcs-Szatmár-Bereg;12;gimnázium;férfi;nappali;magyar nyelv és irodalom;közép;rendes;Nem;magyar;5;89;89;megjelent;37;10;18;15;8;1;89;-;-;-;-
2020;1;Szabolcs-Szatmár-Bereg;12;gimnázium;férfi;nappali;magyar nyelv és irodalom;közép;rendes;Nem;magyar;5;94;94;megjelent;34;10;25;15;8;2;94;-;-;-;-
2020;1;Szabolcs-Szatmár-Bereg;12;gimnázium;férfi;nappali;magyar nyelv és irodalom;közép;rendes;Nem;magyar;3;40;40;megjelent;16;7;13;4;0;0;40;-;-;-;-
2020;1;Szabolcs-Szatmár-Bereg;12;szakgimnázium/szakközépiskola (2016.09.01-től kifutó rendszerben);nő;nappali;magyar nyelv és irodalom;közép;rendes;Nem;magyar;3;40;40;megjelent;20;4;4;4;6;2;40;-;-;-;-
2020;1;Szabolcs-Szatmár-Bereg;12;gimnázium;nő;nappali;magyar nyelv és irodalom;közép;rendes;Nem;magyar;5;84;84;megjelent;30;10;25;12;5;2;84;-;-;-;-
2020;1;Szabolcs-Szatmár-Bereg;12;szakgimnázium/szakközépiskola (2016.09.01-től kifutó rendszerben);nő;nappali;magyar nyelv és irodalom;közép;rendes;Nem;magyar;3;50;50;megjelent;32;6;7;3;1;1;50;-;-;-;-
2020;1;Szabolcs-Szatmár-Bereg;12;szakgimnázium/szakközépiskola (2016.09.01-től kifutó rendszerben);nő;nappali;magyar nyelv és irodalom;közép;rendes;Nem;magyar;3;40;40;megjelent;19;3;6;3;7;2;40;-;-;-;-
2020;1;Szabolcs-Szatmár-Bereg;12;gimnázium;férfi;nappali;magyar nyelv és irodalom;közép;rendes;Igen;magyar;5;80;40;megjelent;-;-;-;-;-;-;-;20;8;12;40
2020;1;Szabolcs-Szatmár-Bereg;12;szakgimnázium/szakközépiskola (2016.09.01-től kifutó rendszerben);nő;nappali;magyar nyelv és irodalom;közép;rendes;Nem;magyar;4;60;60;megjelent;32;7;14;7;0;0;60;-;-;-;-
2020;1;Szabolcs-Szatmár-Bereg;12;gimnázium;nő;nappali;magyar nyelv és irodalom;közép;rendes;Nem;magyar;5;88;88;megjelent;33;10;20;15;8;2;88;-;-;-;-
2020;1;Szabolcs-Szatmár-Bereg;12;szakgimnázium/szakközépiskola (2016.09.01-től kifutó rendszerben);nő;nappali;magyar nyelv és irodalom;közép;rendes;Nem;magyar;2;27;27;megjelent;18;2;4;3;0;0;27;-;-;-;-
2020;1;Szabolcs-Szatmár-Bereg;12;gimnázium;férfi;nappali;magyar nyelv és irodalom;közép;rendes;Nem;magyar;4;68;68;megjelent;35;7;14;9;1;2;68;-;-;-;-
2020;1;Szabolcs-Szatmár-Bereg;12;gimnázium;nő;nappali;magyar nyelv és irodalom;közép;rendes;Nem;magyar;5;88;88;megjelent;32;9;23;15;8;1;88;-;-;-;-
2020;1;Szabolcs-Szatmár-Bereg;12;gimnázium;férfi;nappali;magyar nyelv és irodalom;közép;rendes;Nem;magyar;4;72;72;megjelent;27;9;15;15;5;1;72;-;-;-;-
2020;1;Szabolcs-Szatmár-Bereg;12;szakgimnázium/szakközépiskola (2016.09.01-től kifutó rendszerben);nő;nappali;magyar nyelv és irodalom;közép;rendes;Nem;magyar;3;40;40;megjelent;12;7;9;3;8;1;40;-;-;-;-
2020;1;Szabolcs-Szatmár-Bereg;12;gimnázium;férfi;nappali;magyar nyelv és irodalom;közép;rendes;Nem;magyar;4;73;73;megjelent;26;10;22;15;0;0;73;-;-;-;-
2020;1;Szabolcs-Szatmár-Bereg;12;gimnázium;férfi;nappali;magyar nyelv és irodalom;közép;rendes;Nem;magyar;4;66;66;megjelent;32;10;10;12;1;1;66;-;-;-;-
2020;1;Szabolcs-Szatmár-Bereg;12;szakgimnázium/szakközépiskola (2016.09.01-től kifutó rendszerben);férfi;nappali;magyar nyelv és irodalom;közép;rendes;Nem;magyar;3;51;51;megjelent;28;5;10;6;0;2;51;-;-;-;-
2020;1;Szabolcs-Szatmár-Bereg;12;szakgimnázium/szakközépiskola (2016.09.01-től kifutó rendszerben);nő;nappali;magyar nyelv és irodalom;közép;rendes;Nem;magyar;4;60;60;megjelent;25;9;15;9;0;2;60;-;-;-;-
2020;1;Szabolcs-Szatmár-Bereg;12;gimnázium;nő;nappali;magyar nyelv és irodalom;közép;rendes;Nem;magyar;5;82;82;megjelent;35;10;21;12;2;2;82;-;-;-;-
2020;1;Szabolcs-Szatmár-Bereg;12;szakgimnázium/szakközépiskola (2016.09.01-től kifutó rendszerben);nő;nappali;magyar nyelv és irodalom;közép;rendes;Nem;magyar;3;40;40;megjelent;24;4;5;4;1;2;40;-;-;-;-
2020;1;Szabolcs-Szatmár-Bereg;12;gimnázium;férfi;nappali;magyar nyelv és irodalom;közép;rendes;Nem;magyar;4;60;60;megjelent;27;8;13;9;1;2;60;-;-;-;-
2020;1;Szabolcs-Szatmár-Bereg;12;szakgimnázium/szakközépiskola (2016.09.01-től kifutó rendszerben);férfi;nappali;magyar nyelv és irodalom;közép;rendes;Igen;magyar;3;54;27;megjelent;-;-;-;-;-;-;-;15;5;7;27
2020;1;Szabolcs-Szatmár-Bereg;12;szakgimnázium/szakközépiskola (2016.09.01-től kifutó rendszerben);férfi;nappali;magyar nyelv és irodalom;közép;rendes;Nem;magyar;2;28;28;megjelent;21;0;4;3;0;0;28;-;-;-;-
2020;1;Szabolcs-Szatmár-Bereg;12;szakgimnázium/szakközépiskola (2016.09.01-től kifutó rendszerben);férfi;nappali;magyar nyelv és irodalom;közép;rendes;Nem;magyar;2;32;32;megjelent;24;2;4;2;0;0;32;-;-;-;-
2020;1;Szabolcs-Szatmár-Bereg;12;szakgimnázium/szakközépiskola (2016.09.01-től kifutó rendszerben);férfi;nappali;magyar nyelv és irodalom;közép;rendes;Nem;magyar;2;30;30;megjelent;20;1;3;3;3;0;30;-;-;-;-
2020;1;Szabolcs-Szatmár-Bereg;12;szakgimnázium/szakközépiskola (2016.09.01-től kifutó rendszerben);férfi;nappali;magyar nyelv és irodalom;közép;rendes;Nem;magyar;2;35;35;megjelent;18;4;7;4;0;2;35;-;-;-;-
2020;1;Szabolcs-Szatmár-Bereg;4;gimnázium;nő;nappali;magyar nyelv és irodalom;közép;rendes;Igen;magyar;2;36;34;megjelent;21;5;4;3;0;1;34;-;-;-;-
2020;1;Szabolcs-Szatmár-Bereg;12;szakgimnázium/szakközépiskola (2016.09.01-től kifutó rendszerben);férfi;nappali;magyar nyelv és irodalom;közép;rendes;Nem;magyar;3;42;42;megjelent;26;2;6;3;4;1;42;-;-;-;-
2020;1;Szabolcs-Szatmár-Bereg;12;szakgimnázium/szakközépiskola (2016.09.01-től kifutó rendszerben);férfi;nappali;magyar nyelv és irodalom;közép;rendes;Nem;magyar;2;31;31;megjelent;20;2;5;3;0;1;31;-;-;-;-
2020;1;Szabolcs-Szatmár-Bereg;12;gimnázium;nő;nappali;magyar nyelv és irodalom;közép;rendes;Nem;magyar;5;81;81;megjelent;30;9;19;14;7;2;81;-;-;-;-
2020;1;Szabolcs-Szatmár-Bereg;12;gimnázium;férfi;nappali;magyar nyelv és irodalom;közép;rendes;Nem;magyar;5;82;82;megjelent;35;9;19;12;6;1;82;-;-;-;-
2020;1;Szabolcs-Szatmár-Bereg;12;gimnázium;férfi;nappali;magyar nyelv és irodalom;közép;rendes;Nem;magyar;4;65;65;megjelent;28;8;15;8;4;2;65;-;-;-;-
2020;1;Szabolcs-Szatmár-Bereg;12;gimnázium;férfi;nappali;magyar nyelv és irodalom;közép;rendes;Nem;magyar;3;53;53;megjelent;26;7;10;10;0;0;53;-;-;-;-
2020;1;Szabolcs-Szatmár-Bereg;12;gimnázium;férfi;nappali;magyar nyelv és irodalom;közép;rendes;Nem;magyar;4;60;60;megjelent;30;6;13;11;0;0;60;-;-;-;-
2020;1;Szabolcs-Szatmár-Bereg;12;gimnázium;nő;nappali;magyar nyelv és irodalom;közép;rendes;Nem;magyar;4;74;74;megjelent;32;9;16;12;3;2;74;-;-;-;-
2020;1;Szabolcs-Szatmár-Bereg;12;gimnázium;férfi;nappali;magyar nyelv és irodalom;közép;rendes;Nem;magyar;4;60;60;megjelent;33;3;10;10;2;2;60;-;-;-;-
2020;1;Szabolcs-Szatmár-Bereg;12;gimnázium;nő;nappali;magyar nyelv és irodalom;közép;rendes;Nem;magyar;4;76;76;megjelent;35;8;17;11;3;2;76;-;-;-;-
2020;1;Szabolcs-Szatmár-Bereg;12;gimnázium;nő;nappali;magyar nyelv és irodalom;közép;rendes;Nem;magyar;4;60;60;megjelent;26;9;14;10;0;1;60;-;-;-;-
2020;1;Szabolcs-Szatmár-Bereg;12;gimnázium;férfi;nappali;magyar nyelv és irodalom;közép;rendes;Nem;magyar;4;70;70;megjelent;33;8;17;11;0;1;70;-;-;-;-
2020;1;Szabolcs-Szatmár-Bereg;12;gimnázium;nő;nappali;magyar nyelv és irodalom;közép;rendes;Nem;magyar;5;85;85;megjelent;33;10;18;14;8;2;85;-;-;-;-
2020;1;Szabolcs-Szatmár-Bereg;12;szakgimnázium/szakközépiskola (2016.09.01-től kifutó rendszerben);férfi;nappali;magyar nyelv és irodalom;közép;rendes;Nem;magyar;3;42;42;megjelent;12;7;14;9;0;0;42;-;-;-;-
2020;1;Szabolcs-Szatmár-Bereg;12;gimnázium;nő;nappali;magyar nyelv és irodalom;közép;rendes;Nem;magyar;5;80;80;megjelent;34;10;17;14;3;2;80;-;-;-;-
2020;1;Szabolcs-Szatmár-Bereg;12;gimnázium;férfi;nappali;magyar nyelv és irodalom;közép;rendes;Nem;magyar;5;87;87;megjelent;33;10;25;12;5;2;87;-;-;-;-
2020;1;Szabolcs-Szatmár-Bereg;12;gimnázium;nő;nappali;magyar nyelv és irodalom;közép;rendes;Nem;magyar;4;73;73;megjelent;33;9;17;12;0;2;73;-;-;-;-
2020;1;Szabolcs-Szatmár-Bereg;12;gimnázium;férfi;nappali;magyar nyelv és irodalom;közép;rendes;Nem;magyar;4;63;63;megjelent;26;7;17;12;0;1;63;-;-;-;-
2020;1;Szabolcs-Szatmár-Bereg;12;gimnázium;férfi;nappali;magyar nyelv és irodalom;közép;rendes;Nem;magyar;5;85;85;megjelent;36;8;19;15;6;1;85;-;-;-;-
2020;1;Szabolcs-Szatmár-Bereg;12;gimnázium;nő;nappali;magyar nyelv és irodalom;közép;rendes;Nem;magyar;4;74;74;megjelent;29;10;19;14;0;2;74;-;-;-;-
2020;1;Szabolcs-Szatmár-Bereg;12;gimnázium;nő;nappali;magyar nyelv és irodalom;közép;rendes;Nem;magyar;4;73;73;megjelent;33;9;18;11;0;2;73;-;-;-;-
2020;1;Szabolcs-Szatmár-Bereg;12;gimnázium;nő;nappali;magyar nyelv és irodalom;közép;rendes;Nem;magyar;5;81;81;megjelent;35;9;18;13;4;2;81;-;-;-;-
2020;1;Szabolcs-Szatmár-Bereg;12;gimnázium;nő;nappali;magyar nyelv és irodalom;közép;rendes;Nem;magyar;4;73;73;megjelent;28;8;15;14;6;2;73;-;-;-;-
2020;1;Szabolcs-Szatmár-Bereg;12;gimnázium;nő;nappali;magyar nyelv és irodalom;közép;rendes;Nem;magyar;4;68;68;megjelent;25;9;18;14;0;2;68;-;-;-;-
2020;1;Szabolcs-Szatmár-Bereg;12;gimnázium;nő;nappali;magyar nyelv és irodalom;közép;rendes;Nem;magyar;4;70;70;megjelent;29;8;17;14;0;2;70;-;-;-;-
2020;1;Szabolcs-Szatmár-Bereg;12;gimnázium;nő;nappali;magyar nyelv és irodalom;közép;rendes;Nem;magyar;5;83;83;megjelent;35;9;17;14;6;2;83;-;-;-;-
2020;1;Szabolcs-Szatmár-Bereg;12;gimnázium;nő;nappali;magyar nyelv és irodalom;közép;rendes;Nem;magyar;5;80;80;megjelent;32;9;18;14;6;1;80;-;-;-;-
2020;1;Szabolcs-Szatmár-Bereg;12;gimnázium;nő;nappali;magyar nyelv és irodalom;közép;rendes;Nem;magyar;4;70;70;megjelent;29;9;17;13;0;2;70;-;-;-;-
2020;1;Szabolcs-Szatmár-Bereg;12;gimnázium;férfi;nappali;magyar nyelv és irodalom;közép;rendes;Nem;magyar;5;81;81;megjelent;38;10;18;13;0;2;81;-;-;-;-
2020;1;Szabolcs-Szatmár-Bereg;12;gimnázium;nő;nappali;magyar nyelv és irodalom;közép;rendes;Nem;magyar;5;81;81;megjelent;33;8;18;14;6;2;81;-;-;-;-
2020;1;Szabolcs-Szatmár-Bereg;12;gimnázium;nő;nappali;magyar nyelv és irodalom;közép;rendes;Nem;magyar;5;97;97;megjelent;39;10;25;15;6;2;97;-;-;-;-
2020;1;Szabolcs-Szatmár-Bereg;12;gimnázium;nő;nappali;magyar nyelv és irodalom;közép;rendes;Nem;magyar;5;81;81;megjelent;29;7;25;12;6;2;81;-;-;-;-
2020;1;Szabolcs-Szatmár-Bereg;12;szakgimnázium/szakközépiskola (2016.09.01-től kifutó rendszerben);férfi;nappali;magyar nyelv és irodalom;közép;rendes;Nem;magyar;4;63;63;megjelent;30;9;14;9;0;1;63;-;-;-;-
2020;1;Szabolcs-Szatmár-Bereg;12;szakgimnázium/szakközépiskola (2016.09.01-től kifutó rendszerben);nő;nappali;magyar nyelv és irodalom;közép;rendes;Nem;magyar;3;55;55;megjelent;25;8;13;8;0;1;55;-;-;-;-
2020;1;Szabolcs-Szatmár-Bereg;12;szakgimnázium/szakközépiskola (2016.09.01-től kifutó rendszerben);férfi;nappali;magyar nyelv és irodalom;közép;rendes;Nem;magyar;3;46;46;megjelent;20;5;13;6;0;2;46;-;-;-;-
2020;1;Szabolcs-Szatmár-Bereg;12;szakgimnázium/szakközépiskola (2016.09.01-től kifutó rendszerben);nő;nappali;magyar nyelv és irodalom;közép;rendes;Nem;magyar;4;72;72;megjelent;27;10;20;12;1;2;72;-;-;-;-
2020;1;Szabolcs-Szatmár-Bereg;12;szakgimnázium/szakközépiskola (2016.09.01-től kifutó rendszerben);férfi;nappali;magyar nyelv és irodalom;közép;rendes;Nem;magyar;3;48;48;megjelent;29;4;9;6;0;0;48;-;-;-;-
2020;1;Szabolcs-Szatmár-Bereg;12;szakgimnázium/szakközépiskola (2016.09.01-től kifutó rendszerben);nő;nappali;magyar nyelv és irodalom;közép;rendes;Nem;magyar;3;40;40;megjelent;17;6;10;5;0;2;40;-;-;-;-
2020;1;Szabolcs-Szatmár-Bereg;12;szakgimnázium/szakközépiskola (2016.09.01-től kifutó rendszerben);nő;nappali;magyar nyelv és irodalom;közép;rendes;Igen;magyar;3;52;48;megjelent;25;5;9;7;0;2;48;-;-;-;-
2020;1;Szabolcs-Szatmár-Bereg;12;gimnázium;nő;nappali;magyar nyelv és irodalom;közép;rendes;Nem;magyar;5;80;80;megjelent;31;10;23;11;3;2;80;-;-;-;-
2020;1;Szabolcs-Szatmár-Bereg;12;szakgimnázium/szakközépiskola (2016.09.01-től kifutó rendszerben);nő;nappali;magyar nyelv és irodalom;közép;rendes;Nem;magyar;4;71;71;megjelent;28;10;16;12;3;2;71;-;-;-;-
2020;1;Szabolcs-Szatmár-Bereg;12;szakgimnázium/szakközépiskola (2016.09.01-től kifutó rendszerben);nő;nappali;magyar nyelv és irodalom;közép;rendes;Nem;magyar;4;72;72;megjelent;30;7;18;14;1;2;72;-;-;-;-
2020;1;Szabolcs-Szatmár-Bereg;12;szakgimnázium/szakközépiskola (2016.09.01-től kifutó rendszerben);férfi;nappali;magyar nyelv és irodalom;közép;rendes;Igen;magyar;3;40;36;megjelent;21;3;7;5;0;0;36;-;-;-;-
2020;1;Szabolcs-Szatmár-Bereg;12;szakgimnázium/szakközépiskola (2016.09.01-től kifutó rendszerben);nő;nappali;magyar nyelv és irodalom;közép;rendes;Nem;magyar;3;56;56;megjelent;26;6;14;8;0;2;56;-;-;-;-
2020;1;Szabolcs-Szatmár-Bereg;12;szakgimnázium/szakközépiskola (2016.09.01-től kifutó rendszerben);férfi;nappali;magyar nyelv és irodalom;közép;rendes;Nem;magyar;2;31;31;megjelent;24;0;4;3;0;0;31;-;-;-;-
2020;1;Szabolcs-Szatmár-Bereg;12;szakgimnázium/szakközépiskola (2016.09.01-től kifutó rendszerben);nő;nappali;magyar nyelv és irodalom;közép;rendes;Nem;magyar;5;82;82;megjelent;31;10;19;12;8;2;82;-;-;-;-
2020;1;Szabolcs-Szatmár-Bereg;12;szakgimnázium/szakközépiskola (2016.09.01-től kifutó rendszerben);férfi;nappali;magyar nyelv és irodalom;közép;rendes;Nem;magyar;3;46;46;megjelent;20;7;12;6;0;1;46;-;-;-;-
2020;1;Szabolcs-Szatmár-Bereg;12;gimnázium;férfi;nappali;magyar nyelv és irodalom;közép;rendes;Igen;magyar;3;57;52;megjelent;31;5;10;6;0;0;52;-;-;-;-
2020;1;Szabolcs-Szatmár-Bereg;12;szakgimnázium/szakközépiskola (2016.09.01-től kifutó rendszerben);férfi;nappali;magyar nyelv és irodalom;közép;rendes;Nem;magyar;3;48;48;megjelent;18;8;12;8;0;2;48;-;-;-;-
2020;1;Szabolcs-Szatmár-Bereg;12;gimnázium;nő;nappali;magyar nyelv és irodalom;közép;rendes;Nem;magyar;4;62;62;megjelent;33;8;5;8;6;2;62;-;-;-;-
2020;1;Szabolcs-Szatmár-Bereg;12;szakgimnázium/szakközépiskola (2016.09.01-től kifutó rendszerben);nő;nappali;magyar nyelv és irodalom;közép;rendes;Nem;magyar;3;41;41;megjelent;23;5;7;5;0;1;41;-;-;-;-
2020;1;Szabolcs-Szatmár-Bereg;12;gimnázium;nő;nappali;magyar nyelv és irodalom;közép;rendes;Nem;magyar;4;61;61;megjelent;27;8;14;10;0;2;61;-;-;-;-
2020;1;Szabolcs-Szatmár-Bereg;12;szakgimnázium/szakközépiskola (2016.09.01-től kifutó rendszerben);nő;nappali;magyar nyelv és irodalom;közép;rendes;Nem;magyar;3;50;50;megjelent;23;6;12;7;0;2;50;-;-;-;-
2020;1;Szabolcs-Szatmár-Bereg;12;gimnázium;nő;nappali;magyar nyelv és irodalom;közép;rendes;Nem;magyar;2;36;36;megjelent;24;4;2;4;0;2;36;-;-;-;-
2020;1;Szabolcs-Szatmár-Bereg;12;szakgimnázium/szakközépiskola (2016.09.01-től kifutó rendszerben);nő;nappali;magyar nyelv és irodalom;közép;rendes;Nem;magyar;4;65;65;megjelent;32;8;14;9;0;2;65;-;-;-;-
2020;1;Szabolcs-Szatmár-Bereg;12;gimnázium;nő;nappali;magyar nyelv és irodalom;közép;rendes;Nem;magyar;4;76;76;megjelent;36;7;15;12;4;2;76;-;-;-;-
2020;1;Szabolcs-Szatmár-Bereg;12;szakgimnázium/szakközépiskola (2016.09.01-től kifutó rendszerben);férfi;nappali;magyar nyelv és irodalom;közép;rendes;Nem;magyar;3;41;41;megjelent;24;5;7;5;0;0;41;-;-;-;-
2020;1;Szabolcs-Szatmár-Bereg;12;gimnázium;férfi;nappali;magyar nyelv és irodalom;közép;rendes;Nem;magyar;3;41;41;megjelent;31;3;2;4;0;1;41;-;-;-;-
2020;1;Szabolcs-Szatmár-Bereg;12;szakgimnázium/szakközépiskola (2016.09.01-től kifutó rendszerben);nő;nappali;magyar nyelv és irodalom;közép;rendes;Nem;magyar;4;70;70;megjelent;27;9;19;14;0;1;70;-;-;-;-
2020;1;Szabolcs-Szatmár-Bereg;12;gimnázium;nő;nappali;magyar nyelv és irodalom;közép;rendes;Nem;magyar;4;60;60;megjelent;34;6;10;8;0;2;60;-;-;-;-
2020;1;Szabolcs-Szatmár-Bereg;12;gimnázium;férfi;nappali;magyar nyelv és irodalom;közép;rendes;Nem;magyar;3;50;50;megjelent;33;6;5;5;0;1;50;-;-;-;-
2020;1;Szabolcs-Szatmár-Bereg;12;gimnázium;férfi;nappali;magyar nyelv és irodalom;közép;rendes;Nem;magyar;3;40;40;megjelent;29;3;3;4;0;1;40;-;-;-;-
2020;1;Szabolcs-Szatmár-Bereg;12;gimnázium;férfi;nappali;magyar nyelv és irodalom;közép;rendes;Igen;magyar;4;60;56;megjelent;34;6;10;5;0;1;56;-;-;-;-
2020;1;Szabolcs-Szatmár-Bereg;12;gimnázium;férfi;nappali;magyar nyelv és irodalom;közép;rendes;Nem;magyar;4;69;69;megjelent;31;6;20;11;0;1;69;-;-;-;-
2020;1;Szabolcs-Szatmár-Bereg;12;gimnázium;férfi;nappali;magyar nyelv és irodalom;közép;rendes;Nem;magyar;2;36;36;megjelent;24;4;2;4;0;2;36;-;-;-;-
2020;1;Szabolcs-Szatmár-Bereg;12;gimnázium;férfi;nappali;magyar nyelv és irodalom;közép;rendes;Nem;magyar;4;61;61;megjelent;27;5;16;10;1;2;61;-;-;-;-
2020;1;Szabolcs-Szatmár-Bereg;12;gimnázium;nő;nappali;magyar nyelv és irodalom;közép;rendes;Nem;magyar;3;42;42;megjelent;25;5;5;5;0;2;42;-;-;-;-
2020;1;Szabolcs-Szatmár-Bereg;12;gimnázium;férfi;nappali;magyar nyelv és irodalom;közép;rendes;Nem;magyar;5;82;82;megjelent;35;8;22;15;0;2;82;-;-;-;-
2020;1;Szabolcs-Szatmár-Bereg;12;gimnázium;nő;nappali;magyar nyelv és irodalom;közép;rendes;Nem;magyar;3;56;56;megjelent;34;3;9;5;3;2;56;-;-;-;-
2020;1;Szabolcs-Szatmár-Bereg;12;gimnázium;férfi;nappali;magyar nyelv és irodalom;közép;rendes;Nem;magyar;5;83;83;megjelent;33;9;23;10;6;2;83;-;-;-;-
2020;1;Szabolcs-Szatmár-Bereg;12;gimnázium;nő;nappali;magyar nyelv és irodalom;közép;rendes;Nem;magyar;3;44;44;megjelent;30;6;2;4;0;2;44;-;-;-;-
2020;1;Szabolcs-Szatmár-Bereg;12;gimnázium;nő;nappali;magyar nyelv és irodalom;közép;rendes;Nem;magyar;3;55;55;megjelent;30;5;9;7;2;2;55;-;-;-;-
2020;1;Szabolcs-Szatmár-Bereg;12;gimnázium;nő;nappali;magyar nyelv és irodalom;közép;rendes;Igen;magyar;2;35;33;megjelent;19;4;4;4;0;2;33;-;-;-;-
2020;1;Szabolcs-Szatmár-Bereg;12;gimnázium;nő;nappali;magyar nyelv és irodalom;közép;rendes;Nem;magyar;5;93;93;megjelent;36;10;23;14;8;2;93;-;-;-;-
2020;1;Szabolcs-Szatmár-Bereg;12;gimnázium;nő;nappali;magyar nyelv és irodalom;közép;rendes;Nem;magyar;5;97;97;megjelent;38;10;24;15;8;2;97;-;-;-;-
2020;1;Szabolcs-Szatmár-Bereg;12;gimnázium;nő;nappali;magyar nyelv és irodalom;közép;rendes;Nem;magyar;5;98;98;megjelent;38;10;25;15;8;2;98;-;-;-;-
2020;1;Szabolcs-Szatmár-Bereg;12;gimnázium;nő;nappali;magyar nyelv és irodalom;közép;rendes;Nem;magyar;5;95;95;megjelent;36;10;25;15;7;2;95;-;-;-;-
2020;1;Szabolcs-Szatmár-Bereg;12;gimnázium;férfi;nappali;magyar nyelv és irodalom;közép;rendes;Nem;magyar;5;100;100;megjelent;40;10;25;15;8;2;100;-;-;-;-
2020;1;Szabolcs-Szatmár-Bereg;12;gimnázium;nő;nappali;magyar nyelv és irodalom;közép;rendes;Nem;magyar;5;98;98;megjelent;38;10;25;15;8;2;98;-;-;-;-
2020;1;Szabolcs-Szatmár-Bereg;12;gimnázium;férfi;nappali;magyar nyelv és irodalom;közép;rendes;Nem;magyar;5;99;99;megjelent;39;10;25;15;8;2;99;-;-;-;-
2020;1;Szabolcs-Szatmár-Bereg;12;gimnázium;férfi;nappali;magyar nyelv és irodalom;közép;rendes;Nem;magyar;5;99;99;megjelent;39;10;25;15;8;2;99;-;-;-;-
2020;1;Szabolcs-Szatmár-Bereg;12;szakgimnázium/szakközépiskola (2016.09.01-től kifutó rendszerben);nő;nappali;magyar nyelv és irodalom;közép;rendes;Nem;magyar;4;60;60;megjelent;26;7;10;11;4;2;60;-;-;-;-
2020;1;Szabolcs-Szatmár-Bereg;12;gimnázium;nő;nappali;magyar nyelv és irodalom;közép;rendes;Nem;magyar;3;41;41;megjelent;20;7;4;5;5;0;41;-;-;-;-
2020;1;Szabolcs-Szatmár-Bereg;12;gimnázium;nő;nappali;magyar nyelv és irodalom;közép;rendes;Nem;magyar;4;64;64;megjelent;31;6;14;8;5;0;64;-;-;-;-
2020;1;Szabolcs-Szatmár-Bereg;12;gimnázium;nő;nappali;magyar nyelv és irodalom;közép;rendes;Nem;magyar;4;62;62;megjelent;31;9;12;8;2;0;62;-;-;-;-
2020;1;Szabolcs-Szatmár-Bereg;12;gimnázium;férfi;nappali;magyar nyelv és irodalom;közép;rendes;Nem;magyar;4;64;64;megjelent;34;6;14;9;0;1;64;-;-;-;-
2020;1;Szabolcs-Szatmár-Bereg;12;gimnázium;férfi;nappali;magyar nyelv és irodalom;közép;rendes;Nem;magyar;4;64;64;megjelent;35;3;15;8;3;0;64;-;-;-;-
2020;1;Szabolcs-Szatmár-Bereg;12;gimnázium;férfi;nappali;magyar nyelv és irodalom;közép;rendes;Nem;magyar;3;41;41;megjelent;29;0;6;6;0;0;41;-;-;-;-
2020;1;Szabolcs-Szatmár-Bereg;12;gimnázium;férfi;nappali;magyar nyelv és irodalom;közép;rendes;Nem;magyar;3;58;58;megjelent;35;3;9;5;6;0;58;-;-;-;-
2020;1;Szabolcs-Szatmár-Bereg;12;gimnázium;nő;nappali;magyar nyelv és irodalom;közép;rendes;Nem;magyar;3;42;42;megjelent;26;6;4;4;2;0;42;-;-;-;-
2020;1;Szabolcs-Szatmár-Bereg;12;gimnázium;nő;nappali;magyar nyelv és irodalom;közép;rendes;Nem;magyar;5;93;93;megjelent;35;10;25;15;6;2;93;-;-;-;-
2020;1;Szabolcs-Szatmár-Bereg;12;gimnázium;nő;nappali;magyar nyelv és irodalom;közép;rendes;Nem;magyar;4;72;72;megjelent;34;6;15;11;6;0;72;-;-;-;-
2020;1;Szabolcs-Szatmár-Bereg;12;gimnázium;férfi;nappali;magyar nyelv és irodalom;közép;rendes;Nem;magyar;5;94;94;megjelent;36;10;25;15;6;2;94;-;-;-;-
2020;1;Szabolcs-Szatmár-Bereg;12;gimnázium;nő;nappali;magyar nyelv és irodalom;közép;rendes;Nem;magyar;5;82;82;megjelent;34;8;22;12;4;2;82;-;-;-;-
2020;1;Szabolcs-Szatmár-Bereg;12;gimnázium;nő;nappali;magyar nyelv és irodalom;közép;rendes;Nem;magyar;4;66;66;megjelent;26;8;13;10;7;2;66;-;-;-;-
2020;1;Szabolcs-Szatmár-Bereg;12;gimnázium;nő;nappali;magyar nyelv és irodalom;közép;rendes;Nem;magyar;3;45;45;megjelent;27;4;5;5;4;0;45;-;-;-;-
2020;1;Szabolcs-Szatmár-Bereg;12;gimnázium;nő;nappali;magyar nyelv és irodalom;közép;rendes;Nem;magyar;3;54;54;megjelent;28;10;4;5;7;0;54;-;-;-;-
2020;1;Szabolcs-Szatmár-Bereg;12;gimnázium;nő;nappali;magyar nyelv és irodalom;közép;rendes;Nem;magyar;5;99;99;megjelent;39;10;25;15;8;2;99;-;-;-;-
2020;1;Szabolcs-Szatmár-Bereg;12;gimnázium;férfi;nappali;magyar nyelv és irodalom;közép;rendes;Nem;magyar;4;66;66;megjelent;27;5;19;8;7;0;66;-;-;-;-
2020;1;Szabolcs-Szatmár-Bereg;12;gimnázium;nő;nappali;magyar nyelv és irodalom;közép;rendes;Nem;magyar;5;95;95;megjelent;37;10;24;14;8;2;95;-;-;-;-
2020;1;Szabolcs-Szatmár-Bereg;12;gimnázium;nő;nappali;magyar nyelv és irodalom;közép;rendes;Nem;magyar;4;62;62;megjelent;36;8;9;6;1;2;62;-;-;-;-
2020;1;Szabolcs-Szatmár-Bereg;12;gimnázium;nő;nappali;magyar nyelv és irodalom;közép;rendes;Nem;magyar;5;86;86;megjelent;32;10;23;13;6;2;86;-;-;-;-
2020;1;Szabolcs-Szatmár-Bereg;12;gimnázium;nő;nappali;magyar nyelv és irodalom;közép;rendes;Nem;magyar;5;95;95;megjelent;35;10;25;15;8;2;95;-;-;-;-
2020;1;Szabolcs-Szatmár-Bereg;12;szakgimnázium/szakközépiskola (2016.09.01-től kifutó rendszerben);férfi;nappali;magyar nyelv és irodalom;közép;rendes;Nem;magyar;4;66;66;megjelent;33;8;12;11;0;2;66;-;-;-;-
2020;1;Szabolcs-Szatmár-Bereg;12;szakgimnázium/szakközépiskola (2016.09.01-től kifutó rendszerben);nő;nappali;magyar nyelv és irodalom;közép;rendes;Nem;magyar;3;42;42;megjelent;26;5;4;5;0;2;42;-;-;-;-
2020;1;Szabolcs-Szatmár-Bereg;12;szakgimnázium/szakközépiskola (2016.09.01-től kifutó rendszerben);nő;nappali;magyar nyelv és irodalom;közép;rendes;Nem;magyar;5;86;86;megjelent;33;9;25;15;2;2;86;-;-;-;-
2020;1;Szabolcs-Szatmár-Bereg;12;szakgimnázium/szakközépiskola (2016.09.01-től kifutó rendszerben);nő;nappali;magyar nyelv és irodalom;közép;rendes;Nem;magyar;3;51;51;megjelent;27;7;7;8;0;2;51;-;-;-;-
2020;1;Szabolcs-Szatmár-Bereg;12;szakgimnázium/szakközépiskola (2016.09.01-től kifutó rendszerben);férfi;nappali;magyar nyelv és irodalom;közép;rendes;Nem;magyar;4;60;60;megjelent;32;0;15;10;1;2;60;-;-;-;-
2020;1;Szabolcs-Szatmár-Bereg;12;szakgimnázium/szakközépiskola (2016.09.01-től kifutó rendszerben);férfi;nappali;magyar nyelv és irodalom;közép;rendes;Nem;magyar;4;71;71;megjelent;28;7;19;15;0;2;71;-;-;-;-
2020;1;Szabolcs-Szatmár-Bereg;12;szakgimnázium/szakközépiskola (2016.09.01-től kifutó rendszerben);nő;nappali;magyar nyelv és irodalom;közép;rendes;Nem;magyar;5;86;86;megjelent;35;8;20;15;6;2;86;-;-;-;-
2020;1;Szabolcs-Szatmár-Bereg;12;szakgimnázium/szakközépiskola (2016.09.01-től kifutó rendszerben);férfi;nappali;magyar nyelv és irodalom;közép;rendes;Nem;magyar;4;63;63;megjelent;30;10;5;8;8;2;63;-;-;-;-
2020;1;Szabolcs-Szatmár-Bereg;12;szakgimnázium/szakközépiskola (2016.09.01-től kifutó rendszerben);férfi;nappali;magyar nyelv és irodalom;közép;rendes;Nem;magyar;4;65;65;megjelent;30;9;12;12;0;2;65;-;-;-;-
2020;1;Szabolcs-Szatmár-Bereg;12;szakgimnázium/szakközépiskola (2016.09.01-től kifutó rendszerben);nő;nappali;magyar nyelv és irodalom;közép;rendes;Nem;magyar;4;73;73;megjelent;33;9;16;13;0;2;73;-;-;-;-
2020;1;Szabolcs-Szatmár-Bereg;12;szakgimnázium/szakközépiskola (2016.09.01-től kifutó rendszerben);férfi;nappali;magyar nyelv és irodalom;közép;rendes;Nem;magyar;3;55;55;megjelent;37;3;5;8;0;2;55;-;-;-;-
2020;1;Szabolcs-Szatmár-Bereg;12;szakgimnázium/szakközépiskola (2016.09.01-től kifutó rendszerben);férfi;nappali;magyar nyelv és irodalom;közép;rendes;Nem;magyar;3;56;56;megjelent;28;6;12;10;0;0;56;-;-;-;-
2020;1;Szabolcs-Szatmár-Bereg;12;szakgimnázium/szakközépiskola (2016.09.01-től kifutó rendszerben);nő;nappali;magyar nyelv és irodalom;közép;rendes;Nem;magyar;5;86;86;megjelent;33;9;20;15;7;2;86;-;-;-;-
2020;1;Szabolcs-Szatmár-Bereg;12;szakgimnázium/szakközépiskola (2016.09.01-től kifutó rendszerben);nő;nappali;magyar nyelv és irodalom;közép;rendes;Nem;magyar;5;88;88;megjelent;31;9;25;15;6;2;88;-;-;-;-
2020;1;Szabolcs-Szatmár-Bereg;12;szakgimnázium/szakközépiskola (2016.09.01-től kifutó rendszerben);nő;nappali;magyar nyelv és irodalom;közép;rendes;Nem;magyar;4;75;75;megjelent;33;8;19;9;4;2;75;-;-;-;-
2020;1;Szabolcs-Szatmár-Bereg;12;szakgimnázium/szakközépiskola (2016.09.01-től kifutó rendszerben);férfi;nappali;magyar nyelv és irodalom;közép;rendes;Nem;magyar;3;56;56;megjelent;31;6;5;12;0;2;56;-;-;-;-
2020;1;Szabolcs-Szatmár-Bereg;12;gimnázium;férfi;nappali;magyar nyelv és irodalom;közép;rendes;Nem;magyar;5;100;100;megjelent;40;10;25;15;8;2;100;-;-;-;-
2020;1;Szabolcs-Szatmár-Bereg;12;szakgimnázium/szakközépiskola (2016.09.01-től kifutó rendszerben);férfi;nappali;magyar nyelv és irodalom;közép;rendes;Igen;magyar;5;86;43;megjelent;-;-;-;-;-;-;-;20;10;13;43
2020;1;Szabolcs-Szatmár-Bereg;12;szakgimnázium/szakközépiskola (2016.09.01-től kifutó rendszerben);nő;nappali;magyar nyelv és irodalom;közép;rendes;Nem;magyar;5;88;88;megjelent;32;9;25;15;5;2;88;-;-;-;-
2020;1;Szabolcs-Szatmár-Bereg;12;szakgimnázium/szakközépiskola (2016.09.01-től kifutó rendszerben);nő;nappali;magyar nyelv és irodalom;közép;rendes;Nem;magyar;4;76;76;megjelent;32;10;18;14;1;1;76;-;-;-;-
2020;1;Szabolcs-Szatmár-Bereg;12;szakgimnázium/szakközépiskola (2016.09.01-től kifutó rendszerben);férfi;nappali;magyar nyelv és irodalom;közép;rendes;Nem;magyar;5;92;92;megjelent;35;7;25;15;8;2;92;-;-;-;-
2020;1;Szabolcs-Szatmár-Bereg;12;szakgimnázium/szakközépiskola (2016.09.01-től kifutó rendszerben);nő;nappali;magyar nyelv és irodalom;közép;rendes;Nem;magyar;4;73;73;megjelent;34;10;15;9;4;1;73;-;-;-;-
2020;1;Szabolcs-Szatmár-Bereg;12;gimnázium;férfi;nappali;magyar nyelv és irodalom;közép;rendes;Nem;magyar;5;100;100;megjelent;40;10;25;15;8;2;100;-;-;-;-
2020;1;Szabolcs-Szatmár-Bereg;12;szakgimnázium/szakközépiskola (2016.09.01-től kifutó rendszerben);férfi;nappali;magyar nyelv és irodalom;közép;rendes;Nem;magyar;4;75;75;megjelent;34;6;18;10;6;1;75;-;-;-;-
2020;1;Szabolcs-Szatmár-Bereg;12;szakgimnázium/szakközépiskola (2016.09.01-től kifutó rendszerben);férfi;nappali;magyar nyelv és irodalom;közép;rendes;Nem;magyar;3;52;52;megjelent;24;8;12;8;0;0;52;-;-;-;-
2020;1;Szabolcs-Szatmár-Bereg;12;szakgimnázium/szakközépiskola (2016.09.01-től kifutó rendszerben);nő;nappali;magyar nyelv és irodalom;közép;rendes;Nem;magyar;4;77;77;megjelent;34;9;15;10;7;2;77;-;-;-;-
2020;1;Szabolcs-Szatmár-Bereg;12;szakgimnázium/szakközépiskola (2016.09.01-től kifutó rendszerben);férfi;nappali;magyar nyelv és irodalom;közép;rendes;Nem;magyar;3;55;55;megjelent;25;8;9;11;0;2;55;-;-;-;-
2020;1;Szabolcs-Szatmár-Bereg;12;szakgimnázium/szakközépiskola (2016.09.01-től kifutó rendszerben);nő;nappali;magyar nyelv és irodalom;közép;rendes;Nem;magyar;4;70;70;megjelent;32;10;9;9;8;2;70;-;-;-;-
2020;1;Szabolcs-Szatmár-Bereg;12;gimnázium;nő;nappali;magyar nyelv és irodalom;közép;rendes;Nem;magyar;5;97;97;megjelent;38;10;25;15;7;2;97;-;-;-;-
2020;1;Szabolcs-Szatmár-Bereg;12;szakgimnázium/szakközépiskola (2016.09.01-től kifutó rendszerben);nő;nappali;magyar nyelv és irodalom;közép;rendes;Igen;magyar;4;65;59;megjelent;28;9;13;9;0;0;59;-;-;-;-
2020;1;Szabolcs-Szatmár-Bereg;12;szakgimnázium/szakközépiskola (2016.09.01-től kifutó rendszerben);nő;nappali;magyar nyelv és irodalom;közép;rendes;Nem;magyar;3;51;51;megjelent;18;7;10;9;5;2;51;-;-;-;-
2020;1;Szabolcs-Szatmár-Bereg;12;szakgimnázium/szakközépiskola (2016.09.01-től kifutó rendszerben);férfi;nappali;magyar nyelv és irodalom;közép;rendes;Nem;magyar;4;70;70;megjelent;34;8;15;11;1;1;70;-;-;-;-
2020;1;Szabolcs-Szatmár-Bereg;12;szakgimnázium/szakközépiskola (2016.09.01-től kifutó rendszerben);nő;nappali;magyar nyelv és irodalom;közép;rendes;Nem;magyar;4;60;60;megjelent;18;10;14;10;6;2;60;-;-;-;-
2020;1;Szabolcs-Szatmár-Bereg;12;szakgimnázium/szakközépiskola (2016.09.01-től kifutó rendszerben);nő;nappali;magyar nyelv és irodalom;közép;rendes;Nem;magyar;4;76;76;megjelent;21;9;25;15;4;2;76;-;-;-;-
2020;1;Szabolcs-Szatmár-Bereg;12;szakgimnázium/szakközépiskola (2016.09.01-től kifutó rendszerben);nő;nappali;magyar nyelv és irodalom;közép;rendes;Nem;magyar;4;61;61;megjelent;30;8;12;9;2;0;61;-;-;-;-
2020;1;Szabolcs-Szatmár-Bereg;12;szakgimnázium/szakközépiskola (2016.09.01-től kifutó rendszerben);férfi;nappali;magyar nyelv és irodalom;közép;rendes;Nem;magyar;3;56;56;megjelent;29;7;11;8;0;1;56;-;-;-;-
2020;1;Szabolcs-Szatmár-Bereg;12;szakgimnázium/szakközépiskola (2016.09.01-től kifutó rendszerben);férfi;nappali;magyar nyelv és irodalom;közép;rendes;Nem;magyar;4;60;60;megjelent;28;10;13;8;0;1;60;-;-;-;-
2020;1;Szabolcs-Szatmár-Bereg;12;szakgimnázium/szakközépiskola (2016.09.01-től kifutó rendszerben);férfi;nappali;magyar nyelv és irodalom;közép;rendes;Igen;magyar;4;72;36;megjelent;-;-;-;-;-;-;-;18;7;11;36
2020;1;Szabolcs-Szatmár-Bereg;12;szakgimnázium/szakközépiskola (2016.09.01-től kifutó rendszerben);férfi;nappali;magyar nyelv és irodalom;közép;rendes;Nem;magyar;4;64;64;megjelent;27;10;10;10;6;1;64;-;-;-;-
2020;1;Szabolcs-Szatmár-Bereg;12;gimnázium;férfi;nappali;magyar nyelv és irodalom;közép;rendes;Nem;magyar;5;94;94;megjelent;37;10;25;15;5;2;94;-;-;-;-
2020;1;Szabolcs-Szatmár-Bereg;12;szakgimnázium/szakközépiskola (2016.09.01-től kifutó rendszerben);férfi;nappali;magyar nyelv és irodalom;közép;rendes;Nem;magyar;3;47;47;megjelent;30;5;6;6;0;0;47;-;-;-;-
2020;1;Szabolcs-Szatmár-Bereg;12;szakgimnázium/szakközépiskola (2016.09.01-től kifutó rendszerben);nő;nappali;magyar nyelv és irodalom;közép;rendes;Nem;magyar;4;62;62;megjelent;27;9;18;8;0;0;62;-;-;-;-
2020;1;Szabolcs-Szatmár-Bereg;12;szakgimnázium/szakközépiskola (2016.09.01-től kifutó rendszerben);férfi;nappali;magyar nyelv és irodalom;közép;rendes;Nem;magyar;4;67;67;megjelent;29;10;15;11;2;0;67;-;-;-;-
2020;1;Szabolcs-Szatmár-Bereg;12;szakgimnázium/szakközépiskola (2016.09.01-től kifutó rendszerben);férfi;nappali;magyar nyelv és irodalom;közép;rendes;Nem;magyar;3;51;51;megjelent;23;7;14;7;0;0;51;-;-;-;-
2020;1;Szabolcs-Szatmár-Bereg;12;szakgimnázium/szakközépiskola (2016.09.01-től kifutó rendszerben);férfi;nappali;magyar nyelv és irodalom;közép;rendes;Nem;magyar;4;74;74;megjelent;32;8;17;10;6;1;74;-;-;-;-
2020;1;Szabolcs-Szatmár-Bereg;12;szakgimnázium/szakközépiskola (2016.09.01-től kifutó rendszerben);férfi;nappali;magyar nyelv és irodalom;közép;rendes;Nem;magyar;3;43;43;megjelent;18;8;9;8;0;0;43;-;-;-;-
2020;1;Szabolcs-Szatmár-Bereg;12;gimnázium;férfi;nappali;magyar nyelv és irodalom;közép;rendes;Nem;magyar;5;95;95;megjelent;38;10;24;15;6;2;95;-;-;-;-
2020;1;Szabolcs-Szatmár-Bereg;12;gimnázium;férfi;nappali;magyar nyelv és irodalom;közép;rendes;Nem;magyar;5;96;96;megjelent;37;10;24;15;8;2;96;-;-;-;-
2020;1;Szabolcs-Szatmár-Bereg;12;szakgimnázium/szakközépiskola (2016.09.01-től kifutó rendszerben);férfi;nappali;magyar nyelv és irodalom;közép;rendes;Nem;magyar;5;80;80;megjelent;33;9;23;13;1;1;80;-;-;-;-
2020;1;Szabolcs-Szatmár-Bereg;12;szakgimnázium/szakközépiskola (2016.09.01-től kifutó rendszerben);férfi;nappali;magyar nyelv és irodalom;közép;rendes;Nem;magyar;3;51;51;megjelent;28;6;10;7;0;0;51;-;-;-;-
2020;1;Szabolcs-Szatmár-Bereg;12;szakgimnázium/szakközépiskola (2016.09.01-től kifutó rendszerben);férfi;nappali;magyar nyelv és irodalom;közép;rendes;Nem;magyar;3;49;49;megjelent;21;7;14;7;0;0;49;-;-;-;-
2020;1;Szabolcs-Szatmár-Bereg;12;szakgimnázium/szakközépiskola (2016.09.01-től kifutó rendszerben);nő;nappali;magyar nyelv és irodalom;közép;rendes;Nem;magyar;5;81;81;megjelent;35;10;21;12;3;0;81;-;-;-;-
2020;1;Szabolcs-Szatmár-Bereg;12;szakgimnázium/szakközépiskola (2016.09.01-től kifutó rendszerben);férfi;nappali;magyar nyelv és irodalom;közép;rendes;Nem;magyar;3;47;47;megjelent;18;6;12;7;4;0;47;-;-;-;-
2020;1;Szabolcs-Szatmár-Bereg;12;szakgimnázium/szakközépiskola (2016.09.01-től kifutó rendszerben);férfi;nappali;magyar nyelv és irodalom;közép;rendes;Nem;magyar;3;42;42;megjelent;22;4;9;7;0;0;42;-;-;-;-
2020;1;Szabolcs-Szatmár-Bereg;12;szakgimnázium/szakközépiskola (2016.09.01-től kifutó rendszerben);nő;nappali;magyar nyelv és irodalom;közép;rendes;Nem;magyar;4;75;75;megjelent;31;10;20;13;0;1;75;-;-;-;-
2020;1;Szabolcs-Szatmár-Bereg;12;szakgimnázium/szakközépiskola (2016.09.01-től kifutó rendszerben);férfi;nappali;magyar nyelv és irodalom;közép;rendes;Nem;magyar;4;60;60;megjelent;23;9;16;11;0;1;60;-;-;-;-
2020;1;Szabolcs-Szatmár-Bereg;12;szakgimnázium/szakközépiskola (2016.09.01-től kifutó rendszerben);férfi;nappali;magyar nyelv és irodalom;közép;rendes;Nem;magyar;4;69;69;megjelent;26;10;19;13;1;0;69;-;-;-;-
2020;1;Szabolcs-Szatmár-Bereg;12;szakgimnázium/szakközépiskola (2016.09.01-től kifutó rendszerben);férfi;nappali;magyar nyelv és irodalom;közép;rendes;Igen;magyar;3;46;23;megjelent;-;-;-;-;-;-;-;6;7;10;23
2020;1;Szabolcs-Szatmár-Bereg;12;szakgimnázium/szakközépiskola (2016.09.01-től kifutó rendszerben);nő;nappali;magyar nyelv és irodalom;közép;rendes;Nem;magyar;5;80;80;megjelent;33;10;19;15;2;1;80;-;-;-;-
2020;1;Szabolcs-Szatmár-Bereg;12;szakgimnázium/szakközépiskola (2016.09.01-től kifutó rendszerben);nő;nappali;magyar nyelv és irodalom;közép;rendes;Nem;magyar;4;73;73;megjelent;30;10;19;13;0;1;73;-;-;-;-
2020;1;Szabolcs-Szatmár-Bereg;12;szakgimnázium/szakközépiskola (2016.09.01-től kifutó rendszerben);férfi;nappali;magyar nyelv és irodalom;közép;rendes;Nem;magyar;2;36;36;megjelent;20;6;3;4;3;0;36;-;-;-;-
2020;1;Szabolcs-Szatmár-Bereg;12;szakgimnázium/szakközépiskola (2016.09.01-től kifutó rendszerben);férfi;nappali;magyar nyelv és irodalom;közép;rendes;Nem;magyar;3;43;43;megjelent;20;6;11;5;0;1;43;-;-;-;-
2020;1;Szabolcs-Szatmár-Bereg;12;szakgimnázium/szakközépiskola (2016.09.01-től kifutó rendszerben);férfi;nappali;magyar nyelv és irodalom;közép;rendes;Nem;magyar;2;33;33;megjelent;19;7;3;3;0;1;33;-;-;-;-
2020;1;Szabolcs-Szatmár-Bereg;12;szakgimnázium/szakközépiskola (2016.09.01-től kifutó rendszerben);férfi;nappali;magyar nyelv és irodalom;közép;rendes;Nem;magyar;2;33;33;megjelent;20;4;4;4;0;1;33;-;-;-;-
2020;1;Szabolcs-Szatmár-Bereg;12;szakgimnázium/szakközépiskola (2016.09.01-től kifutó rendszerben);férfi;nappali;magyar nyelv és irodalom;közép;rendes;Nem;magyar;2;35;35;megjelent;25;0;5;4;0;1;35;-;-;-;-
2020;1;Szabolcs-Szatmár-Bereg;12;szakgimnázium/szakközépiskola (2016.09.01-től kifutó rendszerben);férfi;nappali;magyar nyelv és irodalom;közép;rendes;Nem;magyar;3;50;50;megjelent;27;9;7;7;0;0;50;-;-;-;-
2020;1;Szabolcs-Szatmár-Bereg;12;szakgimnázium/szakközépiskola (2016.09.01-től kifutó rendszerben);nő;nappali;magyar nyelv és irodalom;közép;rendes;Nem;magyar;3;55;55;megjelent;23;7;15;9;0;1;55;-;-;-;-
2020;1;Szabolcs-Szatmár-Bereg;12;szakgimnázium/szakközépiskola (2016.09.01-től kifutó rendszerben);nő;nappali;magyar nyelv és irodalom;közép;rendes;Nem;magyar;3;53;53;megjelent;22;6;12;9;2;2;53;-;-;-;-
2020;1;Szabolcs-Szatmár-Bereg;12;szakgimnázium/szakközépiskola (2016.09.01-től kifutó rendszerben);férfi;nappali;magyar nyelv és irodalom;közép;rendes;Nem;magyar;3;47;47;megjelent;25;3;12;5;0;2;47;-;-;-;-
2020;1;Szabolcs-Szatmár-Bereg;12;szakgimnázium/szakközépiskola (2016.09.01-től kifutó rendszerben);férfi;nappali;magyar nyelv és irodalom;közép;rendes;Nem;magyar;4;63;63;megjelent;31;7;16;8;0;1;63;-;-;-;-
2020;1;Szabolcs-Szatmár-Bereg;12;szakgimnázium/szakközépiskola (2016.09.01-től kifutó rendszerben);férfi;nappali;magyar nyelv és irodalom;közép;rendes;Igen;magyar;4;74;37;megjelent;-;-;-;-;-;-;-;19;7;11;37
2020;1;Szabolcs-Szatmár-Bereg;12;szakgimnázium/szakközépiskola (2016.09.01-től kifutó rendszerben);férfi;nappali;magyar nyelv és irodalom;közép;rendes;Nem;magyar;4;60;60;megjelent;21;8;19;11;0;1;60;-;-;-;-
2020;1;Szabolcs-Szatmár-Bereg;12;szakgimnázium/szakközépiskola (2016.09.01-től kifutó rendszerben);férfi;nappali;magyar nyelv és irodalom;közép;rendes;Nem;magyar;3;41;41;megjelent;26;5;5;4;0;1;41;-;-;-;-
2020;1;Szabolcs-Szatmár-Bereg;12;szakgimnázium/szakközépiskola (2016.09.01-től kifutó rendszerben);férfi;nappali;magyar nyelv és irodalom;közép;rendes;Nem;magyar;3;41;41;megjelent;20;4;9;7;0;1;41;-;-;-;-
2020;1;Szabolcs-Szatmár-Bereg;12;gimnázium;nő;nappali;magyar nyelv és irodalom;közép;rendes;Nem;magyar;5;96;96;megjelent;36;10;25;15;8;2;96;-;-;-;-
2020;1;Szabolcs-Szatmár-Bereg;12;szakgimnázium/szakközépiskola (2016.09.01-től kifutó rendszerben);nő;nappali;magyar nyelv és irodalom;közép;rendes;Nem;magyar;4;61;61;megjelent;34;8;8;9;0;2;61;-;-;-;-
2020;1;Szabolcs-Szatmár-Bereg;12;gimnázium;nő;nappali;magyar nyelv és irodalom;közép;rendes;Nem;magyar;3;42;42;megjelent;22;6;7;5;0;2;42;-;-;-;-
2020;1;Szabolcs-Szatmár-Bereg;12;gimnázium;nő;nappali;magyar nyelv és irodalom;közép;rendes;Nem;magyar;2;29;29;megjelent;20;0;5;3;0;1;29;-;-;-;-
2020;1;Szabolcs-Szatmár-Bereg;12;gimnázium;férfi;nappali;magyar nyelv és irodalom;közép;rendes;Nem;magyar;2;32;32;megjelent;16;4;8;3;0;1;32;-;-;-;-
2020;1;Szabolcs-Szatmár-Bereg;12;gimnázium;nő;nappali;magyar nyelv és irodalom;közép;rendes;Nem;magyar;3;43;43;megjelent;20;2;12;7;0;2;43;-;-;-;-
2020;1;Szabolcs-Szatmár-Bereg;12;gimnázium;nő;nappali;magyar nyelv és irodalom;közép;rendes;Nem;magyar;5;99;99;megjelent;39;10;25;15;8;2;99;-;-;-;-
2020;1;Szabolcs-Szatmár-Bereg;12;gimnázium;nő;nappali;magyar nyelv és irodalom;közép;rendes;Nem;magyar;5;94;94;megjelent;35;10;25;15;7;2;94;-;-;-;-
2020;1;Szabolcs-Szatmár-Bereg;12;gimnázium;nő;nappali;magyar nyelv és irodalom;közép;rendes;Nem;magyar;5;96;96;megjelent;38;10;24;14;8;2;96;-;-;-;-
2020;1;Szabolcs-Szatmár-Bereg;12;szakgimnázium/szakközépiskola (2016.09.01-től kifutó rendszerben);nő;nappali;magyar nyelv és irodalom;közép;rendes;Igen;magyar;4;60;30;megjelent;-;-;-;-;-;-;-;17;7;6;30
2020;1;Szabolcs-Szatmár-Bereg;12;gimnázium;nő;nappali;magyar nyelv és irodalom;közép;rendes;Nem;magyar;5;81;81;megjelent;34;8;19;13;6;1;81;-;-;-;-
2020;1;Szabolcs-Szatmár-Bereg;12;gimnázium;férfi;nappali;magyar nyelv és irodalom;közép;rendes;Nem;magyar;4;65;65;megjelent;21;8;19;12;3;2;65;-;-;-;-
2020;1;Szabolcs-Szatmár-Bereg;12;gimnázium;nő;nappali;magyar nyelv és irodalom;közép;rendes;Nem;magyar;5;88;88;megjelent;34;10;21;13;8;2;88;-;-;-;-
2020;1;Szabolcs-Szatmár-Bereg;12;gimnázium;nő;nappali;magyar nyelv és irodalom;közép;rendes;Nem;magyar;5;88;88;megjelent;35;10;19;14;8;2;88;-;-;-;-
2020;1;Szabolcs-Szatmár-Bereg;12;gimnázium;nő;nappali;magyar nyelv és irodalom;közép;rendes;Nem;magyar;2;35;35;megjelent;18;5;5;6;0;1;35;-;-;-;-
2020;1;Szabolcs-Szatmár-Bereg;12;gimnázium;férfi;nappali;magyar nyelv és irodalom;közép;rendes;Nem;magyar;5;93;93;megjelent;37;10;22;14;8;2;93;-;-;-;-
2020;1;Szabolcs-Szatmár-Bereg;12;gimnázium;nő;nappali;magyar nyelv és irodalom;közép;rendes;Nem;magyar;5;80;80;megjelent;33;10;19;12;4;2;80;-;-;-;-
2020;1;Szabolcs-Szatmár-Bereg;12;gimnázium;férfi;nappali;magyar nyelv és irodalom;közép;rendes;Nem;magyar;4;62;62;megjelent;25;8;15;12;0;2;62;-;-;-;-
2020;1;Szabolcs-Szatmár-Bereg;12;gimnázium;férfi;nappali;magyar nyelv és irodalom;közép;rendes;Nem;magyar;3;51;51;megjelent;23;6;10;9;1;2;51;-;-;-;-
2020;1;Szabolcs-Szatmár-Bereg;12;gimnázium;nő;nappali;magyar nyelv és irodalom;közép;rendes;Nem;magyar;2;35;35;megjelent;24;0;4;5;0;2;35;-;-;-;-
2020;1;Szabolcs-Szatmár-Bereg;12;gimnázium;férfi;nappali;magyar nyelv és irodalom;közép;rendes;Nem;magyar;4;76;76;megjelent;27;10;18;12;7;2;76;-;-;-;-
2020;1;Szabolcs-Szatmár-Bereg;12;gimnázium;férfi;nappali;magyar nyelv és irodalom;közép;rendes;Nem;magyar;3;46;46;megjelent;20;5;9;7;4;1;46;-;-;-;-
2020;1;Szabolcs-Szatmár-Bereg;12;gimnázium;nő;nappali;magyar nyelv és irodalom;közép;rendes;Nem;magyar;4;72;72;megjelent;27;8;18;12;5;2;72;-;-;-;-
2020;1;Szabolcs-Szatmár-Bereg;12;gimnázium;férfi;nappali;magyar nyelv és irodalom;közép;rendes;Nem;magyar;3;41;41;megjelent;21;6;7;6;0;1;41;-;-;-;-
2020;1;Szabolcs-Szatmár-Bereg;12;gimnázium;férfi;nappali;magyar nyelv és irodalom;közép;rendes;Nem;magyar;5;81;81;megjelent;31;10;23;14;1;2;81;-;-;-;-
2020;1;Szabolcs-Szatmár-Bereg;12;gimnázium;férfi;nappali;magyar nyelv és irodalom;közép;rendes;Nem;magyar;3;54;54;megjelent;25;6;9;8;4;2;54;-;-;-;-
2020;1;Szabolcs-Szatmár-Bereg;12;gimnázium;nő;nappali;magyar nyelv és irodalom;közép;előrehozott;Nem;magyar;2;26;39;megjelent;22;0;0;0;0;0;22;7;3;7;17
2020;1;Szabolcs-Szatmár-Bereg;12;gimnázium;nő;nappali;magyar nyelv és irodalom;közép;rendes;Nem;magyar;5;89;89;megjelent;31;10;23;15;8;2;89;-;-;-;-
2020;1;Szabolcs-Szatmár-Bereg;12;gimnázium;nő;nappali;magyar nyelv és irodalom;közép;rendes;Nem;magyar;3;53;53;megjelent;29;7;5;5;6;1;53;-;-;-;-
2020;1;Szabolcs-Szatmár-Bereg;12;gimnázium;férfi;nappali;magyar nyelv és irodalom;közép;rendes;Nem;magyar;5;97;97;megjelent;39;10;25;15;6;2;97;-;-;-;-
2020;1;Szabolcs-Szatmár-Bereg;12;szakgimnázium/szakközépiskola (2016.09.01-től kifutó rendszerben);férfi;nappali;magyar nyelv és irodalom;közép;rendes;Nem;magyar;3;58;58;megjelent;22;9;14;11;0;2;58;-;-;-;-
2020;1;Szabolcs-Szatmár-Bereg;12;szakgimnázium/szakközépiskola (2016.09.01-től kifutó rendszerben);nő;nappali;magyar nyelv és irodalom;közép;rendes;Nem;magyar;4;69;69;megjelent;23;10;19;15;0;2;69;-;-;-;-
2020;1;Szabolcs-Szatmár-Bereg;12;szakgimnázium/szakközépiskola (2016.09.01-től kifutó rendszerben);férfi;nappali;magyar nyelv és irodalom;közép;rendes;Nem;magyar;3;48;48;megjelent;26;5;9;8;0;0;48;-;-;-;-
2020;1;Szabolcs-Szatmár-Bereg;12;szakgimnázium/szakközépiskola (2016.09.01-től kifutó rendszerben);férfi;nappali;magyar nyelv és irodalom;közép;rendes;Nem;magyar;2;38;38;megjelent;29;5;0;4;0;0;38;-;-;-;-
2020;1;Szabolcs-Szatmár-Bereg;12;szakgimnázium/szakközépiskola (2016.09.01-től kifutó rendszerben);nő;nappali;magyar nyelv és irodalom;közép;rendes;Igen;magyar;2;34;17;megjelent;-;-;-;-;-;-;-;5;5;7;17
2020;1;Szabolcs-Szatmár-Bereg;12;szakgimnázium/szakközépiskola (2016.09.01-től kifutó rendszerben);nő;nappali;magyar nyelv és irodalom;közép;rendes;Igen;magyar;3;50;25;megjelent;-;-;-;-;-;-;-;10;5;10;25
2020;1;Szabolcs-Szatmár-Bereg;12;szakgimnázium/szakközépiskola (2016.09.01-től kifutó rendszerben);nő;nappali;magyar nyelv és irodalom;közép;rendes;Nem;magyar;4;64;64;megjelent;23;9;19;11;0;2;64;-;-;-;-
2020;1;Szabolcs-Szatmár-Bereg;12;szakgimnázium/szakközépiskola (2016.09.01-től kifutó rendszerben);nő;nappali;magyar nyelv és irodalom;közép;rendes;Nem;magyar;5;85;85;megjelent;33;10;25;15;0;2;85;-;-;-;-
2020;1;Szabolcs-Szatmár-Bereg;12;szakgimnázium/szakközépiskola (2016.09.01-től kifutó rendszerben);férfi;nappali;magyar nyelv és irodalom;közép;rendes;Nem;magyar;3;46;46;megjelent;24;3;9;8;0;2;46;-;-;-;-
2020;1;Szabolcs-Szatmár-Bereg;12;szakgimnázium/szakközépiskola (2016.09.01-től kifutó rendszerben);férfi;nappali;magyar nyelv és irodalom;közép;rendes;Nem;magyar;4;60;60;megjelent;15;9;21;13;0;2;60;-;-;-;-
2020;1;Szabolcs-Szatmár-Bereg;12;szakgimnázium/szakközépiskola (2016.09.01-től kifutó rendszerben);férfi;nappali;magyar nyelv és irodalom;közép;rendes;Nem;magyar;3;42;42;megjelent;22;8;4;6;0;2;42;-;-;-;-
2020;1;Szabolcs-Szatmár-Bereg;12;szakgimnázium/szakközépiskola (2016.09.01-től kifutó rendszerben);férfi;nappali;magyar nyelv és irodalom;közép;rendes;Nem;magyar;5;83;83;megjelent;31;10;19;15;6;2;83;-;-;-;-
2020;1;Szabolcs-Szatmár-Bereg;12;szakgimnázium/szakközépiskola (2016.09.01-től kifutó rendszerben);férfi;nappali;magyar nyelv és irodalom;közép;rendes;Nem;magyar;4;60;60;megjelent;26;8;15;10;0;1;60;-;-;-;-
2020;1;Szabolcs-Szatmár-Bereg;12;szakgimnázium/szakközépiskola (2016.09.01-től kifutó rendszerben);nő;nappali;magyar nyelv és irodalom;közép;rendes;Nem;magyar;5;83;83;megjelent;29;10;25;15;2;2;83;-;-;-;-
2020;1;Szabolcs-Szatmár-Bereg;12;gimnázium;nő;nappali;magyar nyelv és irodalom;közép;rendes;Nem;magyar;5;80;80;megjelent;25;9;23;14;8;1;80;-;-;-;-
2020;1;Szabolcs-Szatmár-Bereg;12;gimnázium;nő;nappali;magyar nyelv és irodalom;közép;rendes;Nem;magyar;2;34;34;megjelent;20;4;4;5;0;1;34;-;-;-;-
2020;1;Szabolcs-Szatmár-Bereg;12;gimnázium;nő;nappali;magyar nyelv és irodalom;közép;rendes;Nem;magyar;4;73;73;megjelent;29;9;16;14;4;1;73;-;-;-;-
2020;1;Szabolcs-Szatmár-Bereg;12;gimnázium;férfi;nappali;magyar nyelv és irodalom;közép;rendes;Nem;magyar;4;60;60;megjelent;28;10;9;13;0;0;60;-;-;-;-
2020;1;Szabolcs-Szatmár-Bereg;12;gimnázium;férfi;nappali;magyar nyelv és irodalom;közép;rendes;Nem;magyar;4;60;60;megjelent;23;5;15;14;1;2;60;-;-;-;-
2020;1;Szabolcs-Szatmár-Bereg;12;gimnázium;nő;nappali;magyar nyelv és irodalom;közép;rendes;Nem;magyar;5;90;90;megjelent;35;10;25;15;4;1;90;-;-;-;-
2020;1;Szabolcs-Szatmár-Bereg;12;gimnázium;nő;nappali;magyar nyelv és irodalom;közép;rendes;Nem;magyar;5;90;90;megjelent;34;10;24;14;7;1;90;-;-;-;-
2020;1;Szabolcs-Szatmár-Bereg;12;gimnázium;nő;nappali;magyar nyelv és irodalom;közép;rendes;Nem;magyar;5;80;80;megjelent;28;10;21;15;4;2;80;-;-;-;-
2020;1;Szabolcs-Szatmár-Bereg;12;gimnázium;nő;nappali;magyar nyelv és irodalom;közép;rendes;Nem;magyar;4;77;77;megjelent;26;10;23;15;1;2;77;-;-;-;-
2020;1;Szabolcs-Szatmár-Bereg;12;gimnázium;férfi;nappali;magyar nyelv és irodalom;közép;rendes;Nem;magyar;5;87;87;megjelent;38;10;24;13;0;2;87;-;-;-;-
2020;1;Szabolcs-Szatmár-Bereg;12;gimnázium;nő;nappali;magyar nyelv és irodalom;közép;rendes;Nem;magyar;5;80;80;megjelent;31;10;19;14;5;1;80;-;-;-;-
2020;1;Szabolcs-Szatmár-Bereg;12;gimnázium;férfi;nappali;magyar nyelv és irodalom;közép;rendes;Nem;magyar;5;93;93;megjelent;38;10;23;14;6;2;93;-;-;-;-
2020;1;Szabolcs-Szatmár-Bereg;12;gimnázium;férfi;nappali;magyar nyelv és irodalom;közép;rendes;Nem;magyar;5;91;91;megjelent;36;10;24;15;4;2;91;-;-;-;-
2020;1;Szabolcs-Szatmár-Bereg;12;gimnázium;nő;nappali;magyar nyelv és irodalom;közép;rendes;Nem;magyar;5;90;90;megjelent;36;10;22;14;7;1;90;-;-;-;-
2020;1;Szabolcs-Szatmár-Bereg;12;gimnázium;férfi;nappali;magyar nyelv és irodalom;közép;rendes;Nem;magyar;4;60;60;megjelent;28;6;15;11;0;0;60;-;-;-;-
2020;1;Szabolcs-Szatmár-Bereg;12;gimnázium;nő;nappali;magyar nyelv és irodalom;közép;rendes;Nem;magyar;5;80;80;megjelent;27;9;25;14;4;1;80;-;-;-;-
2020;1;Szabolcs-Szatmár-Bereg;12;gimnázium;nő;nappali;magyar nyelv és irodalom;közép;rendes;Nem;magyar;5;83;83;megjelent;31;10;17;15;8;2;83;-;-;-;-
2020;1;Szabolcs-Szatmár-Bereg;12;gimnázium;nő;nappali;magyar nyelv és irodalom;közép;rendes;Nem;magyar;5;94;94;megjelent;35;10;25;15;8;1;94;-;-;-;-
2020;1;Szabolcs-Szatmár-Bereg;12;gimnázium;nő;nappali;magyar nyelv és irodalom;közép;rendes;Nem;magyar;4;72;72;megjelent;24;9;18;14;6;1;72;-;-;-;-
2020;1;Szabolcs-Szatmár-Bereg;12;gimnázium;férfi;nappali;magyar nyelv és irodalom;közép;rendes;Nem;magyar;5;91;91;megjelent;34;10;25;15;6;1;91;-;-;-;-
2020;1;Szabolcs-Szatmár-Bereg;12;gimnázium;nő;nappali;magyar nyelv és irodalom;közép;rendes;Nem;magyar;5;86;86;megjelent;33;9;19;15;8;2;86;-;-;-;-
2020;1;Szabolcs-Szatmár-Bereg;12;gimnázium;férfi;nappali;magyar nyelv és irodalom;közép;rendes;Nem;magyar;5;81;81;megjelent;34;8;23;15;0;1;81;-;-;-;-
2020;1;Szabolcs-Szatmár-Bereg;12;gimnázium;nő;nappali;magyar nyelv és irodalom;közép;rendes;Nem;magyar;5;91;91;megjelent;34;10;23;15;7;2;91;-;-;-;-
2020;1;Szabolcs-Szatmár-Bereg;12;gimnázium;férfi;nappali;magyar nyelv és irodalom;közép;rendes;Nem;magyar;5;86;86;megjelent;37;10;21;14;3;1;86;-;-;-;-
2020;1;Szabolcs-Szatmár-Bereg;12;gimnázium;férfi;nappali;magyar nyelv és irodalom;közép;rendes;Nem;magyar;5;80;80;megjelent;36;9;19;15;0;1;80;-;-;-;-
2020;1;Szabolcs-Szatmár-Bereg;12;gimnázium;nő;nappali;magyar nyelv és irodalom;közép;rendes;Nem;magyar;5;92;92;megjelent;34;10;24;15;8;1;92;-;-;-;-
2020;1;Szabolcs-Szatmár-Bereg;12;gimnázium;nő;nappali;magyar nyelv és irodalom;közép;rendes;Nem;magyar;5;80;80;megjelent;32;10;23;14;0;1;80;-;-;-;-
2020;1;Szabolcs-Szatmár-Bereg;12;gimnázium;nő;nappali;magyar nyelv és irodalom;közép;rendes;Nem;magyar;5;91;91;megjelent;37;9;23;13;8;1;91;-;-;-;-
2020;1;Szabolcs-Szatmár-Bereg;12;gimnázium;nő;nappali;magyar nyelv és irodalom;közép;rendes;Nem;magyar;5;87;87;megjelent;30;10;23;15;8;1;87;-;-;-;-
2020;1;Szabolcs-Szatmár-Bereg;12;gimnázium;férfi;nappali;magyar nyelv és irodalom;közép;rendes;Nem;magyar;5;81;81;megjelent;34;10;17;15;4;1;81;-;-;-;-
2020;1;Szabolcs-Szatmár-Bereg;12;gimnázium;nő;nappali;magyar nyelv és irodalom;közép;rendes;Nem;magyar;5;86;86;megjelent;35;10;24;15;0;2;86;-;-;-;-
2020;1;Szabolcs-Szatmár-Bereg;12;gimnázium;nő;nappali;magyar nyelv és irodalom;közép;rendes;Nem;magyar;5;90;90;megjelent;34;10;24;15;6;1;90;-;-;-;-
2020;1;Szabolcs-Szatmár-Bereg;12;gimnázium;nő;nappali;magyar nyelv és irodalom;közép;rendes;Nem;magyar;5;87;87;megjelent;33;9;24;15;5;1;87;-;-;-;-
2020;1;Szabolcs-Szatmár-Bereg;12;gimnázium;férfi;nappali;magyar nyelv és irodalom;közép;rendes;Nem;magyar;5;92;92;megjelent;34;10;25;15;7;1;92;-;-;-;-
2020;1;Szabolcs-Szatmár-Bereg;12;gimnázium;nő;nappali;magyar nyelv és irodalom;közép;rendes;Nem;magyar;5;80;80;megjelent;34;10;19;15;0;2;80;-;-;-;-
2020;1;Szabolcs-Szatmár-Bereg;12;gimnázium;nő;nappali;magyar nyelv és irodalom;közép;rendes;Nem;magyar;5;80;80;megjelent;30;10;22;13;5;0;80;-;-;-;-
2020;1;Szabolcs-Szatmár-Bereg;12;gimnázium;férfi;nappali;magyar nyelv és irodalom;közép;rendes;Nem;magyar;4;61;61;megjelent;23;9;14;15;0;0;61;-;-;-;-
2020;1;Szabolcs-Szatmár-Bereg;12;gimnázium;férfi;nappali;magyar nyelv és irodalom;közép;rendes;Nem;magyar;4;64;64;megjelent;32;10;10;12;0;0;64;-;-;-;-
2020;1;Szabolcs-Szatmár-Bereg;12;gimnázium;férfi;nappali;magyar nyelv és irodalom;közép;rendes;Nem;magyar;5;83;83;megjelent;33;10;23;13;2;2;83;-;-;-;-
2020;1;Szabolcs-Szatmár-Bereg;12;gimnázium;nő;nappali;magyar nyelv és irodalom;közép;rendes;Nem;magyar;4;74;74;megjelent;33;7;15;13;5;1;74;-;-;-;-
2020;1;Szabolcs-Szatmár-Bereg;12;gimnázium;nő;nappali;magyar nyelv és irodalom;közép;rendes;Nem;magyar;2;37;37;megjelent;13;6;10;6;0;2;37;-;-;-;-
2020;1;Szabolcs-Szatmár-Bereg;12;gimnázium;férfi;nappali;magyar nyelv és irodalom;közép;rendes;Nem;magyar;3;53;53;megjelent;24;8;10;7;3;1;53;-;-;-;-
2020;1;Szabolcs-Szatmár-Bereg;12;gimnázium;férfi;nappali;magyar nyelv és irodalom;közép;rendes;Nem;magyar;3;42;42;megjelent;16;5;10;9;0;2;42;-;-;-;-
2020;1;Szabolcs-Szatmár-Bereg;12;gimnázium;férfi;nappali;magyar nyelv és irodalom;közép;rendes;Nem;magyar;3;56;56;megjelent;19;7;12;11;5;2;56;-;-;-;-
2020;1;Szabolcs-Szatmár-Bereg;12;gimnázium;nő;nappali;magyar nyelv és irodalom;közép;rendes;Nem;magyar;5;81;81;megjelent;32;9;21;14;3;2;81;-;-;-;-
2020;1;Szabolcs-Szatmár-Bereg;12;gimnázium;nő;nappali;magyar nyelv és irodalom;közép;rendes;Nem;magyar;5;82;82;megjelent;30;10;24;14;2;2;82;-;-;-;-
2020;1;Szabolcs-Szatmár-Bereg;12;gimnázium;férfi;nappali;magyar nyelv és irodalom;közép;rendes;Nem;magyar;3;53;53;megjelent;19;8;14;10;0;2;53;-;-;-;-
2020;1;Szabolcs-Szatmár-Bereg;12;gimnázium;férfi;nappali;magyar nyelv és irodalom;közép;rendes;Nem;magyar;3;46;46;megjelent;16;6;12;10;0;2;46;-;-;-;-
2020;1;Szabolcs-Szatmár-Bereg;12;gimnázium;férfi;nappali;magyar nyelv és irodalom;közép;rendes;Nem;magyar;5;88;88;megjelent;33;10;22;14;7;2;88;-;-;-;-
2020;1;Szabolcs-Szatmár-Bereg;12;gimnázium;nő;nappali;magyar nyelv és irodalom;közép;rendes;Nem;magyar;4;71;71;megjelent;28;8;19;13;1;2;71;-;-;-;-
2020;1;Szabolcs-Szatmár-Bereg;12;gimnázium;nő;nappali;magyar nyelv és irodalom;közép;rendes;Nem;magyar;3;55;55;megjelent;24;6;10;10;3;2;55;-;-;-;-
2020;1;Szabolcs-Szatmár-Bereg;12;gimnázium;nő;nappali;magyar nyelv és irodalom;közép;rendes;Nem;magyar;4;62;62;megjelent;25;6;16;12;1;2;62;-;-;-;-
2020;1;Szabolcs-Szatmár-Bereg;12;gimnázium;nő;nappali;magyar nyelv és irodalom;közép;rendes;Nem;magyar;5;91;91;megjelent;34;10;23;14;8;2;91;-;-;-;-
2020;1;Szabolcs-Szatmár-Bereg;12;gimnázium;férfi;nappali;magyar nyelv és irodalom;közép;rendes;Igen;magyar;3;51;46;megjelent;21;5;12;8;0;0;46;-;-;-;-
2020;1;Szabolcs-Szatmár-Bereg;12;gimnázium;férfi;nappali;magyar nyelv és irodalom;közép;rendes;Nem;magyar;4;71;71;megjelent;31;7;20;12;0;1;71;-;-;-;-
2020;1;Szabolcs-Szatmár-Bereg;12;gimnázium;férfi;nappali;magyar nyelv és irodalom;közép;rendes;Nem;magyar;5;85;85;megjelent;33;10;23;14;3;2;85;-;-;-;-
2020;1;Szabolcs-Szatmár-Bereg;12;gimnázium;férfi;nappali;magyar nyelv és irodalom;közép;rendes;Nem;magyar;4;70;70;megjelent;24;8;16;13;7;2;70;-;-;-;-
2020;1;Szabolcs-Szatmár-Bereg;12;gimnázium;nő;nappali;magyar nyelv és irodalom;közép;rendes;Nem;magyar;5;84;84;megjelent;33;8;19;14;8;2;84;-;-;-;-
2020;1;Szabolcs-Szatmár-Bereg;12;gimnázium;férfi;nappali;magyar nyelv és irodalom;közép;rendes;Nem;magyar;4;66;66;megjelent;28;7;14;14;1;2;66;-;-;-;-
2020;1;Szabolcs-Szatmár-Bereg;12;gimnázium;nő;nappali;magyar nyelv és irodalom;közép;rendes;Nem;magyar;5;86;86;megjelent;34;9;24;14;3;2;86;-;-;-;-
2020;1;Szabolcs-Szatmár-Bereg;12;gimnázium;férfi;nappali;magyar nyelv és irodalom;közép;rendes;Nem;magyar;5;81;81;megjelent;34;10;18;14;3;2;81;-;-;-;-
2020;1;Szabolcs-Szatmár-Bereg;12;gimnázium;nő;nappali;magyar nyelv és irodalom;közép;rendes;Nem;magyar;3;43;43;megjelent;14;6;13;9;0;1;43;-;-;-;-
2020;1;Szabolcs-Szatmár-Bereg;12;szakgimnázium/szakközépiskola (2016.09.01-től kifutó rendszerben);férfi;nappali;magyar nyelv és irodalom;közép;rendes;Nem;magyar;3;56;56;megjelent;28;7;12;8;0;1;56;-;-;-;-
2020;1;Szabolcs-Szatmár-Bereg;12;gimnázium;nő;nappali;magyar nyelv és irodalom;közép;rendes;Nem;magyar;4;64;64;megjelent;20;5;19;13;7;0;64;-;-;-;-
2020;1;Szabolcs-Szatmár-Bereg;12;szakgimnázium/szakközépiskola (2016.09.01-től kifutó rendszerben);férfi;nappali;magyar nyelv és irodalom;közép;rendes;Nem;magyar;3;45;45;megjelent;19;5;13;8;0;0;45;-;-;-;-
2020;1;Szabolcs-Szatmár-Bereg;12;gimnázium;nő;nappali;magyar nyelv és irodalom;közép;rendes;Nem;magyar;5;90;90;megjelent;31;10;24;15;8;2;90;-;-;-;-
2020;1;Szabolcs-Szatmár-Bereg;12;szakgimnázium/szakközépiskola (2016.09.01-től kifutó rendszerben);férfi;nappali;magyar nyelv és irodalom;közép;rendes;Nem;magyar;3;59;59;megjelent;26;6;14;11;0;2;59;-;-;-;-
2020;1;Szabolcs-Szatmár-Bereg;12;szakgimnázium/szakközépiskola (2016.09.01-től kifutó rendszerben);férfi;nappali;magyar nyelv és irodalom;közép;rendes;Nem;magyar;4;64;64;megjelent;28;9;14;12;0;1;64;-;-;-;-
2020;1;Szabolcs-Szatmár-Bereg;12;gimnázium;nő;nappali;magyar nyelv és irodalom;közép;rendes;Nem;magyar;5;90;90;megjelent;35;8;23;15;7;2;90;-;-;-;-
2020;1;Szabolcs-Szatmár-Bereg;12;szakgimnázium/szakközépiskola (2016.09.01-től kifutó rendszerben);férfi;nappali;magyar nyelv és irodalom;közép;rendes;Nem;magyar;3;46;46;megjelent;21;6;9;9;0;1;46;-;-;-;-
2020;1;Szabolcs-Szatmár-Bereg;12;szakgimnázium/szakközépiskola (2016.09.01-től kifutó rendszerben);férfi;nappali;magyar nyelv és irodalom;közép;rendes;Nem;magyar;2;30;30;megjelent;20;4;3;3;0;0;30;-;-;-;-
2020;1;Szabolcs-Szatmár-Bereg;12;szakgimnázium/szakközépiskola (2016.09.01-től kifutó rendszerben);férfi;nappali;magyar nyelv és irodalom;közép;rendes;Nem;magyar;2;39;39;megjelent;20;3;9;6;0;1;39;-;-;-;-
2020;1;Szabolcs-Szatmár-Bereg;12;gimnázium;férfi;nappali;magyar nyelv és irodalom;közép;rendes;Nem;magyar;3;47;47;megjelent;21;5;12;9;0;0;47;-;-;-;-
2020;1;Szabolcs-Szatmár-Bereg;12;szakgimnázium/szakközépiskola (2016.09.01-től kifutó rendszerben);férfi;nappali;magyar nyelv és irodalom;közép;rendes;Nem;magyar;4;64;64;megjelent;22;8;14;12;6;2;64;-;-;-;-
2020;1;Szabolcs-Szatmár-Bereg;12;szakgimnázium/szakközépiskola (2016.09.01-től kifutó rendszerben);férfi;nappali;magyar nyelv és irodalom;közép;rendes;Nem;magyar;5;94;94;megjelent;36;10;23;15;8;2;94;-;-;-;-
2020;1;Szabolcs-Szatmár-Bereg;12;szakgimnázium/szakközépiskola (2016.09.01-től kifutó rendszerben);férfi;nappali;magyar nyelv és irodalom;közép;rendes;Nem;magyar;3;50;50;megjelent;23;7;13;6;0;1;50;-;-;-;-
2020;1;Szabolcs-Szatmár-Bereg;12;gimnázium;nő;nappali;magyar nyelv és irodalom;közép;rendes;Nem;magyar;3;51;51;megjelent;23;6;11;10;0;1;51;-;-;-;-
2020;1;Szabolcs-Szatmár-Bereg;12;gimnázium;nő;nappali;magyar nyelv és irodalom;közép;rendes;Nem;magyar;5;82;82;megjelent;31;8;21;14;7;1;82;-;-;-;-
2020;1;Szabolcs-Szatmár-Bereg;12;gimnázium;nő;nappali;magyar nyelv és irodalom;közép;rendes;Nem;magyar;5;96;96;megjelent;37;10;25;15;8;1;96;-;-;-;-
2020;1;Szabolcs-Szatmár-Bereg;12;gimnázium;férfi;nappali;magyar nyelv és irodalom;közép;rendes;Nem;magyar;4;67;67;megjelent;31;5;18;12;0;1;67;-;-;-;-
2020;1;Szabolcs-Szatmár-Bereg;12;gimnázium;nő;nappali;magyar nyelv és irodalom;közép;rendes;Nem;magyar;4;70;70;megjelent;28;6;19;13;3;1;70;-;-;-;-
2020;1;Szabolcs-Szatmár-Bereg;12;gimnázium;nő;nappali;magyar nyelv és irodalom;közép;rendes;Nem;magyar;5;80;80;megjelent;28;8;24;14;4;2;80;-;-;-;-
2020;1;Szabolcs-Szatmár-Bereg;12;gimnázium;nő;nappali;magyar nyelv és irodalom;közép;rendes;Nem;magyar;5;83;83;megjelent;30;8;22;15;6;2;83;-;-;-;-
2020;1;Szabolcs-Szatmár-Bereg;12;gimnázium;férfi;nappali;magyar nyelv és irodalom;közép;rendes;Nem;magyar;5;80;80;megjelent;33;9;23;15;0;0;80;-;-;-;-
2020;1;Szabolcs-Szatmár-Bereg;12;gimnázium;nő;nappali;magyar nyelv és irodalom;közép;rendes;Nem;magyar;4;74;74;megjelent;29;8;17;13;5;2;74;-;-;-;-
2020;1;Szabolcs-Szatmár-Bereg;12;gimnázium;nő;nappali;magyar nyelv és irodalom;közép;rendes;Nem;magyar;5;80;80;megjelent;28;9;22;14;5;2;80;-;-;-;-
2020;1;Szabolcs-Szatmár-Bereg;12;gimnázium;férfi;nappali;magyar nyelv és irodalom;közép;rendes;Nem;magyar;3;53;53;megjelent;18;5;17;12;0;1;53;-;-;-;-
2020;1;Szabolcs-Szatmár-Bereg;12;gimnázium;nő;nappali;magyar nyelv és irodalom;közép;rendes;Nem;magyar;3;52;52;megjelent;20;6;10;9;5;2;52;-;-;-;-
2020;1;Szabolcs-Szatmár-Bereg;12;gimnázium;nő;nappali;magyar nyelv és irodalom;közép;rendes;Nem;magyar;4;71;71;megjelent;28;5;15;13;8;2;71;-;-;-;-
2020;1;Szabolcs-Szatmár-Bereg;12;gimnázium;nő;nappali;magyar nyelv és irodalom;közép;rendes;Nem;magyar;5;83;83;megjelent;29;8;22;15;8;1;83;-;-;-;-
2020;1;Szabolcs-Szatmár-Bereg;12;gimnázium;férfi;nappali;magyar nyelv és irodalom;közép;rendes;Nem;magyar;4;60;60;megjelent;30;5;17;8;0;0;60;-;-;-;-
2020;1;Szabolcs-Szatmár-Bereg;12;gimnázium;nő;nappali;magyar nyelv és irodalom;közép;rendes;Nem;magyar;5;92;92;megjelent;35;9;25;15;6;2;92;-;-;-;-
2020;1;Szabolcs-Szatmár-Bereg;12;gimnázium;férfi;nappali;magyar nyelv és irodalom;közép;rendes;Nem;magyar;5;90;90;megjelent;35;8;25;15;7;0;90;-;-;-;-
2020;1;Szabolcs-Szatmár-Bereg;12;gimnázium;férfi;nappali;magyar nyelv és irodalom;közép;rendes;Nem;magyar;4;62;62;megjelent;28;8;16;10;0;0;62;-;-;-;-
2020;1;Szabolcs-Szatmár-Bereg;12;gimnázium;nő;nappali;magyar nyelv és irodalom;közép;rendes;Nem;magyar;5;80;80;megjelent;32;8;19;14;5;2;80;-;-;-;-
2020;1;Szabolcs-Szatmár-Bereg;12;gimnázium;nő;nappali;magyar nyelv és irodalom;közép;rendes;Nem;magyar;4;60;60;megjelent;23;6;16;11;3;1;60;-;-;-;-
2020;1;Szabolcs-Szatmár-Bereg;12;gimnázium;férfi;nappali;magyar nyelv és irodalom;közép;rendes;Nem;magyar;5;83;83;megjelent;33;9;23;14;4;0;83;-;-;-;-
2020;1;Szabolcs-Szatmár-Bereg;12;gimnázium;nő;nappali;magyar nyelv és irodalom;közép;rendes;Nem;magyar;4;60;60;megjelent;26;4;13;8;7;2;60;-;-;-;-
2020;1;Szabolcs-Szatmár-Bereg;12;gimnázium;nő;nappali;magyar nyelv és irodalom;közép;rendes;Nem;magyar;5;91;91;megjelent;33;8;25;15;8;2;91;-;-;-;-
2020;1;Szabolcs-Szatmár-Bereg;12;gimnázium;férfi;nappali;magyar nyelv és irodalom;közép;rendes;Nem;magyar;4;65;65;megjelent;24;9;15;8;7;2;65;-;-;-;-
2020;1;Szabolcs-Szatmár-Bereg;12;gimnázium;nő;nappali;magyar nyelv és irodalom;közép;rendes;Nem;magyar;5;80;80;megjelent;30;7;19;15;7;2;80;-;-;-;-
2020;1;Szabolcs-Szatmár-Bereg;12;gimnázium;férfi;nappali;magyar nyelv és irodalom;közép;rendes;Nem;magyar;5;81;81;megjelent;33;6;20;15;7;0;81;-;-;-;-
2020;1;Szabolcs-Szatmár-Bereg;12;gimnázium;nő;nappali;magyar nyelv és irodalom;közép;rendes;Nem;magyar;5;100;100;megjelent;40;10;25;15;8;2;100;-;-;-;-
2020;1;Szabolcs-Szatmár-Bereg;12;gimnázium;nő;nappali;magyar nyelv és irodalom;közép;rendes;Nem;magyar;5;100;100;megjelent;40;10;25;15;8;2;100;-;-;-;-
2020;1;Szabolcs-Szatmár-Bereg;12;gimnázium;nő;nappali;magyar nyelv és irodalom;közép;rendes;Nem;magyar;5;100;100;megjelent;40;10;25;15;8;2;100;-;-;-;-
2020;1;Szabolcs-Szatmár-Bereg;12;szakgimnázium/szakközépiskola (2016.09.01-től kifutó rendszerben);nő;nappali;magyar nyelv és irodalom;közép;rendes;Nem;magyar;3;50;50;megjelent;17;6;14;11;0;2;50;-;-;-;-
2020;1;Szabolcs-Szatmár-Bereg;12;szakgimnázium/szakközépiskola (2016.09.01-től kifutó rendszerben);nő;nappali;magyar nyelv és irodalom;közép;rendes;Nem;magyar;3;44;44;megjelent;16;4;14;8;0;2;44;-;-;-;-
2020;1;Szabolcs-Szatmár-Bereg;12;szakgimnázium/szakközépiskola (2016.09.01-től kifutó rendszerben);férfi;nappali;magyar nyelv és irodalom;közép;rendes;Nem;magyar;4;62;62;megjelent;25;7;18;10;0;2;62;-;-;-;-
2020;1;Szabolcs-Szatmár-Bereg;12;szakgimnázium/szakközépiskola (2016.09.01-től kifutó rendszerben);férfi;nappali;magyar nyelv és irodalom;közép;rendes;Nem;magyar;4;60;60;megjelent;21;8;17;13;0;1;60;-;-;-;-
2020;1;Szabolcs-Szatmár-Bereg;12;szakgimnázium/szakközépiskola (2016.09.01-től kifutó rendszerben);nő;nappali;magyar nyelv és irodalom;közép;rendes;Nem;magyar;5;86;86;megjelent;33;10;19;15;7;2;86;-;-;-;-
2020;1;Szabolcs-Szatmár-Bereg;12;szakgimnázium/szakközépiskola (2016.09.01-től kifutó rendszerben);férfi;nappali;magyar nyelv és irodalom;közép;rendes;Nem;magyar;4;71;71;megjelent;26;9;19;15;0;2;71;-;-;-;-
2020;1;Szabolcs-Szatmár-Bereg;12;szakgimnázium/szakközépiskola (2016.09.01-től kifutó rendszerben);nő;nappali;magyar nyelv és irodalom;közép;rendes;Nem;magyar;4;70;70;megjelent;22;8;25;15;0;0;70;-;-;-;-
2020;1;Szabolcs-Szatmár-Bereg;12;szakgimnázium/szakközépiskola (2016.09.01-től kifutó rendszerben);férfi;nappali;magyar nyelv és irodalom;közép;rendes;Nem;magyar;5;81;81;megjelent;32;9;23;15;0;2;81;-;-;-;-
2020;1;Szabolcs-Szatmár-Bereg;12;szakgimnázium/szakközépiskola (2016.09.01-től kifutó rendszerben);nő;nappali;magyar nyelv és irodalom;közép;rendes;Nem;magyar;4;71;71;megjelent;27;8;19;15;0;2;71;-;-;-;-
2020;1;Szabolcs-Szatmár-Bereg;12;szakgimnázium/szakközépiskola (2016.09.01-től kifutó rendszerben);férfi;nappali;magyar nyelv és irodalom;közép;rendes;Nem;magyar;4;64;64;megjelent;28;7;19;9;0;1;64;-;-;-;-
2020;1;Szabolcs-Szatmár-Bereg;12;szakgimnázium/szakközépiskola (2016.09.01-től kifutó rendszerben);férfi;nappali;magyar nyelv és irodalom;közép;rendes;Nem;magyar;4;63;63;megjelent;24;4;19;14;0;2;63;-;-;-;-
2020;1;Szabolcs-Szatmár-Bereg;12;szakgimnázium/szakközépiskola (2016.09.01-től kifutó rendszerben);férfi;nappali;magyar nyelv és irodalom;közép;rendes;Nem;magyar;4;62;62;megjelent;22;5;23;10;0;2;62;-;-;-;-
2020;1;Szabolcs-Szatmár-Bereg;12;szakgimnázium/szakközépiskola (2016.09.01-től kifutó rendszerben);férfi;nappali;magyar nyelv és irodalom;közép;rendes;Nem;magyar;3;50;50;megjelent;26;3;9;11;0;1;50;-;-;-;-
2020;1;Szabolcs-Szatmár-Bereg;12;szakgimnázium/szakközépiskola (2016.09.01-től kifutó rendszerben);férfi;nappali;magyar nyelv és irodalom;közép;rendes;Nem;magyar;5;80;80;megjelent;33;5;23;15;2;2;80;-;-;-;-
2020;1;Szabolcs-Szatmár-Bereg;12;szakgimnázium/szakközépiskola (2016.09.01-től kifutó rendszerben);férfi;nappali;magyar nyelv és irodalom;közép;rendes;Nem;magyar;4;74;74;megjelent;28;8;19;15;2;2;74;-;-;-;-
2020;1;Szabolcs-Szatmár-Bereg;12;gimnázium;nő;nappali;magyar nyelv és irodalom;közép;rendes;Nem;magyar;5;96;96;megjelent;36;10;25;15;8;2;96;-;-;-;-
2020;1;Szabolcs-Szatmár-Bereg;12;gimnázium;nő;nappali;magyar nyelv és irodalom;közép;rendes;Nem;magyar;3;54;54;megjelent;21;5;17;9;0;2;54;-;-;-;-
2020;1;Szabolcs-Szatmár-Bereg;12;gimnázium;férfi;nappali;magyar nyelv és irodalom;közép;rendes;Nem;magyar;5;92;92;megjelent;33;10;24;15;8;2;92;-;-;-;-
2020;1;Szabolcs-Szatmár-Bereg;12;gimnázium;férfi;nappali;magyar nyelv és irodalom;közép;rendes;Nem;magyar;5;97;97;megjelent;37;10;25;15;8;2;97;-;-;-;-
2020;1;Szabolcs-Szatmár-Bereg;12;gimnázium;férfi;nappali;magyar nyelv és irodalom;közép;rendes;Nem;magyar;3;56;56;megjelent;26;6;14;9;0;1;56;-;-;-;-
2020;1;Szabolcs-Szatmár-Bereg;12;gimnázium;nő;nappali;magyar nyelv és irodalom;közép;rendes;Nem;magyar;3;40;40;megjelent;15;7;7;7;2;2;40;-;-;-;-
2020;1;Szabolcs-Szatmár-Bereg;12;gimnázium;nő;nappali;magyar nyelv és irodalom;közép;rendes;Nem;magyar;4;76;76;megjelent;32;7;18;14;3;2;76;-;-;-;-
2020;1;Szabolcs-Szatmár-Bereg;12;gimnázium;férfi;nappali;magyar nyelv és irodalom;közép;rendes;Nem;magyar;5;80;80;megjelent;33;9;20;14;2;2;80;-;-;-;-
2020;1;Szabolcs-Szatmár-Bereg;12;gimnázium;férfi;nappali;magyar nyelv és irodalom;közép;rendes;Nem;magyar;3;49;49;megjelent;26;4;12;7;0;0;49;-;-;-;-
2020;1;Szabolcs-Szatmár-Bereg;12;gimnázium;nő;nappali;magyar nyelv és irodalom;közép;rendes;Nem;magyar;5;80;80;megjelent;24;10;21;15;8;2;80;-;-;-;-
2020;1;Szabolcs-Szatmár-Bereg;12;gimnázium;nő;nappali;magyar nyelv és irodalom;közép;rendes;Nem;magyar;5;87;87;megjelent;32;10;22;14;7;2;87;-;-;-;-
2020;1;Szabolcs-Szatmár-Bereg;12;gimnázium;férfi;nappali;magyar nyelv és irodalom;közép;rendes;Nem;magyar;5;92;92;megjelent;36;9;23;15;7;2;92;-;-;-;-
2020;1;Szabolcs-Szatmár-Bereg;12;gimnázium;nő;nappali;magyar nyelv és irodalom;közép;rendes;Igen;magyar;3;52;47;megjelent;21;7;9;10;0;0;47;-;-;-;-
2020;1;Szabolcs-Szatmár-Bereg;12;gimnázium;férfi;nappali;magyar nyelv és irodalom;közép;rendes;Nem;magyar;4;67;67;megjelent;28;8;15;11;3;2;67;-;-;-;-
2020;1;Szabolcs-Szatmár-Bereg;12;gimnázium;nő;nappali;magyar nyelv és irodalom;közép;rendes;Nem;magyar;5;80;80;megjelent;29;9;19;15;6;2;80;-;-;-;-
2020;1;Szabolcs-Szatmár-Bereg;12;gimnázium;nő;nappali;magyar nyelv és irodalom;közép;rendes;Igen;magyar;3;40;36;megjelent;14;5;9;8;0;0;36;-;-;-;-
2020;1;Szabolcs-Szatmár-Bereg;12;gimnázium;férfi;nappali;magyar nyelv és irodalom;közép;rendes;Nem;magyar;4;62;62;megjelent;29;9;13;10;0;1;62;-;-;-;-
2020;1;Szabolcs-Szatmár-Bereg;4;gimnázium;férfi;nappali;magyar nyelv és irodalom;közép;rendes;Nem;magyar;4;62;62;megjelent;27;9;11;9;4;2;62;-;-;-;-
2020;1;Szabolcs-Szatmár-Bereg;12;gimnázium;férfi;nappali;magyar nyelv és irodalom;közép;rendes;Nem;magyar;5;80;80;megjelent;33;7;17;15;6;2;80;-;-;-;-
2020;1;Szabolcs-Szatmár-Bereg;4;gimnázium;férfi;nappali;magyar nyelv és irodalom;közép;rendes;Nem;magyar;5;90;90;megjelent;37;10;19;15;8;1;90;-;-;-;-
2020;1;Szabolcs-Szatmár-Bereg;12;gimnázium;nő;nappali;magyar nyelv és irodalom;közép;rendes;Nem;magyar;4;62;62;megjelent;26;9;15;10;0;2;62;-;-;-;-
2020;1;Szabolcs-Szatmár-Bereg;12;gimnázium;nő;nappali;magyar nyelv és irodalom;közép;rendes;Nem;magyar;3;58;58;megjelent;24;7;18;9;0;0;58;-;-;-;-
2020;1;Szabolcs-Szatmár-Bereg;12;gimnázium;nő;nappali;magyar nyelv és irodalom;közép;rendes;Nem;magyar;5;80;80;megjelent;34;9;19;13;3;2;80;-;-;-;-
2020;1;Szabolcs-Szatmár-Bereg;12;gimnázium;nő;nappali;magyar nyelv és irodalom;közép;rendes;Nem;magyar;5;82;82;megjelent;33;8;18;14;7;2;82;-;-;-;-
2020;1;Szabolcs-Szatmár-Bereg;12;gimnázium;nő;nappali;magyar nyelv és irodalom;közép;rendes;Nem;magyar;5;90;90;megjelent;34;10;23;15;6;2;90;-;-;-;-
2020;1;Szabolcs-Szatmár-Bereg;12;gimnázium;nő;nappali;magyar nyelv és irodalom;közép;rendes;Nem;magyar;3;58;58;megjelent;25;7;14;9;1;2;58;-;-;-;-
2020;1;Szabolcs-Szatmár-Bereg;12;gimnázium;férfi;nappali;magyar nyelv és irodalom;közép;rendes;Nem;magyar;4;71;71;megjelent;28;9;19;13;1;1;71;-;-;-;-
2020;1;Szabolcs-Szatmár-Bereg;12;gimnázium;férfi;nappali;magyar nyelv és irodalom;közép;rendes;Nem;magyar;4;61;61;megjelent;26;8;17;10;0;0;61;-;-;-;-
2020;1;Szabolcs-Szatmár-Bereg;12;gimnázium;férfi;nappali;magyar nyelv és irodalom;közép;rendes;Nem;magyar;2;32;32;megjelent;23;1;6;2;0;0;32;-;-;-;-
2020;1;Szabolcs-Szatmár-Bereg;4;gimnázium;nő;nappali;magyar nyelv és irodalom;közép;rendes;Nem;magyar;4;61;61;megjelent;31;0;10;11;7;2;61;-;-;-;-
2020;1;Szabolcs-Szatmár-Bereg;13;gimnázium;nő;nappali;magyar nyelv és irodalom;közép;rendes;Nem;magyar;3;45;45;megjelent;20;10;5;5;3;2;45;-;-;-;-
2020;1;Szabolcs-Szatmár-Bereg;4;gimnázium;nő;nappali;magyar nyelv és irodalom;közép;rendes;Nem;magyar;4;66;66;megjelent;34;0;12;11;8;1;66;-;-;-;-
2020;1;Szabolcs-Szatmár-Bereg;12;szakgimnázium/szakközépiskola (2016.09.01-től kifutó rendszerben);nő;nappali;magyar nyelv és irodalom;közép;rendes;Nem;magyar;3;48;48;megjelent;27;0;10;9;0;2;48;-;-;-;-
2020;1;Szabolcs-Szatmár-Bereg;12;szakgimnázium/szakközépiskola (2016.09.01-től kifutó rendszerben);nő;nappali;magyar nyelv és irodalom;közép;rendes;Nem;magyar;3;43;43;megjelent;23;3;7;8;0;2;43;-;-;-;-
2020;1;Szabolcs-Szatmár-Bereg;12;szakgimnázium/szakközépiskola (2016.09.01-től kifutó rendszerben);férfi;nappali;magyar nyelv és irodalom;közép;rendes;Nem;magyar;3;45;45;megjelent;29;3;5;8;0;0;45;-;-;-;-
2020;1;Szabolcs-Szatmár-Bereg;4;gimnázium;nő;nappali;magyar nyelv és irodalom;közép;rendes;Nem;magyar;5;87;87;megjelent;34;8;25;15;4;1;87;-;-;-;-
2020;1;Szabolcs-Szatmár-Bereg;4;gimnázium;nő;nappali;magyar nyelv és irodalom;közép;rendes;Nem;magyar;3;43;43;megjelent;23;4;9;5;0;2;43;-;-;-;-
2020;1;Szabolcs-Szatmár-Bereg;12;szakgimnázium/szakközépiskola (2016.09.01-től kifutó rendszerben);férfi;nappali;magyar nyelv és irodalom;közép;rendes;Nem;magyar;4;68;68;megjelent;33;10;10;9;4;2;68;-;-;-;-
2020;1;Szabolcs-Szatmár-Bereg;12;szakgimnázium/szakközépiskola (2016.09.01-től kifutó rendszerben);nő;nappali;magyar nyelv és irodalom;közép;rendes;Nem;magyar;3;44;44;megjelent;22;7;5;8;0;2;44;-;-;-;-
2020;1;Szabolcs-Szatmár-Bereg;12;szakgimnázium/szakközépiskola (2016.09.01-től kifutó rendszerben);nő;nappali;magyar nyelv és irodalom;közép;rendes;Nem;magyar;5;80;80;megjelent;30;9;21;15;3;2;80;-;-;-;-
2020;1;Szabolcs-Szatmár-Bereg;12;szakgimnázium/szakközépiskola (2016.09.01-től kifutó rendszerben);férfi;nappali;magyar nyelv és irodalom;közép;rendes;Nem;magyar;3;43;43;megjelent;26;6;5;6;0;0;43;-;-;-;-
2020;1;Szabolcs-Szatmár-Bereg;12;szakgimnázium/szakközépiskola (2016.09.01-től kifutó rendszerben);nő;nappali;magyar nyelv és irodalom;közép;rendes;Nem;magyar;4;61;61;megjelent;25;3;17;14;0;2;61;-;-;-;-
2020;1;Szabolcs-Szatmár-Bereg;12;szakgimnázium/szakközépiskola (2016.09.01-től kifutó rendszerben);nő;nappali;magyar nyelv és irodalom;közép;rendes;Nem;magyar;4;70;70;megjelent;31;10;15;7;5;2;70;-;-;-;-
2020;1;Szabolcs-Szatmár-Bereg;8;gimnázium;nő;nappali;magyar nyelv és irodalom;közép;rendes;Nem;magyar;3;46;46;megjelent;22;7;7;8;1;1;46;-;-;-;-
2020;1;Szabolcs-Szatmár-Bereg;12;szakgimnázium/szakközépiskola (2016.09.01-től kifutó rendszerben);nő;nappali;magyar nyelv és irodalom;közép;rendes;Nem;magyar;2;34;34;megjelent;22;3;4;5;0;0;34;-;-;-;-
2020;1;Szabolcs-Szatmár-Bereg;12;szakgimnázium/szakközépiskola (2016.09.01-től kifutó rendszerben);nő;nappali;magyar nyelv és irodalom;közép;rendes;Nem;magyar;3;47;47;megjelent;18;3;15;9;0;2;47;-;-;-;-
2020;1;Szabolcs-Szatmár-Bereg;8;gimnázium;férfi;nappali;magyar nyelv és irodalom;közép;rendes;Nem;magyar;5;83;83;megjelent;37;9;19;11;5;2;83;-;-;-;-
2020;1;Szabolcs-Szatmár-Bereg;12;szakgimnázium/szakközépiskola (2016.09.01-től kifutó rendszerben);nő;nappali;magyar nyelv és irodalom;közép;rendes;Nem;magyar;4;60;60;megjelent;30;10;11;9;0;0;60;-;-;-;-
2020;1;Szabolcs-Szatmár-Bereg;12;szakgimnázium/szakközépiskola (2016.09.01-től kifutó rendszerben);nő;nappali;magyar nyelv és irodalom;közép;rendes;Nem;magyar;3;41;41;megjelent;22;5;5;7;0;2;41;-;-;-;-
2020;1;Szabolcs-Szatmár-Bereg;12;szakgimnázium/szakközépiskola (2016.09.01-től kifutó rendszerben);nő;nappali;magyar nyelv és irodalom;közép;rendes;Nem;magyar;4;73;73;megjelent;29;7;18;13;4;2;73;-;-;-;-
2020;1;Szabolcs-Szatmár-Bereg;8;gimnázium;férfi;nappali;magyar nyelv és irodalom;közép;rendes;Nem;magyar;3;57;57;megjelent;32;8;7;8;0;2;57;-;-;-;-
2020;1;Szabolcs-Szatmár-Bereg;12;szakgimnázium/szakközépiskola (2016.09.01-től kifutó rendszerben);nő;nappali;magyar nyelv és irodalom;közép;rendes;Nem;magyar;3;41;41;megjelent;22;0;9;8;0;2;41;-;-;-;-
2020;1;Szabolcs-Szatmár-Bereg;12;szakgimnázium/szakközépiskola (2016.09.01-től kifutó rendszerben);férfi;nappali;magyar nyelv és irodalom;közép;rendes;Nem;magyar;2;35;35;megjelent;25;3;4;3;0;0;35;-;-;-;-
2020;1;Szabolcs-Szatmár-Bereg;12;szakgimnázium/szakközépiskola (2016.09.01-től kifutó rendszerben);férfi;nappali;magyar nyelv és irodalom;közép;rendes;Igen;magyar;2;26;13;megjelent;-;-;-;-;-;-;-;5;4;4;13
2020;1;Szabolcs-Szatmár-Bereg;4;gimnázium;férfi;nappali;magyar nyelv és irodalom;közép;rendes;Igen;magyar;4;70;35;megjelent;-;-;-;-;-;-;-;17;8;10;35
2020;1;Szabolcs-Szatmár-Bereg;8;gimnázium;férfi;nappali;magyar nyelv és irodalom;közép;rendes;Nem;magyar;4;68;68;megjelent;33;9;15;9;0;2;68;-;-;-;-
2020;1;Szabolcs-Szatmár-Bereg;12;szakgimnázium/szakközépiskola (2016.09.01-től kifutó rendszerben);nő;nappali;magyar nyelv és irodalom;közép;rendes;Nem;magyar;5;80;80;megjelent;28;10;23;15;2;2;80;-;-;-;-
2020;1;Szabolcs-Szatmár-Bereg;12;szakgimnázium/szakközépiskola (2016.09.01-től kifutó rendszerben);nő;nappali;magyar nyelv és irodalom;közép;előrehozott;Nem;magyar;4;61;61;megjelent;26;9;13;7;4;2;61;-;-;-;-
2020;1;Szabolcs-Szatmár-Bereg;12;szakgimnázium/szakközépiskola (2016.09.01-től kifutó rendszerben);nő;nappali;magyar nyelv és irodalom;közép;rendes;Nem;magyar;3;40;40;megjelent;21;0;11;8;0;0;40;-;-;-;-
2020;1;Szabolcs-Szatmár-Bereg;12;szakgimnázium/szakközépiskola (2016.09.01-től kifutó rendszerben);férfi;nappali;magyar nyelv és irodalom;közép;rendes;Igen;magyar;4;61;57;megjelent;32;8;9;8;0;0;57;-;-;-;-
2020;1;Szabolcs-Szatmár-Bereg;12;szakgimnázium/szakközépiskola (2016.09.01-től kifutó rendszerben);férfi;nappali;magyar nyelv és irodalom;közép;rendes;Nem;magyar;4;75;75;megjelent;31;10;14;15;3;2;75;-;-;-;-
2020;1;Szabolcs-Szatmár-Bereg;12;szakgimnázium/szakközépiskola (2016.09.01-től kifutó rendszerben);férfi;nappali;magyar nyelv és irodalom;közép;rendes;Nem;magyar;4;77;77;megjelent;29;9;18;13;6;2;77;-;-;-;-
2020;1;Szabolcs-Szatmár-Bereg;12;szakgimnázium/szakközépiskola (2016.09.01-től kifutó rendszerben);férfi;nappali;magyar nyelv és irodalom;közép;rendes;Nem;magyar;2;27;27;megjelent;23;2;0;0;0;2;27;-;-;-;-
2020;1;Szabolcs-Szatmár-Bereg;12;szakgimnázium/szakközépiskola (2016.09.01-től kifutó rendszerben);férfi;nappali;magyar nyelv és irodalom;közép;rendes;Nem;magyar;4;76;76;megjelent;29;9;22;14;0;2;76;-;-;-;-
2020;1;Szabolcs-Szatmár-Bereg;12;szakgimnázium/szakközépiskola (2016.09.01-től kifutó rendszerben);nő;nappali;magyar nyelv és irodalom;közép;rendes;Nem;magyar;2;33;33;megjelent;21;5;1;2;2;2;33;-;-;-;-
2020;1;Szabolcs-Szatmár-Bereg;4;gimnázium;nő;nappali;magyar nyelv és irodalom;közép;rendes;Igen;magyar;4;60;56;megjelent;31;8;12;4;0;1;56;-;-;-;-
2020;1;Szabolcs-Szatmár-Bereg;12;szakgimnázium/szakközépiskola (2016.09.01-től kifutó rendszerben);férfi;nappali;magyar nyelv és irodalom;közép;rendes;Nem;magyar;2;33;33;megjelent;18;4;4;5;0;2;33;-;-;-;-
2020;1;Szabolcs-Szatmár-Bereg;12;szakgimnázium/szakközépiskola (2016.09.01-től kifutó rendszerben);férfi;nappali;magyar nyelv és irodalom;közép;rendes;Nem;magyar;2;36;36;megjelent;26;0;1;2;5;2;36;-;-;-;-
2020;1;Szabolcs-Szatmár-Bereg;12;szakgimnázium/szakközépiskola (2016.09.01-től kifutó rendszerben);férfi;nappali;magyar nyelv és irodalom;közép;rendes;Nem;magyar;2;31;31;megjelent;22;7;0;0;0;2;31;-;-;-;-
2020;1;Szabolcs-Szatmár-Bereg;12;szakgimnázium/szakközépiskola (2016.09.01-től kifutó rendszerben);férfi;nappali;magyar nyelv és irodalom;közép;rendes;Nem;magyar;4;78;78;megjelent;30;9;19;13;5;2;78;-;-;-;-
2020;1;Szabolcs-Szatmár-Bereg;12;szakgimnázium/szakközépiskola (2016.09.01-től kifutó rendszerben);nő;nappali;magyar nyelv és irodalom;közép;rendes;Nem;magyar;3;55;55;megjelent;28;10;9;6;0;2;55;-;-;-;-
2020;1;Szabolcs-Szatmár-Bereg;12;szakgimnázium/szakközépiskola (2016.09.01-től kifutó rendszerben);nő;nappali;magyar nyelv és irodalom;közép;rendes;Nem;magyar;2;35;35;megjelent;29;0;0;0;4;2;35;-;-;-;-
2020;1;Szabolcs-Szatmár-Bereg;12;szakgimnázium/szakközépiskola (2016.09.01-től kifutó rendszerben);nő;nappali;magyar nyelv és irodalom;közép;rendes;Nem;magyar;5;83;83;megjelent;38;9;17;13;4;2;83;-;-;-;-
2020;1;Szabolcs-Szatmár-Bereg;12;szakgimnázium/szakközépiskola (2016.09.01-től kifutó rendszerben);nő;nappali;magyar nyelv és irodalom;közép;rendes;Nem;magyar;2;27;27;megjelent;22;0;1;2;0;2;27;-;-;-;-
2020;1;Szabolcs-Szatmár-Bereg;12;szakgimnázium/szakközépiskola (2016.09.01-től kifutó rendszerben);nő;nappali;magyar nyelv és irodalom;közép;rendes;Nem;magyar;5;83;83;megjelent;33;10;19;12;7;2;83;-;-;-;-
2020;1;Szabolcs-Szatmár-Bereg;12;szakgimnázium/szakközépiskola (2016.09.01-től kifutó rendszerben);nő;nappali;magyar nyelv és irodalom;közép;rendes;Nem;magyar;2;38;38;megjelent;24;7;2;4;0;1;38;-;-;-;-
2020;1;Szabolcs-Szatmár-Bereg;12;szakgimnázium/szakközépiskola (2016.09.01-től kifutó rendszerben);férfi;nappali;magyar nyelv és irodalom;közép;rendes;Nem;magyar;2;26;26;megjelent;22;3;0;0;0;1;26;-;-;-;-
2020;1;Szabolcs-Szatmár-Bereg;12;szakgimnázium/szakközépiskola (2016.09.01-től kifutó rendszerben);nő;nappali;magyar nyelv és irodalom;közép;rendes;Nem;magyar;4;65;65;megjelent;25;7;19;12;0;2;65;-;-;-;-
2020;1;Szabolcs-Szatmár-Bereg;12;szakgimnázium/szakközépiskola (2016.09.01-től kifutó rendszerben);nő;nappali;magyar nyelv és irodalom;közép;rendes;Nem;magyar;4;76;76;megjelent;31;8;15;12;8;2;76;-;-;-;-
2020;1;Szabolcs-Szatmár-Bereg;12;szakgimnázium/szakközépiskola (2016.09.01-től kifutó rendszerben);nő;nappali;magyar nyelv és irodalom;közép;rendes;Nem;magyar;3;49;49;megjelent;28;4;10;6;0;1;49;-;-;-;-
2020;1;Szabolcs-Szatmár-Bereg;12;szakgimnázium/szakközépiskola (2016.09.01-től kifutó rendszerben);nő;nappali;magyar nyelv és irodalom;közép;rendes;Nem;magyar;2;38;38;megjelent;24;3;4;5;0;2;38;-;-;-;-
2020;1;Szabolcs-Szatmár-Bereg;12;szakgimnázium/szakközépiskola (2016.09.01-től kifutó rendszerben);férfi;nappali;magyar nyelv és irodalom;közép;rendes;Nem;magyar;3;50;50;megjelent;30;4;8;6;0;2;50;-;-;-;-
2020;1;Szabolcs-Szatmár-Bereg;12;gimnázium;férfi;nappali;magyar nyelv és irodalom;közép;rendes;Nem;magyar;5;80;80;megjelent;36;10;14;10;8;2;80;-;-;-;-
2020;1;Szabolcs-Szatmár-Bereg;12;gimnázium;nő;nappali;magyar nyelv és irodalom;közép;rendes;Nem;magyar;5;94;94;megjelent;38;6;25;15;8;2;94;-;-;-;-
2020;1;Szabolcs-Szatmár-Bereg;12;szakgimnázium/szakközépiskola (2016.09.01-től kifutó rendszerben);férfi;nappali;magyar nyelv és irodalom;közép;rendes;Nem;magyar;2;34;34;megjelent;23;0;4;5;0;2;34;-;-;-;-
2020;1;Szabolcs-Szatmár-Bereg;12;gimnázium;férfi;nappali;magyar nyelv és irodalom;közép;rendes;Nem;magyar;5;98;98;megjelent;38;10;25;15;8;2;98;-;-;-;-
2020;1;Szabolcs-Szatmár-Bereg;12;szakgimnázium/szakközépiskola (2016.09.01-től kifutó rendszerben);nő;nappali;magyar nyelv és irodalom;közép;rendes;Nem;magyar;4;74;74;megjelent;34;9;19;10;1;1;74;-;-;-;-
2020;1;Szabolcs-Szatmár-Bereg;12;gimnázium;nő;nappali;magyar nyelv és irodalom;közép;rendes;Nem;magyar;5;99;99;megjelent;39;10;25;15;8;2;99;-;-;-;-
2020;1;Szabolcs-Szatmár-Bereg;12;gimnázium;férfi;nappali;magyar nyelv és irodalom;közép;rendes;Nem;magyar;5;99;99;megjelent;39;10;25;15;8;2;99;-;-;-;-
2020;1;Szabolcs-Szatmár-Bereg;12;szakgimnázium/szakközépiskola (2016.09.01-től kifutó rendszerben);férfi;nappali;magyar nyelv és irodalom;közép;rendes;Nem;magyar;3;53;53;megjelent;25;7;9;10;0;2;53;-;-;-;-
2020;1;Szabolcs-Szatmár-Bereg;12;szakgimnázium/szakközépiskola (2016.09.01-től kifutó rendszerben);nő;nappali;magyar nyelv és irodalom;közép;rendes;Nem;magyar;3;40;40;megjelent;16;7;7;9;0;1;40;-;-;-;-
2020;1;Szabolcs-Szatmár-Bereg;12;szakgimnázium/szakközépiskola (2016.09.01-től kifutó rendszerben);férfi;nappali;magyar nyelv és irodalom;közép;rendes;Nem;magyar;3;56;56;megjelent;29;8;8;9;0;2;56;-;-;-;-
2020;1;Szabolcs-Szatmár-Bereg;12;szakgimnázium/szakközépiskola (2016.09.01-től kifutó rendszerben);férfi;nappali;magyar nyelv és irodalom;közép;rendes;Nem;magyar;2;28;28;megjelent;12;3;5;7;0;1;28;-;-;-;-
2020;1;Szabolcs-Szatmár-Bereg;12;gimnázium;nő;nappali;magyar nyelv és irodalom;közép;rendes;Nem;magyar;5;90;90;megjelent;39;8;23;14;4;2;90;-;-;-;-
2020;1;Szabolcs-Szatmár-Bereg;12;szakgimnázium/szakközépiskola (2016.09.01-től kifutó rendszerben);nő;nappali;magyar nyelv és irodalom;közép;rendes;Nem;magyar;3;44;44;megjelent;15;7;12;9;0;1;44;-;-;-;-
2020;1;Szabolcs-Szatmár-Bereg;12;szakgimnázium/szakközépiskola (2016.09.01-től kifutó rendszerben);férfi;nappali;magyar nyelv és irodalom;közép;rendes;Nem;magyar;3;49;49;megjelent;30;6;7;6;0;0;49;-;-;-;-
2020;1;Szabolcs-Szatmár-Bereg;12;szakgimnázium/szakközépiskola (2016.09.01-től kifutó rendszerben);nő;nappali;magyar nyelv és irodalom;közép;rendes;Nem;magyar;2;31;31;megjelent;17;7;3;3;0;1;31;-;-;-;-
2020;1;Szabolcs-Szatmár-Bereg;12;szakgimnázium/szakközépiskola (2016.09.01-től kifutó rendszerben);nő;nappali;magyar nyelv és irodalom;közép;rendes;Nem;magyar;2;38;38;megjelent;17;4;10;6;0;1;38;-;-;-;-
2020;1;Szabolcs-Szatmár-Bereg;12;szakgimnázium/szakközépiskola (2016.09.01-től kifutó rendszerben);nő;nappali;magyar nyelv és irodalom;közép;rendes;Nem;magyar;4;67;67;megjelent;30;9;15;12;0;1;67;-;-;-;-
2020;1;Szabolcs-Szatmár-Bereg;12;szakgimnázium/szakközépiskola (2016.09.01-től kifutó rendszerben);férfi;nappali;magyar nyelv és irodalom;közép;rendes;Nem;magyar;4;61;61;megjelent;27;7;14;12;0;1;61;-;-;-;-
2020;1;Szabolcs-Szatmár-Bereg;12;szakgimnázium/szakközépiskola (2016.09.01-től kifutó rendszerben);férfi;nappali;magyar nyelv és irodalom;közép;rendes;Nem;magyar;2;36;36;megjelent;28;3;3;2;0;0;36;-;-;-;-
2020;1;Szabolcs-Szatmár-Bereg;12;szakgimnázium/szakközépiskola (2016.09.01-től kifutó rendszerben);férfi;nappali;magyar nyelv és irodalom;közép;rendes;Nem;magyar;3;45;45;megjelent;23;5;8;9;0;0;45;-;-;-;-
2020;1;Szabolcs-Szatmár-Bereg;12;szakgimnázium/szakközépiskola (2016.09.01-től kifutó rendszerben);férfi;nappali;magyar nyelv és irodalom;közép;előrehozott;Nem;magyar;2;31;31;megjelent;23;0;5;3;0;0;31;-;-;-;-
2020;1;Szabolcs-Szatmár-Bereg;12;szakgimnázium/szakközépiskola (2016.09.01-től kifutó rendszerben);férfi;nappali;magyar nyelv és irodalom;közép;rendes;Nem;magyar;3;48;48;megjelent;24;5;9;8;0;2;48;-;-;-;-
2020;1;Szabolcs-Szatmár-Bereg;12;szakgimnázium/szakközépiskola (2016.09.01-től kifutó rendszerben);nő;nappali;magyar nyelv és irodalom;közép;rendes;Nem;magyar;3;48;48;megjelent;21;6;10;6;3;2;48;-;-;-;-
2020;1;Szabolcs-Szatmár-Bereg;12;szakgimnázium/szakközépiskola (2016.09.01-től kifutó rendszerben);nő;nappali;magyar nyelv és irodalom;közép;rendes;Nem;magyar;5;85;85;megjelent;29;10;23;15;6;2;85;-;-;-;-
2020;1;Szabolcs-Szatmár-Bereg;12;szakgimnázium/szakközépiskola (2016.09.01-től kifutó rendszerben);férfi;nappali;magyar nyelv és irodalom;közép;rendes;Nem;magyar;4;69;69;megjelent;31;9;14;9;4;2;69;-;-;-;-
2020;1;Szabolcs-Szatmár-Bereg;12;szakgimnázium/szakközépiskola (2016.09.01-től kifutó rendszerben);nő;nappali;magyar nyelv és irodalom;közép;rendes;Nem;magyar;2;31;31;megjelent;21;4;2;3;0;1;31;-;-;-;-
2020;1;Szabolcs-Szatmár-Bereg;12;szakgimnázium/szakközépiskola (2016.09.01-től kifutó rendszerben);nő;nappali;magyar nyelv és irodalom;közép;rendes;Nem;magyar;2;30;30;megjelent;14;4;5;6;0;1;30;-;-;-;-
2020;1;Szabolcs-Szatmár-Bereg;12;szakgimnázium/szakközépiskola (2016.09.01-től kifutó rendszerben);férfi;nappali;magyar nyelv és irodalom;közép;rendes;Nem;magyar;3;54;54;megjelent;24;9;14;7;0;0;54;-;-;-;-
2020;1;Szabolcs-Szatmár-Bereg;12;szakgimnázium/szakközépiskola (2016.09.01-től kifutó rendszerben);nő;nappali;magyar nyelv és irodalom;közép;rendes;Nem;magyar;4;63;63;megjelent;27;4;19;11;0;2;63;-;-;-;-
2020;1;Szabolcs-Szatmár-Bereg;12;szakgimnázium/szakközépiskola (2016.09.01-től kifutó rendszerben);férfi;nappali;magyar nyelv és irodalom;közép;rendes;Nem;magyar;2;35;35;megjelent;22;2;4;6;0;1;35;-;-;-;-
2020;1;Szabolcs-Szatmár-Bereg;12;szakgimnázium/szakközépiskola (2016.09.01-től kifutó rendszerben);nő;nappali;magyar nyelv és irodalom;közép;rendes;Nem;magyar;3;42;42;megjelent;16;8;9;7;0;2;42;-;-;-;-
2020;1;Szabolcs-Szatmár-Bereg;12;szakgimnázium/szakközépiskola (2016.09.01-től kifutó rendszerben);férfi;nappali;magyar nyelv és irodalom;közép;rendes;Nem;magyar;3;46;46;megjelent;22;4;14;6;0;0;46;-;-;-;-
2020;1;Szabolcs-Szatmár-Bereg;12;szakgimnázium/szakközépiskola (2016.09.01-től kifutó rendszerben);férfi;nappali;magyar nyelv és irodalom;közép;rendes;Nem;magyar;2;34;34;megjelent;21;4;4;5;0;0;34;-;-;-;-
2020;1;Szabolcs-Szatmár-Bereg;12;szakgimnázium/szakközépiskola (2016.09.01-től kifutó rendszerben);nő;nappali;magyar nyelv és irodalom;közép;rendes;Nem;magyar;2;35;35;megjelent;22;4;5;4;0;0;35;-;-;-;-
2020;1;Szabolcs-Szatmár-Bereg;12;szakgimnázium/szakközépiskola (2016.09.01-től kifutó rendszerben);férfi;nappali;magyar nyelv és irodalom;közép;rendes;Nem;magyar;4;70;70;megjelent;31;5;20;12;0;2;70;-;-;-;-
2020;1;Szabolcs-Szatmár-Bereg;12;szakgimnázium/szakközépiskola (2016.09.01-től kifutó rendszerben);férfi;nappali;magyar nyelv és irodalom;közép;rendes;Nem;magyar;2;39;39;megjelent;26;7;4;0;0;2;39;-;-;-;-
2020;1;Szabolcs-Szatmár-Bereg;12;szakgimnázium/szakközépiskola (2016.09.01-től kifutó rendszerben);nő;nappali;magyar nyelv és irodalom;közép;rendes;Nem;magyar;3;56;56;megjelent;23;9;14;9;0;1;56;-;-;-;-
2020;1;Szabolcs-Szatmár-Bereg;12;szakgimnázium/szakközépiskola (2016.09.01-től kifutó rendszerben);férfi;nappali;magyar nyelv és irodalom;közép;rendes;Nem;magyar;5;93;93;megjelent;34;10;24;15;8;2;93;-;-;-;-
2020;1;Szabolcs-Szatmár-Bereg;12;szakgimnázium/szakközépiskola (2016.09.01-től kifutó rendszerben);nő;nappali;magyar nyelv és irodalom;közép;rendes;Nem;magyar;2;38;38;megjelent;19;7;6;6;0;0;38;-;-;-;-
2020;1;Szabolcs-Szatmár-Bereg;12;szakgimnázium/szakközépiskola (2016.09.01-től kifutó rendszerben);férfi;nappali;magyar nyelv és irodalom;közép;rendes;Nem;magyar;4;70;70;megjelent;31;5;19;13;0;2;70;-;-;-;-
2020;1;Szabolcs-Szatmár-Bereg;12;szakgimnázium/szakközépiskola (2016.09.01-től kifutó rendszerben);férfi;nappali;magyar nyelv és irodalom;közép;rendes;Nem;magyar;4;61;61;megjelent;28;9;14;9;0;1;61;-;-;-;-
2020;1;Szabolcs-Szatmár-Bereg;12;szakgimnázium/szakközépiskola (2016.09.01-től kifutó rendszerben);nő;nappali;magyar nyelv és irodalom;közép;rendes;Nem;magyar;3;55;55;megjelent;27;4;15;9;0;0;55;-;-;-;-
2020;1;Szabolcs-Szatmár-Bereg;12;szakgimnázium/szakközépiskola (2016.09.01-től kifutó rendszerben);férfi;nappali;magyar nyelv és irodalom;közép;rendes;Nem;magyar;3;49;49;megjelent;27;7;6;7;0;2;49;-;-;-;-
2020;1;Szabolcs-Szatmár-Bereg;12;szakgimnázium/szakközépiskola (2016.09.01-től kifutó rendszerben);nő;nappali;magyar nyelv és irodalom;közép;rendes;Nem;magyar;4;60;60;megjelent;30;9;12;8;0;1;60;-;-;-;-
2020;1;Szabolcs-Szatmár-Bereg;12;szakgimnázium/szakközépiskola (2016.09.01-től kifutó rendszerben);nő;nappali;magyar nyelv és irodalom;közép;rendes;Nem;magyar;2;33;33;megjelent;20;7;1;2;1;2;33;-;-;-;-
2020;1;Szabolcs-Szatmár-Bereg;12;szakgimnázium/szakközépiskola (2016.09.01-től kifutó rendszerben);férfi;nappali;magyar nyelv és irodalom;közép;rendes;Nem;magyar;4;73;73;megjelent;31;8;19;12;1;2;73;-;-;-;-
2020;1;Szabolcs-Szatmár-Bereg;12;szakgimnázium/szakközépiskola (2016.09.01-től kifutó rendszerben);nő;nappali;magyar nyelv és irodalom;közép;rendes;Nem;magyar;4;69;69;megjelent;29;9;19;10;0;2;69;-;-;-;-
2020;1;Szabolcs-Szatmár-Bereg;12;szakgimnázium/szakközépiskola (2016.09.01-től kifutó rendszerben);férfi;nappali;magyar nyelv és irodalom;közép;rendes;Nem;magyar;4;72;72;megjelent;28;9;19;14;0;2;72;-;-;-;-
2020;1;Szabolcs-Szatmár-Bereg;12;szakgimnázium/szakközépiskola (2016.09.01-től kifutó rendszerben);nő;nappali;magyar nyelv és irodalom;közép;rendes;Nem;magyar;3;40;40;megjelent;19;6;8;6;0;1;40;-;-;-;-
2020;1;Szabolcs-Szatmár-Bereg;12;szakgimnázium/szakközépiskola (2016.09.01-től kifutó rendszerben);férfi;nappali;magyar nyelv és irodalom;közép;rendes;Nem;magyar;3;43;43;megjelent;27;6;5;5;0;0;43;-;-;-;-
2020;1;Szabolcs-Szatmár-Bereg;12;szakgimnázium/szakközépiskola (2016.09.01-től kifutó rendszerben);férfi;nappali;magyar nyelv és irodalom;közép;rendes;Nem;magyar;4;72;72;megjelent;34;8;16;12;0;2;72;-;-;-;-
2020;1;Szabolcs-Szatmár-Bereg;12;szakgimnázium/szakközépiskola (2016.09.01-től kifutó rendszerben);nő;nappali;magyar nyelv és irodalom;közép;rendes;Nem;magyar;4;70;70;megjelent;29;8;19;12;0;2;70;-;-;-;-
2020;1;Szabolcs-Szatmár-Bereg;12;szakgimnázium/szakközépiskola (2016.09.01-től kifutó rendszerben);nő;nappali;magyar nyelv és irodalom;közép;rendes;Nem;magyar;4;69;69;megjelent;29;8;18;12;0;2;69;-;-;-;-
2020;1;Szabolcs-Szatmár-Bereg;12;szakgimnázium/szakközépiskola (2016.09.01-től kifutó rendszerben);nő;nappali;magyar nyelv és irodalom;közép;rendes;Nem;magyar;5;84;84;megjelent;35;8;25;14;0;2;84;-;-;-;-
2020;1;Szabolcs-Szatmár-Bereg;12;szakgimnázium/szakközépiskola (2016.09.01-től kifutó rendszerben);férfi;nappali;magyar nyelv és irodalom;közép;rendes;Igen;magyar;5;82;41;megjelent;-;-;-;-;-;-;-;20;8;13;41
2020;1;Szabolcs-Szatmár-Bereg;12;szakgimnázium/szakközépiskola (2016.09.01-től kifutó rendszerben);férfi;nappali;magyar nyelv és irodalom;közép;rendes;Nem;magyar;5;80;80;megjelent;31;8;25;14;0;2;80;-;-;-;-
2020;1;Szabolcs-Szatmár-Bereg;12;szakgimnázium/szakközépiskola (2016.09.01-től kifutó rendszerben);férfi;nappali;magyar nyelv és irodalom;közép;rendes;Nem;magyar;5;92;92;megjelent;37;8;25;15;5;2;92;-;-;-;-
2020;1;Szabolcs-Szatmár-Bereg;12;szakgimnázium/szakközépiskola (2016.09.01-től kifutó rendszerben);férfi;nappali;magyar nyelv és irodalom;közép;rendes;Nem;magyar;5;87;87;megjelent;36;9;22;14;4;2;87;-;-;-;-
2020;1;Szabolcs-Szatmár-Bereg;12;szakgimnázium/szakközépiskola (2016.09.01-től kifutó rendszerben);férfi;nappali;magyar nyelv és irodalom;közép;rendes;Nem;magyar;4;60;60;megjelent;31;0;13;12;2;2;60;-;-;-;-
2020;1;Szabolcs-Szatmár-Bereg;12;szakgimnázium/szakközépiskola (2016.09.01-től kifutó rendszerben);férfi;nappali;magyar nyelv és irodalom;közép;rendes;Nem;magyar;2;38;38;megjelent;32;5;0;0;0;1;38;-;-;-;-
2020;1;Szabolcs-Szatmár-Bereg;12;gimnázium;férfi;nappali;magyar nyelv és irodalom;közép;rendes;Nem;magyar;4;70;70;megjelent;28;8;20;10;4;0;70;-;-;-;-
2020;1;Szabolcs-Szatmár-Bereg;12;szakgimnázium/szakközépiskola (2016.09.01-től kifutó rendszerben);férfi;nappali;magyar nyelv és irodalom;közép;rendes;Nem;magyar;3;40;40;megjelent;19;5;8;7;0;1;40;-;-;-;-
2020;1;Szabolcs-Szatmár-Bereg;12;szakgimnázium/szakközépiskola (2016.09.01-től kifutó rendszerben);férfi;nappali;magyar nyelv és irodalom;közép;rendes;Nem;magyar;5;83;83;megjelent;33;9;19;13;7;2;83;-;-;-;-
2020;1;Szabolcs-Szatmár-Bereg;12;gimnázium;nő;nappali;magyar nyelv és irodalom;közép;rendes;Nem;magyar;4;60;60;megjelent;27;8;16;9;0;0;60;-;-;-;-
2020;1;Szabolcs-Szatmár-Bereg;12;gimnázium;férfi;nappali;magyar nyelv és irodalom;közép;rendes;Nem;magyar;3;58;58;megjelent;20;6;14;12;6;0;58;-;-;-;-
2020;1;Szabolcs-Szatmár-Bereg;12;gimnázium;nő;nappali;magyar nyelv és irodalom;közép;rendes;Nem;magyar;4;61;61;megjelent;22;8;20;11;0;0;61;-;-;-;-
2020;1;Szabolcs-Szatmár-Bereg;12;gimnázium;nő;nappali;magyar nyelv és irodalom;közép;rendes;Nem;magyar;4;75;75;megjelent;32;10;19;13;0;1;75;-;-;-;-
2020;1;Szabolcs-Szatmár-Bereg;12;gimnázium;nő;nappali;magyar nyelv és irodalom;közép;rendes;Nem;magyar;5;85;85;megjelent;34;8;22;13;8;0;85;-;-;-;-
2020;1;Szabolcs-Szatmár-Bereg;12;gimnázium;nő;nappali;magyar nyelv és irodalom;közép;rendes;Nem;magyar;5;87;87;megjelent;35;10;18;14;8;2;87;-;-;-;-
2020;1;Szabolcs-Szatmár-Bereg;12;szakgimnázium/szakközépiskola (2016.09.01-től kifutó rendszerben);férfi;nappali;magyar nyelv és irodalom;közép;rendes;Nem;magyar;4;62;62;megjelent;21;10;15;9;5;2;62;-;-;-;-
2020;1;Szabolcs-Szatmár-Bereg;12;gimnázium;férfi;nappali;magyar nyelv és irodalom;közép;rendes;Nem;magyar;4;77;77;megjelent;36;10;18;11;2;0;77;-;-;-;-
2020;1;Szabolcs-Szatmár-Bereg;12;gimnázium;nő;nappali;magyar nyelv és irodalom;közép;rendes;Nem;magyar;5;88;88;megjelent;33;10;23;14;8;0;88;-;-;-;-
2020;1;Szabolcs-Szatmár-Bereg;12;szakgimnázium/szakközépiskola (2016.09.01-től kifutó rendszerben);férfi;nappali;magyar nyelv és irodalom;közép;rendes;Nem;magyar;3;44;44;megjelent;16;6;12;8;0;2;44;-;-;-;-
2020;1;Szabolcs-Szatmár-Bereg;12;szakgimnázium/szakközépiskola (2016.09.01-től kifutó rendszerben);férfi;nappali;magyar nyelv és irodalom;közép;rendes;Nem;magyar;5;85;85;megjelent;36;10;22;15;0;2;85;-;-;-;-
2020;1;Szabolcs-Szatmár-Bereg;12;gimnázium;férfi;nappali;magyar nyelv és irodalom;közép;rendes;Nem;magyar;4;60;60;megjelent;25;7;18;10;0;0;60;-;-;-;-
2020;1;Szabolcs-Szatmár-Bereg;12;gimnázium;férfi;nappali;magyar nyelv és irodalom;közép;rendes;Nem;magyar;4;64;64;megjelent;34;6;14;9;0;1;64;-;-;-;-
2020;1;Szabolcs-Szatmár-Bereg;12;gimnázium;nő;nappali;magyar nyelv és irodalom;közép;rendes;Nem;magyar;4;60;60;megjelent;20;9;18;11;0;2;60;-;-;-;-
2020;1;Szabolcs-Szatmár-Bereg;12;szakgimnázium/szakközépiskola (2016.09.01-től kifutó rendszerben);férfi;nappali;magyar nyelv és irodalom;közép;rendes;Nem;magyar;3;44;44;megjelent;29;6;3;2;3;1;44;-;-;-;-
2020;1;Szabolcs-Szatmár-Bereg;12;szakgimnázium/szakközépiskola (2016.09.01-től kifutó rendszerben);férfi;nappali;magyar nyelv és irodalom;közép;rendes;Nem;magyar;3;44;44;megjelent;27;0;9;8;0;0;44;-;-;-;-
2020;1;Szabolcs-Szatmár-Bereg;12;szakgimnázium/szakközépiskola (2016.09.01-től kifutó rendszerben);férfi;nappali;magyar nyelv és irodalom;közép;rendes;Nem;magyar;5;92;92;megjelent;34;10;25;15;6;2;92;-;-;-;-
2020;1;Szabolcs-Szatmár-Bereg;12;gimnázium;nő;nappali;magyar nyelv és irodalom;közép;rendes;Nem;magyar;4;76;76;megjelent;30;10;19;12;3;2;76;-;-;-;-
2020;1;Szabolcs-Szatmár-Bereg;12;szakgimnázium/szakközépiskola (2016.09.01-től kifutó rendszerben);nő;nappali;magyar nyelv és irodalom;közép;rendes;Nem;magyar;4;72;72;megjelent;20;10;20;14;6;2;72;-;-;-;-
2020;1;Szabolcs-Szatmár-Bereg;12;gimnázium;nő;nappali;magyar nyelv és irodalom;közép;rendes;Nem;magyar;4;60;60;megjelent;24;7;18;9;0;2;60;-;-;-;-
2020;1;Szabolcs-Szatmár-Bereg;12;szakgimnázium/szakközépiskola (2016.09.01-től kifutó rendszerben);férfi;nappali;magyar nyelv és irodalom;közép;rendes;Nem;magyar;3;41;41;megjelent;22;4;6;7;0;2;41;-;-;-;-
2020;1;Szabolcs-Szatmár-Bereg;12;szakgimnázium/szakközépiskola (2016.09.01-től kifutó rendszerben);férfi;nappali;magyar nyelv és irodalom;közép;rendes;Nem;magyar;3;40;40;megjelent;23;5;4;6;0;2;40;-;-;-;-
2020;1;Szabolcs-Szatmár-Bereg;12;szakgimnázium/szakközépiskola (2016.09.01-től kifutó rendszerben);nő;nappali;magyar nyelv és irodalom;közép;rendes;Nem;magyar;5;89;89;megjelent;35;10;25;15;2;2;89;-;-;-;-
2020;1;Szabolcs-Szatmár-Bereg;12;szakgimnázium/szakközépiskola (2016.09.01-től kifutó rendszerben);férfi;nappali;magyar nyelv és irodalom;közép;rendes;Nem;magyar;4;70;70;megjelent;30;8;16;14;0;2;70;-;-;-;-
2020;1;Szabolcs-Szatmár-Bereg;12;gimnázium;férfi;nappali;magyar nyelv és irodalom;közép;rendes;Nem;magyar;4;77;77;megjelent;32;7;20;11;7;0;77;-;-;-;-
2020;1;Szabolcs-Szatmár-Bereg;12;gimnázium;nő;nappali;magyar nyelv és irodalom;közép;rendes;Nem;magyar;5;92;92;megjelent;34;10;25;14;8;1;92;-;-;-;-
2020;1;Szabolcs-Szatmár-Bereg;12;szakgimnázium/szakközépiskola (2016.09.01-től kifutó rendszerben);férfi;nappali;magyar nyelv és irodalom;közép;rendes;Nem;magyar;4;60;60;megjelent;30;7;12;9;0;2;60;-;-;-;-
2020;1;Szabolcs-Szatmár-Bereg;12;szakgimnázium/szakközépiskola (2016.09.01-től kifutó rendszerben);férfi;nappali;magyar nyelv és irodalom;közép;rendes;Nem;magyar;3;44;44;megjelent;20;5;9;8;0;2;44;-;-;-;-
2020;1;Szabolcs-Szatmár-Bereg;12;szakgimnázium/szakközépiskola (2016.09.01-től kifutó rendszerben);férfi;nappali;magyar nyelv és irodalom;közép;rendes;Nem;magyar;5;85;85;megjelent;36;9;20;15;3;2;85;-;-;-;-
2020;1;Szabolcs-Szatmár-Bereg;12;szakgimnázium/szakközépiskola (2016.09.01-től kifutó rendszerben);férfi;nappali;magyar nyelv és irodalom;közép;rendes;Nem;magyar;3;47;47;megjelent;22;5;10;8;0;2;47;-;-;-;-
2020;1;Szabolcs-Szatmár-Bereg;12;gimnázium;nő;nappali;magyar nyelv és irodalom;közép;rendes;Nem;magyar;3;48;48;megjelent;25;9;7;6;0;1;48;-;-;-;-
2020;1;Szabolcs-Szatmár-Bereg;12;szakgimnázium/szakközépiskola (2016.09.01-től kifutó rendszerben);férfi;nappali;magyar nyelv és irodalom;közép;rendes;Igen;magyar;3;40;37;megjelent;21;8;3;3;0;2;37;-;-;-;-
2020;1;Szabolcs-Szatmár-Bereg;12;gimnázium;nő;nappali;magyar nyelv és irodalom;közép;rendes;Nem;magyar;5;85;85;megjelent;35;10;18;12;8;2;85;-;-;-;-
2020;1;Szabolcs-Szatmár-Bereg;12;gimnázium;nő;nappali;magyar nyelv és irodalom;közép;rendes;Nem;magyar;3;55;55;megjelent;23;7;10;8;5;2;55;-;-;-;-
2020;1;Szabolcs-Szatmár-Bereg;12;szakgimnázium/szakközépiskola (2016.09.01-től kifutó rendszerben);férfi;nappali;magyar nyelv és irodalom;közép;rendes;Nem;magyar;3;58;58;megjelent;31;7;10;8;0;2;58;-;-;-;-
2020;1;Szabolcs-Szatmár-Bereg;12;gimnázium;nő;nappali;magyar nyelv és irodalom;közép;rendes;Nem;magyar;4;69;69;megjelent;30;9;17;11;0;2;69;-;-;-;-
2020;1;Szabolcs-Szatmár-Bereg;12;gimnázium;nő;nappali;magyar nyelv és irodalom;közép;rendes;Nem;magyar;5;81;81;megjelent;34;8;23;14;0;2;81;-;-;-;-
2020;1;Szabolcs-Szatmár-Bereg;12;szakgimnázium/szakközépiskola (2016.09.01-től kifutó rendszerben);férfi;nappali;magyar nyelv és irodalom;közép;rendes;Nem;magyar;4;64;64;megjelent;33;6;14;9;0;2;64;-;-;-;-
2020;1;Szabolcs-Szatmár-Bereg;12;gimnázium;férfi;nappali;magyar nyelv és irodalom;közép;rendes;Nem;magyar;5;85;85;megjelent;31;10;23;15;4;2;85;-;-;-;-
2020;1;Szabolcs-Szatmár-Bereg;12;szakgimnázium/szakközépiskola (2016.09.01-től kifutó rendszerben);férfi;nappali;magyar nyelv és irodalom;közép;rendes;Nem;magyar;5;87;87;megjelent;35;10;25;15;0;2;87;-;-;-;-
2020;1;Szabolcs-Szatmár-Bereg;12;gimnázium;nő;nappali;magyar nyelv és irodalom;közép;rendes;Nem;magyar;5;85;85;megjelent;35;9;22;13;5;1;85;-;-;-;-
2020;1;Szabolcs-Szatmár-Bereg;12;szakgimnázium/szakközépiskola (2016.09.01-től kifutó rendszerben);férfi;nappali;magyar nyelv és irodalom;közép;rendes;Nem;magyar;4;76;76;megjelent;34;10;16;12;2;2;76;-;-;-;-
2020;1;Szabolcs-Szatmár-Bereg;12;gimnázium;nő;nappali;magyar nyelv és irodalom;közép;rendes;Nem;magyar;3;58;58;megjelent;26;6;17;9;0;0;58;-;-;-;-
2020;1;Szabolcs-Szatmár-Bereg;12;szakgimnázium/szakközépiskola (2016.09.01-től kifutó rendszerben);férfi;nappali;magyar nyelv és irodalom;közép;rendes;Nem;magyar;4;60;60;megjelent;33;5;8;8;4;2;60;-;-;-;-
2020;1;Szabolcs-Szatmár-Bereg;12;gimnázium;nő;nappali;magyar nyelv és irodalom;közép;rendes;Nem;magyar;4;78;78;megjelent;34;10;19;13;0;2;78;-;-;-;-
2020;1;Szabolcs-Szatmár-Bereg;12;szakgimnázium/szakközépiskola (2016.09.01-től kifutó rendszerben);férfi;nappali;magyar nyelv és irodalom;közép;rendes;Nem;magyar;5;80;80;megjelent;27;10;24;15;2;2;80;-;-;-;-
2020;1;Szabolcs-Szatmár-Bereg;12;gimnázium;nő;nappali;magyar nyelv és irodalom;közép;rendes;Nem;magyar;4;72;72;megjelent;31;8;19;13;0;1;72;-;-;-;-
2020;1;Szabolcs-Szatmár-Bereg;12;szakgimnázium/szakközépiskola (2016.09.01-től kifutó rendszerben);férfi;nappali;magyar nyelv és irodalom;közép;rendes;Nem;magyar;4;71;71;megjelent;24;9;24;12;0;2;71;-;-;-;-
2020;1;Szabolcs-Szatmár-Bereg;12;szakgimnázium/szakközépiskola (2016.09.01-től kifutó rendszerben);férfi;nappali;magyar nyelv és irodalom;közép;rendes;Nem;magyar;4;67;67;megjelent;29;9;16;11;0;2;67;-;-;-;-
2020;1;Szabolcs-Szatmár-Bereg;12;gimnázium;férfi;nappali;magyar nyelv és irodalom;közép;rendes;Nem;magyar;5;94;94;megjelent;36;10;23;15;8;2;94;-;-;-;-
2020;1;Szabolcs-Szatmár-Bereg;12;gimnázium;nő;nappali;magyar nyelv és irodalom;közép;rendes;Nem;magyar;5;97;97;megjelent;37;10;25;15;8;2;97;-;-;-;-
2020;1;Szabolcs-Szatmár-Bereg;12;gimnázium;nő;nappali;magyar nyelv és irodalom;közép;rendes;Nem;magyar;3;46;46;megjelent;22;5;10;8;0;1;46;-;-;-;-
2020;1;Szabolcs-Szatmár-Bereg;12;gimnázium;férfi;nappali;magyar nyelv és irodalom;közép;rendes;Nem;magyar;4;70;70;megjelent;30;8;11;11;8;2;70;-;-;-;-
2020;1;Szabolcs-Szatmár-Bereg;12;gimnázium;férfi;nappali;magyar nyelv és irodalom;közép;rendes;Nem;magyar;4;70;70;megjelent;31;9;18;10;0;2;70;-;-;-;-
2020;1;Szabolcs-Szatmár-Bereg;12;gimnázium;férfi;nappali;magyar nyelv és irodalom;közép;rendes;Nem;magyar;5;92;92;megjelent;37;10;25;15;3;2;92;-;-;-;-
2020;1;Szabolcs-Szatmár-Bereg;12;gimnázium;nő;nappali;magyar nyelv és irodalom;közép;rendes;Nem;magyar;3;49;49;megjelent;25;6;8;8;0;2;49;-;-;-;-
2020;1;Szabolcs-Szatmár-Bereg;12;gimnázium;férfi;nappali;magyar nyelv és irodalom;közép;rendes;Nem;magyar;4;60;60;megjelent;34;7;9;8;0;2;60;-;-;-;-
2020;1;Szabolcs-Szatmár-Bereg;12;szakgimnázium/szakközépiskola (2016.09.01-től kifutó rendszerben);férfi;nappali;magyar nyelv és irodalom;közép;rendes;Nem;magyar;4;72;72;megjelent;30;9;15;10;7;1;72;-;-;-;-
2020;1;Szabolcs-Szatmár-Bereg;12;gimnázium;férfi;nappali;magyar nyelv és irodalom;közép;rendes;Nem;magyar;5;95;95;megjelent;39;10;25;15;4;2;95;-;-;-;-
2020;1;Szabolcs-Szatmár-Bereg;12;gimnázium;nő;nappali;magyar nyelv és irodalom;közép;rendes;Nem;magyar;5;97;97;megjelent;40;10;24;15;6;2;97;-;-;-;-
2020;1;Szabolcs-Szatmár-Bereg;12;gimnázium;nő;nappali;magyar nyelv és irodalom;közép;rendes;Nem;magyar;5;98;98;megjelent;38;10;25;15;8;2;98;-;-;-;-
2020;1;Szabolcs-Szatmár-Bereg;12;gimnázium;férfi;nappali;magyar nyelv és irodalom;közép;rendes;Nem;magyar;5;91;91;megjelent;36;10;22;15;6;2;91;-;-;-;-
2020;1;Szabolcs-Szatmár-Bereg;12;gimnázium;nő;nappali;magyar nyelv és irodalom;közép;rendes;Nem;magyar;5;90;90;megjelent;32;10;25;15;6;2;90;-;-;-;-
2020;1;Szabolcs-Szatmár-Bereg;12;gimnázium;férfi;nappali;magyar nyelv és irodalom;közép;rendes;Nem;magyar;5;96;96;megjelent;38;10;25;15;6;2;96;-;-;-;-
2020;1;Szabolcs-Szatmár-Bereg;12;gimnázium;férfi;nappali;magyar nyelv és irodalom;közép;rendes;Nem;magyar;5;90;90;megjelent;30;10;25;15;8;2;90;-;-;-;-
2020;1;Szabolcs-Szatmár-Bereg;12;szakgimnázium/szakközépiskola (2016.09.01-től kifutó rendszerben);nő;nappali;magyar nyelv és irodalom;közép;rendes;Nem;magyar;5;88;88;megjelent;29;10;25;15;7;2;88;-;-;-;-
2020;1;Szabolcs-Szatmár-Bereg;12;szakgimnázium/szakközépiskola (2016.09.01-től kifutó rendszerben);nő;nappali;magyar nyelv és irodalom;közép;rendes;Nem;magyar;5;81;81;megjelent;33;9;19;15;3;2;81;-;-;-;-
2020;1;Szabolcs-Szatmár-Bereg;12;szakgimnázium/szakközépiskola (2016.09.01-től kifutó rendszerben);nő;nappali;magyar nyelv és irodalom;közép;rendes;Nem;magyar;2;34;34;megjelent;19;0;5;8;0;2;34;-;-;-;-
2020;1;Szabolcs-Szatmár-Bereg;12;szakgimnázium/szakközépiskola (2016.09.01-től kifutó rendszerben);nő;nappali;magyar nyelv és irodalom;közép;rendes;Nem;magyar;4;64;64;megjelent;31;8;12;9;2;2;64;-;-;-;-
2020;1;Szabolcs-Szatmár-Bereg;12;szakgimnázium/szakközépiskola (2016.09.01-től kifutó rendszerben);nő;nappali;magyar nyelv és irodalom;közép;rendes;Nem;magyar;2;37;37;megjelent;17;6;5;7;0;2;37;-;-;-;-
2020;1;Szabolcs-Szatmár-Bereg;12;gimnázium;férfi;nappali;magyar nyelv és irodalom;közép;rendes;Nem;magyar;5;87;87;megjelent;37;10;19;14;5;2;87;-;-;-;-
2020;1;Szabolcs-Szatmár-Bereg;12;szakgimnázium/szakközépiskola (2016.09.01-től kifutó rendszerben);nő;nappali;magyar nyelv és irodalom;közép;rendes;Nem;magyar;2;29;29;megjelent;16;0;4;7;0;2;29;-;-;-;-
2020;1;Szabolcs-Szatmár-Bereg;12;gimnázium;férfi;nappali;magyar nyelv és irodalom;közép;rendes;Nem;magyar;5;90;90;megjelent;39;10;20;13;7;1;90;-;-;-;-
2020;1;Szabolcs-Szatmár-Bereg;12;gimnázium;nő;nappali;magyar nyelv és irodalom;közép;rendes;Nem;magyar;5;99;99;megjelent;39;10;25;15;8;2;99;-;-;-;-
2020;1;Szabolcs-Szatmár-Bereg;12;szakgimnázium/szakközépiskola (2016.09.01-től kifutó rendszerben);nő;nappali;magyar nyelv és irodalom;közép;rendes;Nem;magyar;2;34;34;megjelent;15;6;5;6;0;2;34;-;-;-;-
2020;1;Szabolcs-Szatmár-Bereg;12;gimnázium;nő;nappali;magyar nyelv és irodalom;közép;rendes;Nem;magyar;5;90;90;megjelent;38;10;19;15;6;2;90;-;-;-;-
2020;1;Szabolcs-Szatmár-Bereg;12;gimnázium;nő;nappali;magyar nyelv és irodalom;közép;rendes;Nem;magyar;5;94;94;megjelent;38;10;21;15;8;2;94;-;-;-;-
2020;1;Szabolcs-Szatmár-Bereg;12;gimnázium;nő;nappali;magyar nyelv és irodalom;közép;rendes;Nem;magyar;5;95;95;megjelent;37;10;23;15;8;2;95;-;-;-;-
2020;1;Szabolcs-Szatmár-Bereg;12;szakgimnázium/szakközépiskola (2016.09.01-től kifutó rendszerben);nő;nappali;magyar nyelv és irodalom;közép;rendes;Nem;magyar;4;60;60;megjelent;26;8;13;11;0;2;60;-;-;-;-
2020;1;Szabolcs-Szatmár-Bereg;12;gimnázium;nő;nappali;magyar nyelv és irodalom;közép;rendes;Nem;magyar;5;93;93;megjelent;34;10;25;15;7;2;93;-;-;-;-
2020;1;Szabolcs-Szatmár-Bereg;12;gimnázium;nő;nappali;magyar nyelv és irodalom;közép;rendes;Nem;magyar;5;99;99;megjelent;39;10;25;15;8;2;99;-;-;-;-
2020;1;Szabolcs-Szatmár-Bereg;12;gimnázium;férfi;nappali;magyar nyelv és irodalom;közép;rendes;Nem;magyar;5;89;89;megjelent;36;10;19;14;8;2;89;-;-;-;-
2020;1;Szabolcs-Szatmár-Bereg;12;szakgimnázium/szakközépiskola (2016.09.01-től kifutó rendszerben);nő;nappali;magyar nyelv és irodalom;közép;rendes;Nem;magyar;4;60;60;megjelent;30;6;12;10;0;2;60;-;-;-;-
2020;1;Szabolcs-Szatmár-Bereg;12;gimnázium;férfi;nappali;magyar nyelv és irodalom;közép;rendes;Nem;magyar;5;89;89;megjelent;37;9;23;12;7;1;89;-;-;-;-
2020;1;Szabolcs-Szatmár-Bereg;12;gimnázium;nő;nappali;magyar nyelv és irodalom;közép;rendes;Nem;magyar;5;99;99;megjelent;39;10;25;15;8;2;99;-;-;-;-
2020;1;Szabolcs-Szatmár-Bereg;12;szakgimnázium/szakközépiskola (2016.09.01-től kifutó rendszerben);nő;nappali;magyar nyelv és irodalom;közép;rendes;Nem;magyar;2;38;38;megjelent;14;7;7;8;0;2;38;-;-;-;-
2020;1;Szabolcs-Szatmár-Bereg;12;gimnázium;nő;nappali;magyar nyelv és irodalom;közép;rendes;Nem;magyar;5;95;95;megjelent;38;10;24;13;8;2;95;-;-;-;-
2020;1;Szabolcs-Szatmár-Bereg;12;gimnázium;férfi;nappali;magyar nyelv és irodalom;közép;rendes;Nem;magyar;5;80;80;megjelent;38;10;15;13;2;2;80;-;-;-;-
2020;1;Szabolcs-Szatmár-Bereg;12;gimnázium;nő;nappali;magyar nyelv és irodalom;közép;rendes;Nem;magyar;5;89;89;megjelent;36;10;20;15;6;2;89;-;-;-;-
2020;1;Szabolcs-Szatmár-Bereg;12;szakgimnázium/szakközépiskola (2016.09.01-től kifutó rendszerben);nő;nappali;magyar nyelv és irodalom;közép;rendes;Nem;magyar;3;54;54;megjelent;24;8;9;8;3;2;54;-;-;-;-
2020;1;Szabolcs-Szatmár-Bereg;12;gimnázium;nő;nappali;magyar nyelv és irodalom;közép;rendes;Nem;magyar;5;98;98;megjelent;38;10;25;15;8;2;98;-;-;-;-
2020;1;Szabolcs-Szatmár-Bereg;12;gimnázium;férfi;nappali;magyar nyelv és irodalom;közép;rendes;Nem;magyar;5;98;98;megjelent;38;10;25;15;8;2;98;-;-;-;-
2020;1;Szabolcs-Szatmár-Bereg;12;szakgimnázium/szakközépiskola (2016.09.01-től kifutó rendszerben);nő;nappali;magyar nyelv és irodalom;közép;rendes;Nem;magyar;4;71;71;megjelent;32;8;17;10;2;2;71;-;-;-;-
2020;1;Szabolcs-Szatmár-Bereg;12;gimnázium;nő;nappali;magyar nyelv és irodalom;közép;rendes;Nem;magyar;5;99;99;megjelent;39;10;25;15;8;2;99;-;-;-;-
2020;1;Szabolcs-Szatmár-Bereg;12;szakgimnázium/szakközépiskola (2016.09.01-től kifutó rendszerben);nő;nappali;magyar nyelv és irodalom;közép;rendes;Nem;magyar;2;37;37;megjelent;14;4;6;9;2;2;37;-;-;-;-
2020;1;Szabolcs-Szatmár-Bereg;12;gimnázium;nő;nappali;magyar nyelv és irodalom;közép;rendes;Nem;magyar;5;87;87;megjelent;37;10;18;15;6;1;87;-;-;-;-
2020;1;Szabolcs-Szatmár-Bereg;12;szakgimnázium/szakközépiskola (2016.09.01-től kifutó rendszerben);nő;nappali;magyar nyelv és irodalom;közép;rendes;Nem;magyar;2;32;32;megjelent;18;4;2;6;0;2;32;-;-;-;-
2020;1;Szabolcs-Szatmár-Bereg;12;szakgimnázium/szakközépiskola (2016.09.01-től kifutó rendszerben);nő;nappali;magyar nyelv és irodalom;közép;rendes;Nem;magyar;3;44;44;megjelent;15;8;9;8;2;2;44;-;-;-;-
2020;1;Szabolcs-Szatmár-Bereg;12;szakgimnázium/szakközépiskola (2016.09.01-től kifutó rendszerben);nő;nappali;magyar nyelv és irodalom;közép;rendes;Nem;magyar;3;43;43;megjelent;20;0;10;9;2;2;43;-;-;-;-
2020;1;Szabolcs-Szatmár-Bereg;12;szakgimnázium/szakközépiskola (2016.09.01-től kifutó rendszerben);nő;nappali;magyar nyelv és irodalom;közép;rendes;Nem;magyar;2;28;28;megjelent;15;0;7;4;0;2;28;-;-;-;-
2020;1;Szabolcs-Szatmár-Bereg;12;szakgimnázium/szakközépiskola (2016.09.01-től kifutó rendszerben);nő;nappali;magyar nyelv és irodalom;közép;rendes;Nem;magyar;2;27;27;megjelent;10;3;6;6;0;2;27;-;-;-;-
2020;1;Szabolcs-Szatmár-Bereg;12;szakgimnázium/szakközépiskola (2016.09.01-től kifutó rendszerben);férfi;nappali;magyar nyelv és irodalom;közép;rendes;Nem;magyar;2;28;28;megjelent;8;0;11;7;0;2;28;-;-;-;-
2020;1;Szabolcs-Szatmár-Bereg;12;szakgimnázium/szakközépiskola (2016.09.01-től kifutó rendszerben);nő;nappali;magyar nyelv és irodalom;közép;rendes;Igen;magyar;2;26;13;megjelent;-;-;-;-;-;-;-;5;5;3;13
2020;1;Szabolcs-Szatmár-Bereg;12;szakgimnázium/szakközépiskola (2016.09.01-től kifutó rendszerben);nő;nappali;magyar nyelv és irodalom;közép;rendes;Nem;magyar;4;61;61;megjelent;25;9;9;11;5;2;61;-;-;-;-
2020;1;Szabolcs-Szatmár-Bereg;12;szakgimnázium/szakközépiskola (2016.09.01-től kifutó rendszerben);nő;nappali;magyar nyelv és irodalom;közép;rendes;Nem;magyar;4;60;60;megjelent;23;6;18;11;0;2;60;-;-;-;-
2020;1;Szabolcs-Szatmár-Bereg;12;szakgimnázium/szakközépiskola (2016.09.01-től kifutó rendszerben);nő;nappali;magyar nyelv és irodalom;közép;rendes;Nem;magyar;3;40;40;megjelent;14;6;8;10;0;2;40;-;-;-;-
2020;1;Szabolcs-Szatmár-Bereg;12;szakgimnázium/szakközépiskola (2016.09.01-től kifutó rendszerben);nő;nappali;magyar nyelv és irodalom;közép;rendes;Nem;magyar;3;40;40;megjelent;21;0;10;7;0;2;40;-;-;-;-
2020;1;Szabolcs-Szatmár-Bereg;12;szakgimnázium/szakközépiskola (2016.09.01-től kifutó rendszerben);nő;nappali;magyar nyelv és irodalom;közép;rendes;Nem;magyar;3;44;44;megjelent;16;5;13;10;0;0;44;-;-;-;-
2020;1;Szabolcs-Szatmár-Bereg;12;szakgimnázium/szakközépiskola (2016.09.01-től kifutó rendszerben);férfi;nappali;magyar nyelv és irodalom;közép;rendes;Nem;magyar;3;40;40;megjelent;26;1;9;4;0;0;40;-;-;-;-
2020;1;Szabolcs-Szatmár-Bereg;12;szakgimnázium/szakközépiskola (2016.09.01-től kifutó rendszerben);nő;nappali;magyar nyelv és irodalom;közép;rendes;Nem;magyar;3;57;57;megjelent;21;7;15;11;3;0;57;-;-;-;-
2020;1;Szabolcs-Szatmár-Bereg;12;szakgimnázium/szakközépiskola (2016.09.01-től kifutó rendszerben);nő;nappali;magyar nyelv és irodalom;közép;rendes;Nem;magyar;2;33;33;megjelent;17;5;2;2;5;2;33;-;-;-;-
2020;1;Szabolcs-Szatmár-Bereg;12;szakgimnázium/szakközépiskola (2016.09.01-től kifutó rendszerben);nő;nappali;magyar nyelv és irodalom;közép;rendes;Nem;magyar;3;50;50;megjelent;14;6;16;12;0;2;50;-;-;-;-
2020;1;Szabolcs-Szatmár-Bereg;12;szakgimnázium/szakközépiskola (2016.09.01-től kifutó rendszerben);nő;nappali;magyar nyelv és irodalom;közép;rendes;Nem;magyar;3;40;40;megjelent;22;5;7;4;0;2;40;-;-;-;-
2020;1;Szabolcs-Szatmár-Bereg;12;szakgimnázium/szakközépiskola (2016.09.01-től kifutó rendszerben);nő;nappali;magyar nyelv és irodalom;közép;rendes;Nem;magyar;2;37;37;megjelent;17;5;4;5;4;2;37;-;-;-;-
2020;1;Szabolcs-Szatmár-Bereg;12;szakgimnázium/szakközépiskola (2016.09.01-től kifutó rendszerben);nő;nappali;magyar nyelv és irodalom;közép;rendes;Nem;magyar;2;29;29;megjelent;16;0;9;4;0;0;29;-;-;-;-
2020;1;Szabolcs-Szatmár-Bereg;12;szakgimnázium/szakközépiskola (2016.09.01-től kifutó rendszerben);férfi;nappali;magyar nyelv és irodalom;közép;rendes;Nem;magyar;3;48;48;megjelent;22;5;15;6;0;0;48;-;-;-;-
2020;1;Szabolcs-Szatmár-Bereg;12;szakgimnázium/szakközépiskola (2016.09.01-től kifutó rendszerben);nő;nappali;magyar nyelv és irodalom;közép;rendes;Nem;magyar;2;38;38;megjelent;16;6;9;7;0;0;38;-;-;-;-
2020;1;Szabolcs-Szatmár-Bereg;12;szakgimnázium/szakközépiskola (2016.09.01-től kifutó rendszerben);nő;nappali;magyar nyelv és irodalom;közép;rendes;Nem;magyar;3;55;55;megjelent;19;7;18;11;0;0;55;-;-;-;-
2020;1;Szabolcs-Szatmár-Bereg;12;szakgimnázium/szakközépiskola (2016.09.01-től kifutó rendszerben);nő;nappali;magyar nyelv és irodalom;közép;rendes;Nem;magyar;3;49;49;megjelent;14;10;16;9;0;0;49;-;-;-;-
2020;1;Szabolcs-Szatmár-Bereg;12;szakgimnázium/szakközépiskola (2016.09.01-től kifutó rendszerben);nő;nappali;magyar nyelv és irodalom;közép;rendes;Nem;magyar;2;37;37;megjelent;14;5;12;6;0;0;37;-;-;-;-
2020;1;Szabolcs-Szatmár-Bereg;12;szakgimnázium/szakközépiskola (2016.09.01-től kifutó rendszerben);férfi;nappali;magyar nyelv és irodalom;közép;rendes;Nem;magyar;3;43;43;megjelent;22;6;9;6;0;0;43;-;-;-;-
2020;1;Szabolcs-Szatmár-Bereg;12;szakgimnázium/szakközépiskola (2016.09.01-től kifutó rendszerben);férfi;nappali;magyar nyelv és irodalom;közép;rendes;Nem;magyar;4;60;60;megjelent;27;8;13;7;5;0;60;-;-;-;-
2020;1;Szabolcs-Szatmár-Bereg;12;szakgimnázium/szakközépiskola (2016.09.01-től kifutó rendszerben);férfi;nappali;magyar nyelv és irodalom;közép;rendes;Nem;magyar;3;44;44;megjelent;24;6;7;7;0;0;44;-;-;-;-
2020;1;Szabolcs-Szatmár-Bereg;12;szakgimnázium/szakközépiskola (2016.09.01-től kifutó rendszerben);nő;nappali;magyar nyelv és irodalom;közép;rendes;Nem;magyar;4;63;63;megjelent;23;5;20;13;0;2;63;-;-;-;-
2020;1;Szabolcs-Szatmár-Bereg;12;szakgimnázium/szakközépiskola (2016.09.01-től kifutó rendszerben);nő;nappali;magyar nyelv és irodalom;közép;rendes;Nem;magyar;2;38;38;megjelent;20;5;5;7;0;1;38;-;-;-;-
2020;1;Szabolcs-Szatmár-Bereg;12;szakgimnázium/szakközépiskola (2016.09.01-től kifutó rendszerben);nő;nappali;magyar nyelv és irodalom;közép;rendes;Nem;magyar;4;67;67;megjelent;28;6;18;13;0;2;67;-;-;-;-
2020;1;Szabolcs-Szatmár-Bereg;12;szakgimnázium/szakközépiskola (2016.09.01-től kifutó rendszerben);nő;nappali;magyar nyelv és irodalom;közép;rendes;Nem;magyar;4;75;75;megjelent;30;10;20;13;0;2;75;-;-;-;-
2020;1;Szabolcs-Szatmár-Bereg;12;szakgimnázium/szakközépiskola (2016.09.01-től kifutó rendszerben);nő;nappali;magyar nyelv és irodalom;közép;rendes;Nem;magyar;3;59;59;megjelent;16;5;20;10;7;1;59;-;-;-;-
2020;1;Szabolcs-Szatmár-Bereg;12;szakgimnázium/szakközépiskola (2016.09.01-től kifutó rendszerben);nő;nappali;magyar nyelv és irodalom;közép;rendes;Nem;magyar;3;51;51;megjelent;19;3;15;10;3;1;51;-;-;-;-
2020;1;Szabolcs-Szatmár-Bereg;12;szakgimnázium/szakközépiskola (2016.09.01-től kifutó rendszerben);nő;nappali;magyar nyelv és irodalom;közép;rendes;Nem;magyar;2;31;31;megjelent;13;5;10;3;0;0;31;-;-;-;-
2020;1;Szabolcs-Szatmár-Bereg;12;szakgimnázium/szakközépiskola (2016.09.01-től kifutó rendszerben);nő;nappali;magyar nyelv és irodalom;közép;rendes;Nem;magyar;2;33;33;megjelent;13;0;12;6;0;2;33;-;-;-;-
2020;1;Szabolcs-Szatmár-Bereg;12;szakgimnázium/szakközépiskola (2016.09.01-től kifutó rendszerben);nő;nappali;magyar nyelv és irodalom;közép;rendes;Nem;magyar;4;63;63;megjelent;26;6;19;10;0;2;63;-;-;-;-
2020;1;Szabolcs-Szatmár-Bereg;12;szakgimnázium/szakközépiskola (2016.09.01-től kifutó rendszerben);nő;nappali;magyar nyelv és irodalom;közép;rendes;Nem;magyar;3;44;44;megjelent;15;5;14;7;2;1;44;-;-;-;-
2020;1;Szabolcs-Szatmár-Bereg;12;szakgimnázium/szakközépiskola (2016.09.01-től kifutó rendszerben);férfi;nappali;magyar nyelv és irodalom;közép;rendes;Nem;magyar;3;56;56;megjelent;25;7;12;10;0;2;56;-;-;-;-
2020;1;Szabolcs-Szatmár-Bereg;12;szakgimnázium/szakközépiskola (2016.09.01-től kifutó rendszerben);férfi;nappali;magyar nyelv és irodalom;közép;rendes;Nem;magyar;3;40;40;megjelent;16;7;10;5;2;0;40;-;-;-;-
2020;1;Szabolcs-Szatmár-Bereg;12;szakgimnázium/szakközépiskola (2016.09.01-től kifutó rendszerben);férfi;nappali;magyar nyelv és irodalom;közép;rendes;Nem;magyar;3;52;52;megjelent;19;5;18;9;0;1;52;-;-;-;-
2020;1;Szabolcs-Szatmár-Bereg;12;szakgimnázium/szakközépiskola (2016.09.01-től kifutó rendszerben);férfi;nappali;magyar nyelv és irodalom;közép;rendes;Nem;magyar;4;69;69;megjelent;24;6;21;10;7;1;69;-;-;-;-
2020;1;Szabolcs-Szatmár-Bereg;12;szakgimnázium/szakközépiskola (2016.09.01-től kifutó rendszerben);nő;nappali;magyar nyelv és irodalom;közép;rendes;Nem;magyar;3;44;44;megjelent;17;0;10;7;8;2;44;-;-;-;-
2020;1;Szabolcs-Szatmár-Bereg;12;szakgimnázium/szakközépiskola (2016.09.01-től kifutó rendszerben);férfi;nappali;magyar nyelv és irodalom;közép;rendes;Nem;magyar;4;73;73;megjelent;31;7;22;9;4;0;73;-;-;-;-
2020;1;Szabolcs-Szatmár-Bereg;12;gimnázium;nő;nappali;magyar nyelv és irodalom;közép;rendes;Nem;magyar;5;81;81;megjelent;32;9;22;12;4;2;81;-;-;-;-
2020;1;Szabolcs-Szatmár-Bereg;12;gimnázium;férfi;nappali;magyar nyelv és irodalom;közép;rendes;Nem;magyar;5;88;88;megjelent;29;10;25;15;7;2;88;-;-;-;-
2020;1;Szabolcs-Szatmár-Bereg;12;gimnázium;férfi;nappali;magyar nyelv és irodalom;közép;rendes;Nem;magyar;5;92;92;megjelent;35;10;25;13;7;2;92;-;-;-;-
2020;1;Szabolcs-Szatmár-Bereg;4;gimnázium;nő;nappali;magyar nyelv és irodalom;közép;rendes;Nem;magyar;5;87;87;megjelent;35;10;19;15;6;2;87;-;-;-;-
2020;1;Szabolcs-Szatmár-Bereg;4;gimnázium;férfi;nappali;magyar nyelv és irodalom;közép;rendes;Nem;magyar;3;55;55;megjelent;31;6;9;8;0;1;55;-;-;-;-
2020;1;Szabolcs-Szatmár-Bereg;4;gimnázium;nő;nappali;magyar nyelv és irodalom;közép;rendes;Nem;magyar;3;47;47;megjelent;21;7;9;8;0;2;47;-;-;-;-
2020;1;Szabolcs-Szatmár-Bereg;4;gimnázium;nő;nappali;magyar nyelv és irodalom;közép;rendes;Nem;magyar;4;66;66;megjelent;26;9;17;12;0;2;66;-;-;-;-
2020;1;Szabolcs-Szatmár-Bereg;4;gimnázium;férfi;nappali;magyar nyelv és irodalom;közép;rendes;Igen;magyar;3;56;28;megjelent;-;-;-;-;-;-;-;10;8;10;28
2020;1;Szabolcs-Szatmár-Bereg;12;gimnázium;nő;nappali;magyar nyelv és irodalom;közép;rendes;Nem;magyar;5;94;94;megjelent;37;10;22;15;8;2;94;-;-;-;-
2020;1;Szabolcs-Szatmár-Bereg;4;gimnázium;nő;nappali;magyar nyelv és irodalom;közép;rendes;Igen;magyar;4;72;36;megjelent;-;-;-;-;-;-;-;18;6;12;36
2020;1;Szabolcs-Szatmár-Bereg;12;gimnázium;nő;nappali;magyar nyelv és irodalom;közép;rendes;Nem;magyar;5;97;97;megjelent;37;10;25;15;8;2;97;-;-;-;-
2020;1;Szabolcs-Szatmár-Bereg;12;gimnázium;nő;nappali;magyar nyelv és irodalom;közép;rendes;Nem;magyar;5;98;98;megjelent;38;10;25;15;8;2;98;-;-;-;-
2020;1;Szabolcs-Szatmár-Bereg;12;gimnázium;nő;nappali;magyar nyelv és irodalom;közép;rendes;Nem;magyar;5;83;83;megjelent;32;9;22;15;4;1;83;-;-;-;-
2020;1;Szabolcs-Szatmár-Bereg;4;gimnázium;nő;nappali;magyar nyelv és irodalom;közép;rendes;Nem;magyar;4;61;61;megjelent;28;8;12;11;0;2;61;-;-;-;-
2020;1;Szabolcs-Szatmár-Bereg;4;gimnázium;férfi;nappali;magyar nyelv és irodalom;közép;rendes;Nem;magyar;4;62;62;megjelent;24;4;16;11;5;2;62;-;-;-;-
2020;1;Szabolcs-Szatmár-Bereg;12;gimnázium;férfi;nappali;magyar nyelv és irodalom;közép;rendes;Nem;magyar;5;87;87;megjelent;35;10;20;13;7;2;87;-;-;-;-
2020;1;Szabolcs-Szatmár-Bereg;12;gimnázium;férfi;nappali;magyar nyelv és irodalom;közép;rendes;Nem;magyar;4;75;75;megjelent;32;9;20;12;0;2;75;-;-;-;-
2020;1;Szabolcs-Szatmár-Bereg;4;gimnázium;nő;nappali;magyar nyelv és irodalom;közép;rendes;Nem;magyar;5;88;88;megjelent;34;10;19;15;8;2;88;-;-;-;-
2020;1;Szabolcs-Szatmár-Bereg;4;gimnázium;férfi;nappali;magyar nyelv és irodalom;közép;rendes;Nem;magyar;3;58;58;megjelent;28;9;7;7;5;2;58;-;-;-;-
2020;1;Szabolcs-Szatmár-Bereg;4;gimnázium;nő;nappali;magyar nyelv és irodalom;közép;rendes;Nem;magyar;5;97;97;megjelent;38;10;25;14;8;2;97;-;-;-;-
2020;1;Szabolcs-Szatmár-Bereg;12;gimnázium;nő;nappali;magyar nyelv és irodalom;közép;rendes;Nem;magyar;5;90;90;megjelent;37;9;23;12;7;2;90;-;-;-;-
2020;1;Szabolcs-Szatmár-Bereg;4;gimnázium;nő;nappali;magyar nyelv és irodalom;közép;rendes;Igen;magyar;3;40;20;megjelent;-;-;-;-;-;-;-;7;5;8;20
2020;1;Szabolcs-Szatmár-Bereg;12;gimnázium;férfi;nappali;magyar nyelv és irodalom;közép;rendes;Nem;magyar;5;87;87;megjelent;37;10;20;10;8;2;87;-;-;-;-
2020;1;Szabolcs-Szatmár-Bereg;4;gimnázium;férfi;nappali;magyar nyelv és irodalom;közép;rendes;Nem;magyar;4;62;62;megjelent;26;8;17;9;0;2;62;-;-;-;-
2020;1;Szabolcs-Szatmár-Bereg;4;gimnázium;nő;nappali;magyar nyelv és irodalom;közép;rendes;Nem;magyar;4;73;73;megjelent;29;9;19;13;1;2;73;-;-;-;-
2020;1;Szabolcs-Szatmár-Bereg;12;gimnázium;férfi;nappali;magyar nyelv és irodalom;közép;rendes;Nem;magyar;5;85;85;megjelent;36;10;19;12;6;2;85;-;-;-;-
2020;1;Szabolcs-Szatmár-Bereg;4;gimnázium;nő;nappali;magyar nyelv és irodalom;közép;rendes;Nem;magyar;5;84;84;megjelent;32;10;19;13;8;2;84;-;-;-;-
2020;1;Szabolcs-Szatmár-Bereg;12;gimnázium;nő;nappali;magyar nyelv és irodalom;közép;rendes;Nem;magyar;5;100;100;megjelent;40;10;25;15;8;2;100;-;-;-;-
2020;1;Szabolcs-Szatmár-Bereg;4;gimnázium;férfi;nappali;magyar nyelv és irodalom;közép;rendes;Nem;magyar;3;49;49;megjelent;23;6;11;9;0;0;49;-;-;-;-
2020;1;Szabolcs-Szatmár-Bereg;12;gimnázium;férfi;nappali;magyar nyelv és irodalom;közép;rendes;Nem;magyar;5;95;95;megjelent;38;10;25;15;5;2;95;-;-;-;-
2020;1;Szabolcs-Szatmár-Bereg;13;szakközép;férfi;nappali;magyar nyelv és irodalom;közép;rendes;Nem;magyar;3;50;50;megjelent;28;0;9;6;6;1;50;-;-;-;-
2020;1;Szabolcs-Szatmár-Bereg;13;szakközép;férfi;nappali;magyar nyelv és irodalom;közép;előrehozott;Nem;magyar;3;42;42;megjelent;28;0;9;4;0;1;42;-;-;-;-
2020;1;Szabolcs-Szatmár-Bereg;13;szakközép;férfi;nappali;magyar nyelv és irodalom;közép;rendes;Nem;magyar;3;42;42;megjelent;22;3;11;6;0;0;42;-;-;-;-
2020;1;Szabolcs-Szatmár-Bereg;13;szakközép;férfi;nappali;magyar nyelv és irodalom;közép;rendes;Nem;magyar;3;51;51;megjelent;24;6;12;8;0;1;51;-;-;-;-
2020;1;Szabolcs-Szatmár-Bereg;13;szakközép;férfi;nappali;magyar nyelv és irodalom;közép;rendes;Nem;magyar;2;32;32;megjelent;17;0;6;6;2;1;32;-;-;-;-
2020;1;Szabolcs-Szatmár-Bereg;13;szakközép;férfi;nappali;magyar nyelv és irodalom;közép;rendes;Nem;magyar;3;57;57;megjelent;31;8;10;7;0;1;57;-;-;-;-
2020;1;Szabolcs-Szatmár-Bereg;12;gimnázium;nő;nappali;magyar nyelv és irodalom;közép;rendes;Nem;magyar;2;28;28;megjelent;12;4;8;3;0;1;28;-;-;-;-
2020;1;Szabolcs-Szatmár-Bereg;12;gimnázium;férfi;nappali;magyar nyelv és irodalom;közép;rendes;Nem;magyar;3;42;42;megjelent;27;6;5;4;0;0;42;-;-;-;-
2020;1;Szabolcs-Szatmár-Bereg;12;gimnázium;nő;nappali;magyar nyelv és irodalom;közép;rendes;Nem;magyar;3;57;57;megjelent;31;7;9;9;0;1;57;-;-;-;-
2020;1;Szabolcs-Szatmár-Bereg;12;gimnázium;férfi;nappali;magyar nyelv és irodalom;közép;rendes;Nem;magyar;4;74;74;megjelent;32;7;15;11;8;1;74;-;-;-;-
2020;1;Szabolcs-Szatmár-Bereg;12;gimnázium;férfi;nappali;magyar nyelv és irodalom;közép;rendes;Nem;magyar;3;40;40;megjelent;26;4;5;5;0;0;40;-;-;-;-
2020;1;Szabolcs-Szatmár-Bereg;13;szakgimnázium/szakközépiskola (2016.09.01-től kifutó rendszerben);férfi;nappali;magyar nyelv és irodalom;közép;rendes;Nem;magyar;2;25;38;megjelent;8;0;1;3;0;0;12;10;10;6;26
2020;1;Szabolcs-Szatmár-Bereg;12;gimnázium;férfi;nappali;magyar nyelv és irodalom;közép;rendes;Nem;magyar;3;53;53;megjelent;26;7;10;9;1;0;53;-;-;-;-
2020;1;Szabolcs-Szatmár-Bereg;12;gimnázium;férfi;nappali;magyar nyelv és irodalom;közép;rendes;Nem;magyar;3;54;54;megjelent;27;4;14;9;0;0;54;-;-;-;-
2020;1;Szabolcs-Szatmár-Bereg;12;gimnázium;férfi;nappali;magyar nyelv és irodalom;közép;rendes;Nem;magyar;2;31;31;megjelent;14;6;6;5;0;0;31;-;-;-;-
2020;1;Szabolcs-Szatmár-Bereg;12;gimnázium;nő;nappali;magyar nyelv és irodalom;közép;rendes;Nem;magyar;3;55;55;megjelent;31;7;9;7;0;1;55;-;-;-;-
2020;1;Szabolcs-Szatmár-Bereg;12;gimnázium;nő;nappali;magyar nyelv és irodalom;közép;rendes;Nem;magyar;2;35;35;megjelent;27;4;2;2;0;0;35;-;-;-;-
2020;1;Szabolcs-Szatmár-Bereg;12;szakgimnázium/szakközépiskola (2016.09.01-től kifutó rendszerben);nő;nappali;magyar nyelv és irodalom;közép;rendes;Nem;magyar;4;61;61;megjelent;23;6;19;11;0;2;61;-;-;-;-
2020;1;Szabolcs-Szatmár-Bereg;12;szakgimnázium/szakközépiskola (2016.09.01-től kifutó rendszerben);nő;nappali;magyar nyelv és irodalom;közép;rendes;Nem;magyar;4;65;65;megjelent;28;9;15;11;0;2;65;-;-;-;-
2020;1;Szabolcs-Szatmár-Bereg;12;szakgimnázium/szakközépiskola (2016.09.01-től kifutó rendszerben);férfi;nappali;magyar nyelv és irodalom;közép;rendes;Nem;magyar;2;30;30;megjelent;12;8;4;5;0;1;30;-;-;-;-
2020;1;Szabolcs-Szatmár-Bereg;12;szakgimnázium/szakközépiskola (2016.09.01-től kifutó rendszerben);nő;nappali;magyar nyelv és irodalom;közép;rendes;Nem;magyar;3;51;51;megjelent;17;9;13;10;0;2;51;-;-;-;-
2020;1;Szabolcs-Szatmár-Bereg;12;szakgimnázium/szakközépiskola (2016.09.01-től kifutó rendszerben);nő;nappali;magyar nyelv és irodalom;közép;rendes;Nem;magyar;4;69;69;megjelent;18;10;19;15;5;2;69;-;-;-;-
2020;1;Szabolcs-Szatmár-Bereg;12;szakgimnázium/szakközépiskola (2016.09.01-től kifutó rendszerben);nő;nappali;magyar nyelv és irodalom;közép;rendes;Nem;magyar;4;63;63;megjelent;26;9;16;11;0;1;63;-;-;-;-
2020;1;Szabolcs-Szatmár-Bereg;12;szakgimnázium/szakközépiskola (2016.09.01-től kifutó rendszerben);férfi;nappali;magyar nyelv és irodalom;közép;rendes;Nem;magyar;4;73;73;megjelent;31;9;19;13;0;1;73;-;-;-;-
2020;1;Szabolcs-Szatmár-Bereg;12;szakgimnázium/szakközépiskola (2016.09.01-től kifutó rendszerben);nő;nappali;magyar nyelv és irodalom;közép;rendes;Nem;magyar;3;47;47;megjelent;16;0;15;11;3;2;47;-;-;-;-
2020;1;Szabolcs-Szatmár-Bereg;12;szakgimnázium/szakközépiskola (2016.09.01-től kifutó rendszerben);férfi;nappali;magyar nyelv és irodalom;közép;rendes;Nem;magyar;4;76;76;megjelent;28;8;20;14;4;2;76;-;-;-;-
2020;1;Szabolcs-Szatmár-Bereg;12;szakgimnázium/szakközépiskola (2016.09.01-től kifutó rendszerben);nő;nappali;magyar nyelv és irodalom;közép;rendes;Nem;magyar;3;42;42;megjelent;17;6;9;8;0;2;42;-;-;-;-
2020;1;Szabolcs-Szatmár-Bereg;12;gimnázium;férfi;nappali;magyar nyelv és irodalom;közép;rendes;Nem;magyar;4;68;68;megjelent;33;9;14;11;0;1;68;-;-;-;-
2020;1;Szabolcs-Szatmár-Bereg;12;szakgimnázium/szakközépiskola (2016.09.01-től kifutó rendszerben);nő;nappali;magyar nyelv és irodalom;közép;rendes;Nem;magyar;4;68;68;megjelent;24;7;20;15;0;2;68;-;-;-;-
2020;1;Szabolcs-Szatmár-Bereg;12;gimnázium;férfi;nappali;magyar nyelv és irodalom;közép;rendes;Nem;magyar;3;40;40;megjelent;28;4;5;3;0;0;40;-;-;-;-
2020;1;Szabolcs-Szatmár-Bereg;12;gimnázium;férfi;nappali;magyar nyelv és irodalom;közép;rendes;Nem;magyar;5;81;81;megjelent;35;9;19;12;6;0;81;-;-;-;-
2020;1;Szabolcs-Szatmár-Bereg;12;szakgimnázium/szakközépiskola (2016.09.01-től kifutó rendszerben);férfi;nappali;magyar nyelv és irodalom;közép;rendes;Nem;magyar;3;49;49;megjelent;22;8;8;9;0;2;49;-;-;-;-
2020;1;Szabolcs-Szatmár-Bereg;12;szakgimnázium/szakközépiskola (2016.09.01-től kifutó rendszerben);férfi;nappali;magyar nyelv és irodalom;közép;rendes;Nem;magyar;4;60;60;megjelent;32;8;12;7;0;1;60;-;-;-;-
2020;1;Szabolcs-Szatmár-Bereg;12;gimnázium;nő;nappali;magyar nyelv és irodalom;közép;rendes;Nem;magyar;2;25;25;megjelent;17;0;4;4;0;0;25;-;-;-;-
2020;1;Szabolcs-Szatmár-Bereg;12;szakgimnázium/szakközépiskola (2016.09.01-től kifutó rendszerben);nő;nappali;magyar nyelv és irodalom;közép;rendes;Nem;magyar;3;48;48;megjelent;24;8;8;7;0;1;48;-;-;-;-
2020;1;Szabolcs-Szatmár-Bereg;12;gimnázium;nő;nappali;magyar nyelv és irodalom;közép;rendes;Nem;magyar;2;25;25;megjelent;18;0;4;3;0;0;25;-;-;-;-
2020;1;Szabolcs-Szatmár-Bereg;12;szakgimnázium/szakközépiskola (2016.09.01-től kifutó rendszerben);férfi;nappali;magyar nyelv és irodalom;közép;rendes;Nem;magyar;4;70;70;megjelent;35;9;15;11;0;0;70;-;-;-;-
2020;1;Szabolcs-Szatmár-Bereg;12;gimnázium;nő;nappali;magyar nyelv és irodalom;közép;rendes;Nem;magyar;4;72;72;megjelent;32;9;15;12;4;0;72;-;-;-;-
2020;1;Szabolcs-Szatmár-Bereg;12;szakgimnázium/szakközépiskola (2016.09.01-től kifutó rendszerben);férfi;nappali;magyar nyelv és irodalom;közép;rendes;Nem;magyar;3;48;48;megjelent;20;7;13;7;0;1;48;-;-;-;-
2020;1;Szabolcs-Szatmár-Bereg;12;gimnázium;nő;nappali;magyar nyelv és irodalom;közép;rendes;Nem;magyar;4;61;61;megjelent;26;7;15;12;0;1;61;-;-;-;-
2020;1;Szabolcs-Szatmár-Bereg;12;szakgimnázium/szakközépiskola (2016.09.01-től kifutó rendszerben);férfi;nappali;magyar nyelv és irodalom;közép;rendes;Nem;magyar;3;54;54;megjelent;25;3;12;12;0;2;54;-;-;-;-
2020;1;Szabolcs-Szatmár-Bereg;12;szakgimnázium/szakközépiskola (2016.09.01-től kifutó rendszerben);férfi;nappali;magyar nyelv és irodalom;közép;rendes;Nem;magyar;3;44;44;megjelent;23;3;8;9;0;1;44;-;-;-;-
2020;1;Szabolcs-Szatmár-Bereg;12;szakgimnázium/szakközépiskola (2016.09.01-től kifutó rendszerben);nő;nappali;magyar nyelv és irodalom;közép;rendes;Nem;magyar;3;49;49;megjelent;22;7;10;8;0;2;49;-;-;-;-
2020;1;Szabolcs-Szatmár-Bereg;12;gimnázium;férfi;nappali;magyar nyelv és irodalom;közép;rendes;Nem;magyar;5;91;91;megjelent;36;10;22;15;6;2;91;-;-;-;-
2020;1;Szabolcs-Szatmár-Bereg;12;gimnázium;nő;nappali;magyar nyelv és irodalom;közép;rendes;Nem;magyar;5;84;84;megjelent;36;10;19;10;7;2;84;-;-;-;-
2020;1;Szabolcs-Szatmár-Bereg;12;gimnázium;nő;nappali;magyar nyelv és irodalom;közép;rendes;Nem;magyar;5;92;92;megjelent;37;10;23;13;7;2;92;-;-;-;-
2020;1;Szabolcs-Szatmár-Bereg;12;gimnázium;nő;nappali;magyar nyelv és irodalom;közép;rendes;Nem;magyar;2;34;34;megjelent;24;3;4;2;0;1;34;-;-;-;-
2020;1;Szabolcs-Szatmár-Bereg;12;gimnázium;nő;nappali;magyar nyelv és irodalom;közép;rendes;Nem;magyar;5;88;88;megjelent;32;10;23;15;6;2;88;-;-;-;-
2020;1;Szabolcs-Szatmár-Bereg;12;gimnázium;nő;nappali;magyar nyelv és irodalom;közép;rendes;Nem;magyar;3;43;43;megjelent;18;8;8;8;0;1;43;-;-;-;-
2020;1;Szabolcs-Szatmár-Bereg;12;gimnázium;nő;nappali;magyar nyelv és irodalom;közép;rendes;Nem;magyar;4;61;61;megjelent;24;9;10;8;8;2;61;-;-;-;-
2020;1;Szabolcs-Szatmár-Bereg;12;gimnázium;nő;nappali;magyar nyelv és irodalom;közép;rendes;Nem;magyar;2;28;28;megjelent;12;7;3;5;0;1;28;-;-;-;-
2020;1;Szabolcs-Szatmár-Bereg;12;gimnázium;férfi;nappali;magyar nyelv és irodalom;közép;rendes;Nem;magyar;3;46;46;megjelent;23;7;7;8;0;1;46;-;-;-;-
2020;1;Szabolcs-Szatmár-Bereg;12;gimnázium;nő;nappali;magyar nyelv és irodalom;közép;rendes;Nem;magyar;5;93;93;megjelent;35;10;24;15;7;2;93;-;-;-;-
2020;1;Szabolcs-Szatmár-Bereg;12;gimnázium;nő;nappali;magyar nyelv és irodalom;közép;rendes;Nem;magyar;5;88;88;megjelent;37;9;25;15;0;2;88;-;-;-;-
2020;1;Szabolcs-Szatmár-Bereg;12;gimnázium;nő;nappali;magyar nyelv és irodalom;közép;rendes;Nem;magyar;5;92;92;megjelent;35;8;24;15;8;2;92;-;-;-;-
2020;1;Szabolcs-Szatmár-Bereg;12;gimnázium;nő;nappali;magyar nyelv és irodalom;közép;rendes;Nem;magyar;5;93;93;megjelent;35;10;25;15;6;2;93;-;-;-;-
2020;1;Szabolcs-Szatmár-Bereg;12;gimnázium;férfi;nappali;magyar nyelv és irodalom;közép;rendes;Nem;magyar;3;53;53;megjelent;24;7;11;10;0;1;53;-;-;-;-
2020;1;Szabolcs-Szatmár-Bereg;12;gimnázium;nő;nappali;magyar nyelv és irodalom;közép;rendes;Nem;magyar;5;94;94;megjelent;37;9;25;15;6;2;94;-;-;-;-
2020;1;Szabolcs-Szatmár-Bereg;12;gimnázium;férfi;nappali;magyar nyelv és irodalom;közép;rendes;Nem;magyar;5;87;87;megjelent;34;10;25;13;3;2;87;-;-;-;-
2020;1;Szabolcs-Szatmár-Bereg;12;gimnázium;férfi;nappali;magyar nyelv és irodalom;közép;rendes;Nem;magyar;5;98;98;megjelent;39;10;24;15;8;2;98;-;-;-;-
2020;1;Szabolcs-Szatmár-Bereg;12;gimnázium;nő;nappali;magyar nyelv és irodalom;közép;rendes;Nem;magyar;5;85;85;megjelent;33;10;24;13;3;2;85;-;-;-;-
2020;1;Szabolcs-Szatmár-Bereg;12;gimnázium;férfi;nappali;magyar nyelv és irodalom;közép;rendes;Nem;magyar;4;74;74;megjelent;28;9;17;12;6;2;74;-;-;-;-
2020;1;Szabolcs-Szatmár-Bereg;13;szakközép;férfi;nappali;magyar nyelv és irodalom;közép;rendes;Nem;magyar;2;33;33;megjelent;21;3;4;4;0;1;33;-;-;-;-
2020;1;Szabolcs-Szatmár-Bereg;13;szakközép;férfi;nappali;magyar nyelv és irodalom;közép;rendes;Nem;magyar;2;34;34;megjelent;25;0;4;4;0;1;34;-;-;-;-
2020;1;Szabolcs-Szatmár-Bereg;12;gimnázium;nő;nappali;magyar nyelv és irodalom;közép;rendes;Nem;magyar;5;87;87;megjelent;35;10;25;13;2;2;87;-;-;-;-
2020;1;Szabolcs-Szatmár-Bereg;13;szakközép;férfi;nappali;magyar nyelv és irodalom;közép;rendes;Nem;magyar;3;56;56;megjelent;28;6;13;7;1;1;56;-;-;-;-
2020;1;Szabolcs-Szatmár-Bereg;13;szakközép;férfi;nappali;magyar nyelv és irodalom;közép;rendes;Nem;magyar;2;31;31;megjelent;18;0;4;6;2;1;31;-;-;-;-
2020;1;Szabolcs-Szatmár-Bereg;12;gimnázium;nő;nappali;magyar nyelv és irodalom;közép;rendes;Nem;magyar;5;88;88;megjelent;34;8;24;13;7;2;88;-;-;-;-
2020;1;Szabolcs-Szatmár-Bereg;13;szakközép;férfi;nappali;magyar nyelv és irodalom;közép;rendes;Nem;magyar;2;38;38;megjelent;15;6;9;7;0;1;38;-;-;-;-
2020;1;Szabolcs-Szatmár-Bereg;13;szakközép;férfi;nappali;magyar nyelv és irodalom;közép;rendes;Nem;magyar;3;46;46;megjelent;22;6;11;6;0;1;46;-;-;-;-
2020;1;Szabolcs-Szatmár-Bereg;12;gimnázium;férfi;nappali;magyar nyelv és irodalom;közép;rendes;Nem;magyar;5;93;93;megjelent;37;8;23;15;8;2;93;-;-;-;-
2020;1;Szabolcs-Szatmár-Bereg;13;szakközép;férfi;nappali;magyar nyelv és irodalom;közép;rendes;Nem;magyar;2;38;38;megjelent;23;5;4;5;0;1;38;-;-;-;-
2020;1;Szabolcs-Szatmár-Bereg;13;szakközép;férfi;nappali;magyar nyelv és irodalom;közép;rendes;Nem;magyar;3;56;56;megjelent;28;6;12;9;0;1;56;-;-;-;-
2020;1;Szabolcs-Szatmár-Bereg;12;gimnázium;férfi;nappali;magyar nyelv és irodalom;közép;rendes;Nem;magyar;5;83;83;megjelent;35;10;18;10;8;2;83;-;-;-;-
2020;1;Szabolcs-Szatmár-Bereg;13;szakközép;férfi;nappali;magyar nyelv és irodalom;közép;rendes;Nem;magyar;3;43;43;megjelent;20;4;12;7;0;0;43;-;-;-;-
2020;1;Szabolcs-Szatmár-Bereg;13;szakközép;férfi;nappali;magyar nyelv és irodalom;közép;előrehozott;Nem;magyar;2;26;40;megjelent;8;3;3;3;0;0;17;11;5;7;23
2020;1;Szabolcs-Szatmár-Bereg;12;gimnázium;férfi;nappali;magyar nyelv és irodalom;közép;rendes;Nem;magyar;5;84;84;megjelent;32;9;22;15;4;2;84;-;-;-;-
2020;1;Szabolcs-Szatmár-Bereg;13;szakközép;férfi;nappali;magyar nyelv és irodalom;közép;rendes;Nem;magyar;2;36;36;megjelent;25;0;6;5;0;0;36;-;-;-;-
2020;1;Szabolcs-Szatmár-Bereg;12;gimnázium;férfi;nappali;magyar nyelv és irodalom;közép;rendes;Nem;magyar;4;60;60;megjelent;25;9;10;12;2;2;60;-;-;-;-
2020;1;Szabolcs-Szatmár-Bereg;12;gimnázium;férfi;nappali;magyar nyelv és irodalom;közép;rendes;Nem;magyar;5;81;81;megjelent;33;9;20;12;5;2;81;-;-;-;-
2020;1;Szabolcs-Szatmár-Bereg;12;gimnázium;nő;nappali;magyar nyelv és irodalom;közép;rendes;Nem;magyar;5;93;93;megjelent;36;9;25;14;7;2;93;-;-;-;-
2020;1;Szabolcs-Szatmár-Bereg;12;gimnázium;nő;nappali;magyar nyelv és irodalom;közép;rendes;Nem;magyar;5;91;91;megjelent;34;8;25;15;7;2;91;-;-;-;-
2020;1;Szabolcs-Szatmár-Bereg;12;szakgimnázium/szakközépiskola (2016.09.01-től kifutó rendszerben);nő;nappali;magyar nyelv és irodalom;közép;előrehozott;Nem;magyar;2;39;39;megjelent;19;6;5;5;3;1;39;-;-;-;-
2020;1;Szabolcs-Szatmár-Bereg;12;szakgimnázium/szakközépiskola (2016.09.01-től kifutó rendszerben);nő;nappali;magyar nyelv és irodalom;közép;rendes;Nem;magyar;2;30;30;megjelent;18;7;1;3;0;1;30;-;-;-;-
2020;1;Szabolcs-Szatmár-Bereg;12;gimnázium;nő;nappali;magyar nyelv és irodalom;közép;rendes;Nem;magyar;5;94;94;megjelent;35;9;25;15;8;2;94;-;-;-;-
2020;1;Szabolcs-Szatmár-Bereg;12;szakgimnázium/szakközépiskola (2016.09.01-től kifutó rendszerben);nő;nappali;magyar nyelv és irodalom;közép;rendes;Nem;magyar;3;48;48;megjelent;24;7;10;6;0;1;48;-;-;-;-
2020;1;Szabolcs-Szatmár-Bereg;12;szakgimnázium/szakközépiskola (2016.09.01-től kifutó rendszerben);nő;nappali;magyar nyelv és irodalom;közép;rendes;Nem;magyar;4;61;61;megjelent;30;9;12;8;0;2;61;-;-;-;-
2020;1;Szabolcs-Szatmár-Bereg;12;gimnázium;nő;nappali;magyar nyelv és irodalom;közép;rendes;Nem;magyar;4;69;69;megjelent;29;10;18;10;0;2;69;-;-;-;-
2020;1;Szabolcs-Szatmár-Bereg;12;szakgimnázium/szakközépiskola (2016.09.01-től kifutó rendszerben);férfi;nappali;magyar nyelv és irodalom;közép;rendes;Nem;magyar;3;47;47;megjelent;19;6;12;9;0;1;47;-;-;-;-
2020;1;Szabolcs-Szatmár-Bereg;12;szakgimnázium/szakközépiskola (2016.09.01-től kifutó rendszerben);nő;nappali;magyar nyelv és irodalom;közép;rendes;Nem;magyar;4;63;63;megjelent;22;9;15;11;4;2;63;-;-;-;-
2020;1;Szabolcs-Szatmár-Bereg;12;szakgimnázium/szakközépiskola (2016.09.01-től kifutó rendszerben);nő;nappali;magyar nyelv és irodalom;közép;rendes;Nem;magyar;3;49;49;megjelent;25;6;10;7;0;1;49;-;-;-;-
2020;1;Szabolcs-Szatmár-Bereg;12;szakgimnázium/szakközépiskola (2016.09.01-től kifutó rendszerben);férfi;nappali;magyar nyelv és irodalom;közép;rendes;Nem;magyar;3;40;40;megjelent;22;0;11;6;0;1;40;-;-;-;-
2020;1;Szabolcs-Szatmár-Bereg;12;gimnázium;nő;nappali;magyar nyelv és irodalom;közép;rendes;Igen;magyar;5;92;85;megjelent;37;9;22;15;0;2;85;-;-;-;-
2020;1;Szabolcs-Szatmár-Bereg;12;szakgimnázium/szakközépiskola (2016.09.01-től kifutó rendszerben);férfi;nappali;magyar nyelv és irodalom;közép;rendes;Nem;magyar;3;47;47;megjelent;23;0;14;9;0;1;47;-;-;-;-
2020;1;Szabolcs-Szatmár-Bereg;12;szakgimnázium/szakközépiskola (2016.09.01-től kifutó rendszerben);nő;nappali;magyar nyelv és irodalom;közép;rendes;Nem;magyar;2;33;33;megjelent;18;8;0;0;5;2;33;-;-;-;-
2020;1;Szabolcs-Szatmár-Bereg;12;szakgimnázium/szakközépiskola (2016.09.01-től kifutó rendszerben);férfi;nappali;magyar nyelv és irodalom;közép;rendes;Nem;magyar;2;35;35;megjelent;23;0;6;5;0;1;35;-;-;-;-
2020;1;Szabolcs-Szatmár-Bereg;12;gimnázium;nő;nappali;magyar nyelv és irodalom;közép;rendes;Nem;magyar;5;80;80;megjelent;33;8;24;13;0;2;80;-;-;-;-
2020;1;Szabolcs-Szatmár-Bereg;12;gimnázium;nő;nappali;magyar nyelv és irodalom;közép;rendes;Nem;magyar;5;86;86;megjelent;36;9;24;15;0;2;86;-;-;-;-
2020;1;Szabolcs-Szatmár-Bereg;12;gimnázium;férfi;nappali;magyar nyelv és irodalom;közép;rendes;Nem;magyar;5;81;81;megjelent;38;8;20;14;0;1;81;-;-;-;-
2020;1;Szabolcs-Szatmár-Bereg;12;gimnázium;férfi;nappali;magyar nyelv és irodalom;közép;rendes;Nem;magyar;5;81;81;megjelent;34;10;16;15;4;2;81;-;-;-;-
2020;1;Szabolcs-Szatmár-Bereg;12;gimnázium;nő;nappali;magyar nyelv és irodalom;közép;rendes;Nem;magyar;5;93;93;megjelent;39;9;25;14;4;2;93;-;-;-;-
2020;1;Szabolcs-Szatmár-Bereg;12;gimnázium;férfi;nappali;magyar nyelv és irodalom;közép;rendes;Nem;magyar;5;81;81;megjelent;34;9;21;15;0;2;81;-;-;-;-
2020;1;Szabolcs-Szatmár-Bereg;12;gimnázium;férfi;nappali;magyar nyelv és irodalom;közép;rendes;Nem;magyar;5;82;82;megjelent;37;10;18;15;0;2;82;-;-;-;-
2020;1;Szabolcs-Szatmár-Bereg;12;gimnázium;férfi;nappali;magyar nyelv és irodalom;közép;rendes;Nem;magyar;4;70;70;megjelent;33;8;14;13;0;2;70;-;-;-;-
2020;1;Szabolcs-Szatmár-Bereg;12;gimnázium;férfi;nappali;magyar nyelv és irodalom;közép;rendes;Nem;magyar;5;85;85;megjelent;36;10;19;15;3;2;85;-;-;-;-
2020;1;Szabolcs-Szatmár-Bereg;12;gimnázium;férfi;nappali;magyar nyelv és irodalom;közép;rendes;Nem;magyar;4;72;72;megjelent;32;0;17;15;6;2;72;-;-;-;-
2020;1;Szabolcs-Szatmár-Bereg;12;gimnázium;férfi;nappali;magyar nyelv és irodalom;közép;rendes;Nem;magyar;5;85;85;megjelent;34;8;20;14;7;2;85;-;-;-;-
2020;1;Szabolcs-Szatmár-Bereg;12;gimnázium;férfi;nappali;magyar nyelv és irodalom;közép;rendes;Nem;magyar;5;86;86;megjelent;33;10;20;15;6;2;86;-;-;-;-
2020;1;Szabolcs-Szatmár-Bereg;12;gimnázium;férfi;nappali;magyar nyelv és irodalom;közép;rendes;Nem;magyar;5;82;82;megjelent;32;10;20;15;3;2;82;-;-;-;-
2020;1;Szabolcs-Szatmár-Bereg;12;gimnázium;nő;nappali;magyar nyelv és irodalom;közép;rendes;Nem;magyar;5;95;95;megjelent;37;10;25;15;6;2;95;-;-;-;-
2020;1;Szabolcs-Szatmár-Bereg;12;gimnázium;nő;nappali;magyar nyelv és irodalom;közép;rendes;Nem;magyar;5;98;98;megjelent;39;10;24;15;8;2;98;-;-;-;-
2020;1;Szabolcs-Szatmár-Bereg;12;gimnázium;férfi;nappali;magyar nyelv és irodalom;közép;rendes;Nem;magyar;5;89;89;megjelent;36;10;22;15;4;2;89;-;-;-;-
2020;1;Szabolcs-Szatmár-Bereg;12;gimnázium;férfi;nappali;magyar nyelv és irodalom;közép;rendes;Nem;magyar;5;93;93;megjelent;35;10;23;15;8;2;93;-;-;-;-
2020;1;Szabolcs-Szatmár-Bereg;12;gimnázium;nő;nappali;magyar nyelv és irodalom;közép;rendes;Nem;magyar;5;86;86;megjelent;32;9;21;15;7;2;86;-;-;-;-
2020;1;Szabolcs-Szatmár-Bereg;12;gimnázium;nő;nappali;magyar nyelv és irodalom;közép;rendes;Nem;magyar;4;61;61;megjelent;21;8;21;10;1;0;61;-;-;-;-
2020;1;Szabolcs-Szatmár-Bereg;12;szakgimnázium/szakközépiskola (2016.09.01-től kifutó rendszerben);férfi;nappali;magyar nyelv és irodalom;közép;rendes;Nem;magyar;3;40;40;megjelent;10;8;11;9;0;2;40;-;-;-;-
2020;1;Szabolcs-Szatmár-Bereg;12;szakgimnázium/szakközépiskola (2016.09.01-től kifutó rendszerben);nő;nappali;magyar nyelv és irodalom;közép;rendes;Nem;magyar;4;69;69;megjelent;25;5;19;13;5;2;69;-;-;-;-
2020;1;Szabolcs-Szatmár-Bereg;12;szakgimnázium/szakközépiskola (2016.09.01-től kifutó rendszerben);nő;nappali;magyar nyelv és irodalom;közép;rendes;Nem;magyar;5;80;80;megjelent;34;10;22;13;0;1;80;-;-;-;-
2020;1;Szabolcs-Szatmár-Bereg;12;gimnázium;férfi;nappali;magyar nyelv és irodalom;közép;rendes;Nem;magyar;5;80;80;megjelent;35;9;19;15;0;2;80;-;-;-;-
2020;1;Szabolcs-Szatmár-Bereg;12;gimnázium;nő;nappali;magyar nyelv és irodalom;közép;rendes;Nem;magyar;3;55;55;megjelent;22;7;9;10;5;2;55;-;-;-;-
2020;1;Szabolcs-Szatmár-Bereg;12;szakgimnázium/szakközépiskola (2016.09.01-től kifutó rendszerben);nő;nappali;magyar nyelv és irodalom;közép;rendes;Nem;magyar;3;48;48;megjelent;18;8;11;9;0;2;48;-;-;-;-
2020;1;Szabolcs-Szatmár-Bereg;12;szakgimnázium/szakközépiskola (2016.09.01-től kifutó rendszerben);nő;nappali;magyar nyelv és irodalom;közép;rendes;Nem;magyar;3;47;47;megjelent;23;0;14;10;0;0;47;-;-;-;-
2020;1;Szabolcs-Szatmár-Bereg;12;szakgimnázium/szakközépiskola (2016.09.01-től kifutó rendszerben);férfi;nappali;magyar nyelv és irodalom;közép;rendes;Nem;magyar;3;45;45;megjelent;19;8;10;8;0;0;45;-;-;-;-
2020;1;Szabolcs-Szatmár-Bereg;12;szakgimnázium/szakközépiskola (2016.09.01-től kifutó rendszerben);nő;nappali;magyar nyelv és irodalom;közép;rendes;Nem;magyar;4;61;61;megjelent;17;8;22;14;0;0;61;-;-;-;-
2020;1;Szabolcs-Szatmár-Bereg;12;gimnázium;nő;nappali;magyar nyelv és irodalom;közép;rendes;Nem;magyar;5;96;96;megjelent;36;10;25;15;8;2;96;-;-;-;-
2020;1;Szabolcs-Szatmár-Bereg;12;szakgimnázium/szakközépiskola (2016.09.01-től kifutó rendszerben);férfi;nappali;magyar nyelv és irodalom;közép;rendes;Nem;magyar;3;44;44;megjelent;19;7;10;8;0;0;44;-;-;-;-
2020;1;Szabolcs-Szatmár-Bereg;12;szakgimnázium/szakközépiskola (2016.09.01-től kifutó rendszerben);férfi;nappali;magyar nyelv és irodalom;közép;rendes;Nem;magyar;2;38;38;megjelent;18;6;7;7;0;0;38;-;-;-;-
2020;1;Szabolcs-Szatmár-Bereg;12;szakgimnázium/szakközépiskola (2016.09.01-től kifutó rendszerben);férfi;nappali;magyar nyelv és irodalom;közép;rendes;Nem;magyar;3;40;40;megjelent;19;6;10;5;0;0;40;-;-;-;-
2020;1;Szabolcs-Szatmár-Bereg;12;szakgimnázium/szakközépiskola (2016.09.01-től kifutó rendszerben);férfi;nappali;magyar nyelv és irodalom;közép;rendes;Nem;magyar;3;44;44;megjelent;18;6;12;8;0;0;44;-;-;-;-
2020;1;Szabolcs-Szatmár-Bereg;12;szakgimnázium/szakközépiskola (2016.09.01-től kifutó rendszerben);férfi;nappali;magyar nyelv és irodalom;közép;rendes;Nem;magyar;3;45;45;megjelent;24;9;6;6;0;0;45;-;-;-;-
2020;1;Szabolcs-Szatmár-Bereg;12;szakgimnázium/szakközépiskola (2016.09.01-től kifutó rendszerben);férfi;nappali;magyar nyelv és irodalom;közép;rendes;Nem;magyar;2;28;42;megjelent;18;0;0;0;0;0;18;14;5;5;24
2020;1;Szabolcs-Szatmár-Bereg;12;szakgimnázium/szakközépiskola (2016.09.01-től kifutó rendszerben);férfi;nappali;magyar nyelv és irodalom;közép;rendes;Nem;magyar;3;46;46;megjelent;27;6;5;8;0;0;46;-;-;-;-
2020;1;Szabolcs-Szatmár-Bereg;12;gimnázium;nő;nappali;magyar nyelv és irodalom;közép;rendes;Nem;magyar;5;90;90;megjelent;34;9;22;15;8;2;90;-;-;-;-
2020;1;Szabolcs-Szatmár-Bereg;12;gimnázium;nő;nappali;magyar nyelv és irodalom;közép;rendes;Nem;magyar;5;91;91;megjelent;36;10;22;15;6;2;91;-;-;-;-
2020;1;Szabolcs-Szatmár-Bereg;12;gimnázium;nő;nappali;magyar nyelv és irodalom;közép;rendes;Nem;magyar;5;92;92;megjelent;36;10;22;14;8;2;92;-;-;-;-
2020;1;Szabolcs-Szatmár-Bereg;12;szakgimnázium/szakközépiskola (2016.09.01-től kifutó rendszerben);férfi;nappali;magyar nyelv és irodalom;közép;rendes;Nem;magyar;4;62;62;megjelent;22;8;19;13;0;0;62;-;-;-;-
2020;1;Szabolcs-Szatmár-Bereg;12;gimnázium;nő;nappali;magyar nyelv és irodalom;közép;rendes;Nem;magyar;4;74;74;megjelent;25;7;22;12;8;0;74;-;-;-;-
2020;1;Szabolcs-Szatmár-Bereg;12;gimnázium;férfi;nappali;magyar nyelv és irodalom;közép;rendes;Nem;magyar;5;80;80;megjelent;33;7;19;15;4;2;80;-;-;-;-
2020;1;Szabolcs-Szatmár-Bereg;12;szakgimnázium/szakközépiskola (2016.09.01-től kifutó rendszerben);nő;nappali;magyar nyelv és irodalom;közép;rendes;Nem;magyar;3;51;51;megjelent;23;4;11;11;0;2;51;-;-;-;-
2020;1;Szabolcs-Szatmár-Bereg;12;gimnázium;férfi;nappali;magyar nyelv és irodalom;közép;rendes;Nem;magyar;4;72;72;megjelent;29;7;19;10;7;0;72;-;-;-;-
2020;1;Szabolcs-Szatmár-Bereg;12;gimnázium;férfi;nappali;magyar nyelv és irodalom;közép;rendes;Nem;magyar;5;97;97;megjelent;37;10;25;15;8;2;97;-;-;-;-
2020;1;Szabolcs-Szatmár-Bereg;12;szakgimnázium/szakközépiskola (2016.09.01-től kifutó rendszerben);férfi;nappali;magyar nyelv és irodalom;közép;rendes;Nem;magyar;4;67;67;megjelent;33;7;14;11;0;2;67;-;-;-;-
2020;1;Szabolcs-Szatmár-Bereg;13;szakgimnázium/szakközépiskola (2016.09.01-től kifutó rendszerben);férfi;nappali;magyar nyelv és irodalom;közép;rendes;Nem;magyar;2;25;38;megjelent;16;0;1;3;0;1;21;5;6;6;17
2020;1;Szabolcs-Szatmár-Bereg;12;gimnázium;nő;nappali;magyar nyelv és irodalom;közép;rendes;Nem;magyar;3;44;44;megjelent;25;4;4;5;4;2;44;-;-;-;-
2020;1;Szabolcs-Szatmár-Bereg;12;szakgimnázium/szakközépiskola (2016.09.01-től kifutó rendszerben);nő;nappali;magyar nyelv és irodalom;közép;rendes;Nem;magyar;3;50;50;megjelent;21;6;11;10;1;1;50;-;-;-;-
2020;1;Szabolcs-Szatmár-Bereg;12;szakgimnázium/szakközépiskola (2016.09.01-től kifutó rendszerben);férfi;nappali;magyar nyelv és irodalom;közép;rendes;Nem;magyar;3;56;56;megjelent;24;8;14;10;0;0;56;-;-;-;-
2020;1;Szabolcs-Szatmár-Bereg;12;szakgimnázium/szakközépiskola (2016.09.01-től kifutó rendszerben);nő;nappali;magyar nyelv és irodalom;közép;rendes;Nem;magyar;4;75;75;megjelent;27;9;20;14;4;1;75;-;-;-;-
2020;1;Szabolcs-Szatmár-Bereg;12;szakgimnázium/szakközépiskola (2016.09.01-től kifutó rendszerben);férfi;nappali;magyar nyelv és irodalom;közép;rendes;Nem;magyar;4;74;74;megjelent;35;9;15;12;3;0;74;-;-;-;-
2020;1;Szabolcs-Szatmár-Bereg;12;szakgimnázium/szakközépiskola (2016.09.01-től kifutó rendszerben);nő;nappali;magyar nyelv és irodalom;közép;rendes;Nem;magyar;4;64;64;megjelent;24;10;17;11;0;2;64;-;-;-;-
2020;1;Szabolcs-Szatmár-Bereg;12;szakgimnázium/szakközépiskola (2016.09.01-től kifutó rendszerben);nő;nappali;magyar nyelv és irodalom;közép;rendes;Nem;magyar;5;84;84;megjelent;33;10;22;14;3;2;84;-;-;-;-
2020;1;Szabolcs-Szatmár-Bereg;12;szakgimnázium/szakközépiskola (2016.09.01-től kifutó rendszerben);férfi;nappali;magyar nyelv és irodalom;közép;rendes;Nem;magyar;4;75;75;megjelent;30;10;22;12;0;1;75;-;-;-;-
2020;1;Szabolcs-Szatmár-Bereg;12;szakgimnázium/szakközépiskola (2016.09.01-től kifutó rendszerben);férfi;nappali;magyar nyelv és irodalom;közép;rendes;Nem;magyar;5;80;80;megjelent;34;10;23;11;1;1;80;-;-;-;-
2020;1;Szabolcs-Szatmár-Bereg;12;szakgimnázium/szakközépiskola (2016.09.01-től kifutó rendszerben);nő;nappali;magyar nyelv és irodalom;közép;rendes;Nem;magyar;4;60;60;megjelent;27;7;16;9;0;1;60;-;-;-;-
2020;1;Szabolcs-Szatmár-Bereg;12;szakgimnázium/szakközépiskola (2016.09.01-től kifutó rendszerben);nő;nappali;magyar nyelv és irodalom;közép;rendes;Nem;magyar;5;90;90;megjelent;36;10;23;14;5;2;90;-;-;-;-
2020;1;Szabolcs-Szatmár-Bereg;12;szakgimnázium/szakközépiskola (2016.09.01-től kifutó rendszerben);férfi;nappali;magyar nyelv és irodalom;közép;rendes;Nem;magyar;3;48;48;megjelent;17;8;13;9;0;1;48;-;-;-;-
2020;1;Szabolcs-Szatmár-Bereg;12;szakgimnázium/szakközépiskola (2016.09.01-től kifutó rendszerben);nő;nappali;magyar nyelv és irodalom;közép;rendes;Nem;magyar;4;66;66;megjelent;25;9;17;12;1;2;66;-;-;-;-
2020;1;Szabolcs-Szatmár-Bereg;12;szakgimnázium/szakközépiskola (2016.09.01-től kifutó rendszerben);nő;nappali;magyar nyelv és irodalom;közép;rendes;Nem;magyar;4;62;62;megjelent;23;9;18;10;0;2;62;-;-;-;-
2020;1;Szabolcs-Szatmár-Bereg;12;szakgimnázium/szakközépiskola (2016.09.01-től kifutó rendszerben);férfi;nappali;magyar nyelv és irodalom;közép;rendes;Nem;magyar;5;82;82;megjelent;34;10;21;15;0;2;82;-;-;-;-
2020;1;Szabolcs-Szatmár-Bereg;12;szakgimnázium/szakközépiskola (2016.09.01-től kifutó rendszerben);nő;nappali;magyar nyelv és irodalom;közép;rendes;Nem;magyar;5;80;80;megjelent;33;9;21;15;0;2;80;-;-;-;-
2020;1;Szabolcs-Szatmár-Bereg;12;szakgimnázium/szakközépiskola (2016.09.01-től kifutó rendszerben);nő;nappali;magyar nyelv és irodalom;közép;rendes;Nem;magyar;4;63;63;megjelent;24;9;17;12;0;1;63;-;-;-;-
2020;1;Szabolcs-Szatmár-Bereg;12;gimnázium;nő;nappali;magyar nyelv és irodalom;közép;rendes;Nem;magyar;3;54;54;megjelent;25;4;10;7;8;0;54;-;-;-;-
2020;1;Szabolcs-Szatmár-Bereg;12;szakgimnázium/szakközépiskola (2016.09.01-től kifutó rendszerben);férfi;nappali;magyar nyelv és irodalom;közép;rendes;Nem;magyar;4;60;60;megjelent;29;9;12;9;0;1;60;-;-;-;-
2020;1;Szabolcs-Szatmár-Bereg;12;szakgimnázium/szakközépiskola (2016.09.01-től kifutó rendszerben);nő;nappali;magyar nyelv és irodalom;közép;rendes;Nem;magyar;3;56;56;megjelent;26;8;13;9;0;0;56;-;-;-;-
2020;1;Szabolcs-Szatmár-Bereg;12;szakgimnázium/szakközépiskola (2016.09.01-től kifutó rendszerben);férfi;nappali;magyar nyelv és irodalom;közép;rendes;Nem;magyar;3;42;42;megjelent;19;6;8;8;0;1;42;-;-;-;-
2020;1;Szabolcs-Szatmár-Bereg;12;szakgimnázium/szakközépiskola (2016.09.01-től kifutó rendszerben);férfi;nappali;magyar nyelv és irodalom;közép;rendes;Nem;magyar;4;61;61;megjelent;26;9;15;10;0;1;61;-;-;-;-
2020;1;Szabolcs-Szatmár-Bereg;12;szakgimnázium/szakközépiskola (2016.09.01-től kifutó rendszerben);férfi;nappali;magyar nyelv és irodalom;közép;rendes;Nem;magyar;4;60;60;megjelent;22;8;19;11;0;0;60;-;-;-;-
2020;1;Szabolcs-Szatmár-Bereg;12;szakgimnázium/szakközépiskola (2016.09.01-től kifutó rendszerben);nő;nappali;magyar nyelv és irodalom;közép;rendes;Nem;magyar;4;60;60;megjelent;26;7;16;10;0;1;60;-;-;-;-
2020;1;Szabolcs-Szatmár-Bereg;12;szakgimnázium/szakközépiskola (2016.09.01-től kifutó rendszerben);nő;nappali;magyar nyelv és irodalom;közép;rendes;Nem;magyar;3;56;56;megjelent;22;7;14;11;0;2;56;-;-;-;-
2020;1;Szabolcs-Szatmár-Bereg;12;szakgimnázium/szakközépiskola (2016.09.01-től kifutó rendszerben);nő;nappali;magyar nyelv és irodalom;közép;rendes;Nem;magyar;3;54;54;megjelent;28;0;15;9;0;2;54;-;-;-;-
2020;1;Szabolcs-Szatmár-Bereg;12;gimnázium;férfi;nappali;magyar nyelv és irodalom;közép;rendes;Nem;magyar;5;98;98;megjelent;39;10;24;15;8;2;98;-;-;-;-
2020;1;Szabolcs-Szatmár-Bereg;12;szakgimnázium/szakközépiskola (2016.09.01-től kifutó rendszerben);nő;nappali;magyar nyelv és irodalom;közép;rendes;Nem;magyar;2;37;37;megjelent;21;5;2;3;5;1;37;-;-;-;-
2020;1;Szabolcs-Szatmár-Bereg;12;gimnázium;férfi;nappali;magyar nyelv és irodalom;közép;rendes;Nem;magyar;5;95;95;megjelent;40;10;25;15;3;2;95;-;-;-;-
2020;1;Szabolcs-Szatmár-Bereg;12;szakgimnázium/szakközépiskola (2016.09.01-től kifutó rendszerben);férfi;nappali;magyar nyelv és irodalom;közép;rendes;Nem;magyar;3;45;45;megjelent;19;3;11;10;0;2;45;-;-;-;-
2020;1;Szabolcs-Szatmár-Bereg;12;szakgimnázium/szakközépiskola (2016.09.01-től kifutó rendszerben);férfi;nappali;magyar nyelv és irodalom;közép;rendes;Nem;magyar;4;60;60;megjelent;21;8;15;11;3;2;60;-;-;-;-
2020;1;Szabolcs-Szatmár-Bereg;12;szakgimnázium/szakközépiskola (2016.09.01-től kifutó rendszerben);férfi;nappali;magyar nyelv és irodalom;közép;rendes;Nem;magyar;2;38;38;megjelent;20;6;6;6;0;0;38;-;-;-;-
2020;1;Szabolcs-Szatmár-Bereg;12;szakgimnázium/szakközépiskola (2016.09.01-től kifutó rendszerben);férfi;nappali;magyar nyelv és irodalom;közép;rendes;Nem;magyar;4;74;74;megjelent;31;9;18;13;1;2;74;-;-;-;-
2020;1;Szabolcs-Szatmár-Bereg;12;szakgimnázium/szakközépiskola (2016.09.01-től kifutó rendszerben);férfi;nappali;magyar nyelv és irodalom;közép;rendes;Nem;magyar;4;65;65;megjelent;27;8;18;12;0;0;65;-;-;-;-
2020;1;Szabolcs-Szatmár-Bereg;12;szakgimnázium/szakközépiskola (2016.09.01-től kifutó rendszerben);férfi;nappali;magyar nyelv és irodalom;közép;rendes;Nem;magyar;3;51;51;megjelent;24;5;13;9;0;0;51;-;-;-;-
2020;1;Szabolcs-Szatmár-Bereg;12;szakgimnázium/szakközépiskola (2016.09.01-től kifutó rendszerben);férfi;nappali;magyar nyelv és irodalom;közép;rendes;Nem;magyar;3;56;56;megjelent;24;6;17;8;0;1;56;-;-;-;-
2020;1;Szabolcs-Szatmár-Bereg;12;gimnázium;nő;nappali;magyar nyelv és irodalom;közép;rendes;Nem;magyar;5;99;99;megjelent;39;10;25;15;8;2;99;-;-;-;-
2020;1;Szabolcs-Szatmár-Bereg;12;gimnázium;férfi;nappali;magyar nyelv és irodalom;közép;rendes;Nem;magyar;5;85;85;megjelent;36;10;20;12;5;2;85;-;-;-;-
2020;1;Szabolcs-Szatmár-Bereg;12;gimnázium;nő;nappali;magyar nyelv és irodalom;közép;rendes;Nem;magyar;5;87;87;megjelent;31;10;25;14;5;2;87;-;-;-;-
2020;1;Szabolcs-Szatmár-Bereg;12;gimnázium;férfi;nappali;magyar nyelv és irodalom;közép;rendes;Nem;magyar;5;90;90;megjelent;37;10;21;12;8;2;90;-;-;-;-
2020;1;Szabolcs-Szatmár-Bereg;12;gimnázium;nő;nappali;magyar nyelv és irodalom;közép;rendes;Nem;magyar;5;94;94;megjelent;36;10;25;13;8;2;94;-;-;-;-
2020;1;Szabolcs-Szatmár-Bereg;12;szakgimnázium/szakközépiskola (2016.09.01-től kifutó rendszerben);férfi;nappali;magyar nyelv és irodalom;közép;rendes;Nem;magyar;4;61;61;megjelent;30;0;19;12;0;0;61;-;-;-;-
2020;1;Szabolcs-Szatmár-Bereg;12;gimnázium;férfi;nappali;magyar nyelv és irodalom;közép;rendes;Nem;magyar;5;88;88;megjelent;33;10;23;14;7;1;88;-;-;-;-
2020;1;Szabolcs-Szatmár-Bereg;12;gimnázium;nő;nappali;magyar nyelv és irodalom;közép;rendes;Nem;magyar;5;96;96;megjelent;39;10;25;13;7;2;96;-;-;-;-
2020;1;Szabolcs-Szatmár-Bereg;12;gimnázium;férfi;nappali;magyar nyelv és irodalom;közép;rendes;Nem;magyar;5;90;90;megjelent;37;7;24;13;7;2;90;-;-;-;-
2020;1;Szabolcs-Szatmár-Bereg;12;gimnázium;férfi;nappali;magyar nyelv és irodalom;közép;rendes;Nem;magyar;4;69;69;megjelent;30;8;18;11;1;1;69;-;-;-;-
2020;1;Szabolcs-Szatmár-Bereg;12;gimnázium;nő;nappali;magyar nyelv és irodalom;közép;rendes;Nem;magyar;5;95;95;megjelent;39;10;23;15;6;2;95;-;-;-;-
2020;1;Szabolcs-Szatmár-Bereg;12;gimnázium;nő;nappali;magyar nyelv és irodalom;közép;rendes;Nem;magyar;5;80;80;megjelent;34;8;19;12;5;2;80;-;-;-;-
2020;1;Szabolcs-Szatmár-Bereg;12;gimnázium;nő;nappali;magyar nyelv és irodalom;közép;rendes;Nem;magyar;5;93;93;megjelent;36;10;22;15;8;2;93;-;-;-;-
2020;1;Szabolcs-Szatmár-Bereg;12;gimnázium;nő;nappali;magyar nyelv és irodalom;közép;rendes;Nem;magyar;5;96;96;megjelent;36;10;25;15;8;2;96;-;-;-;-
2020;1;Szabolcs-Szatmár-Bereg;12;gimnázium;férfi;nappali;magyar nyelv és irodalom;közép;rendes;Nem;magyar;4;69;69;megjelent;31;8;16;13;0;1;69;-;-;-;-
2020;1;Szabolcs-Szatmár-Bereg;12;gimnázium;férfi;nappali;magyar nyelv és irodalom;közép;rendes;Nem;magyar;5;83;83;megjelent;35;10;14;14;8;2;83;-;-;-;-
2020;1;Szabolcs-Szatmár-Bereg;12;gimnázium;nő;nappali;magyar nyelv és irodalom;közép;rendes;Nem;magyar;5;95;95;megjelent;38;10;24;15;6;2;95;-;-;-;-
2020;1;Szabolcs-Szatmár-Bereg;12;gimnázium;nő;nappali;magyar nyelv és irodalom;közép;rendes;Nem;magyar;5;98;98;megjelent;38;10;25;15;8;2;98;-;-;-;-
2020;1;Szabolcs-Szatmár-Bereg;12;gimnázium;férfi;nappali;magyar nyelv és irodalom;közép;rendes;Nem;magyar;5;80;80;megjelent;37;8;16;12;7;0;80;-;-;-;-
2020;1;Szabolcs-Szatmár-Bereg;12;gimnázium;nő;nappali;magyar nyelv és irodalom;közép;rendes;Nem;magyar;5;96;96;megjelent;36;10;25;15;8;2;96;-;-;-;-
2020;1;Szabolcs-Szatmár-Bereg;12;gimnázium;férfi;nappali;magyar nyelv és irodalom;közép;rendes;Nem;magyar;5;82;82;megjelent;36;10;16;12;7;1;82;-;-;-;-
2020;1;Szabolcs-Szatmár-Bereg;12;gimnázium;nő;nappali;magyar nyelv és irodalom;közép;rendes;Nem;magyar;5;87;87;megjelent;39;10;17;15;4;2;87;-;-;-;-
2020;1;Szabolcs-Szatmár-Bereg;12;gimnázium;férfi;nappali;magyar nyelv és irodalom;közép;rendes;Nem;magyar;4;73;73;megjelent;38;8;9;9;7;2;73;-;-;-;-
2020;1;Szabolcs-Szatmár-Bereg;12;gimnázium;nő;nappali;magyar nyelv és irodalom;közép;rendes;Nem;magyar;5;83;83;megjelent;35;9;17;12;8;2;83;-;-;-;-
2020;1;Szabolcs-Szatmár-Bereg;12;gimnázium;nő;nappali;magyar nyelv és irodalom;közép;rendes;Nem;magyar;5;90;90;megjelent;36;10;21;14;8;1;90;-;-;-;-
2020;1;Szabolcs-Szatmár-Bereg;12;gimnázium;nő;nappali;magyar nyelv és irodalom;közép;rendes;Nem;magyar;5;96;96;megjelent;36;10;25;15;8;2;96;-;-;-;-
2020;1;Szabolcs-Szatmár-Bereg;12;gimnázium;nő;nappali;magyar nyelv és irodalom;közép;rendes;Nem;magyar;5;86;86;megjelent;32;10;24;15;4;1;86;-;-;-;-
2020;1;Szabolcs-Szatmár-Bereg;12;gimnázium;nő;nappali;magyar nyelv és irodalom;közép;rendes;Nem;magyar;5;100;100;megjelent;40;10;25;15;8;2;100;-;-;-;-
2020;1;Szabolcs-Szatmár-Bereg;12;gimnázium;férfi;nappali;magyar nyelv és irodalom;közép;rendes;Nem;magyar;5;80;80;megjelent;28;9;23;14;4;2;80;-;-;-;-
2020;1;Szabolcs-Szatmár-Bereg;12;gimnázium;nő;nappali;magyar nyelv és irodalom;közép;rendes;Nem;magyar;5;91;91;megjelent;34;9;24;15;7;2;91;-;-;-;-
2020;1;Szabolcs-Szatmár-Bereg;12;gimnázium;nő;nappali;magyar nyelv és irodalom;közép;rendes;Nem;magyar;5;90;90;megjelent;36;10;25;15;2;2;90;-;-;-;-
2020;1;Szabolcs-Szatmár-Bereg;12;gimnázium;férfi;nappali;magyar nyelv és irodalom;közép;rendes;Nem;magyar;5;80;80;megjelent;30;8;23;14;3;2;80;-;-;-;-
2020;1;Szabolcs-Szatmár-Bereg;12;gimnázium;nő;nappali;magyar nyelv és irodalom;közép;rendes;Nem;magyar;5;86;86;megjelent;33;9;24;15;3;2;86;-;-;-;-
2020;1;Szabolcs-Szatmár-Bereg;12;gimnázium;nő;nappali;magyar nyelv és irodalom;közép;rendes;Nem;magyar;5;93;93;megjelent;37;10;23;15;6;2;93;-;-;-;-
2020;1;Szabolcs-Szatmár-Bereg;12;gimnázium;férfi;nappali;magyar nyelv és irodalom;közép;rendes;Nem;magyar;4;72;72;megjelent;33;8;14;11;5;1;72;-;-;-;-
2020;1;Szabolcs-Szatmár-Bereg;12;gimnázium;férfi;nappali;magyar nyelv és irodalom;közép;rendes;Nem;magyar;4;71;71;megjelent;34;7;14;12;2;2;71;-;-;-;-
2020;1;Szabolcs-Szatmár-Bereg;12;gimnázium;nő;nappali;magyar nyelv és irodalom;közép;rendes;Nem;magyar;5;94;94;megjelent;35;9;25;15;8;2;94;-;-;-;-
2020;1;Szabolcs-Szatmár-Bereg;12;gimnázium;férfi;nappali;magyar nyelv és irodalom;közép;rendes;Nem;magyar;5;82;82;megjelent;33;9;24;14;0;2;82;-;-;-;-
2020;1;Szabolcs-Szatmár-Bereg;12;gimnázium;nő;nappali;magyar nyelv és irodalom;közép;rendes;Nem;magyar;5;93;93;megjelent;37;8;23;15;8;2;93;-;-;-;-
2020;1;Szabolcs-Szatmár-Bereg;12;gimnázium;férfi;nappali;magyar nyelv és irodalom;közép;rendes;Nem;magyar;5;80;80;megjelent;32;8;25;13;0;2;80;-;-;-;-
2020;1;Szabolcs-Szatmár-Bereg;12;gimnázium;férfi;nappali;magyar nyelv és irodalom;közép;rendes;Nem;magyar;5;81;81;megjelent;32;9;19;14;5;2;81;-;-;-;-
2020;1;Szabolcs-Szatmár-Bereg;12;gimnázium;nő;nappali;magyar nyelv és irodalom;közép;rendes;Nem;magyar;5;92;92;megjelent;34;9;24;15;8;2;92;-;-;-;-
2020;1;Szabolcs-Szatmár-Bereg;12;gimnázium;férfi;nappali;magyar nyelv és irodalom;közép;rendes;Nem;magyar;5;85;85;megjelent;36;9;19;15;6;0;85;-;-;-;-
2020;1;Szabolcs-Szatmár-Bereg;12;gimnázium;nő;nappali;magyar nyelv és irodalom;közép;rendes;Nem;magyar;5;87;87;megjelent;33;9;23;15;5;2;87;-;-;-;-
2020;1;Szabolcs-Szatmár-Bereg;12;gimnázium;férfi;nappali;magyar nyelv és irodalom;közép;rendes;Nem;magyar;5;82;82;megjelent;34;9;19;12;6;2;82;-;-;-;-
2020;1;Szabolcs-Szatmár-Bereg;12;gimnázium;nő;nappali;magyar nyelv és irodalom;közép;rendes;Nem;magyar;5;87;87;megjelent;34;9;19;15;8;2;87;-;-;-;-
2020;1;Szabolcs-Szatmár-Bereg;12;gimnázium;nő;nappali;magyar nyelv és irodalom;közép;rendes;Nem;magyar;5;80;80;megjelent;35;9;20;14;0;2;80;-;-;-;-
2020;1;Szabolcs-Szatmár-Bereg;12;gimnázium;nő;nappali;magyar nyelv és irodalom;közép;rendes;Nem;magyar;5;93;93;megjelent;35;10;25;15;6;2;93;-;-;-;-
2020;1;Szabolcs-Szatmár-Bereg;12;gimnázium;nő;nappali;magyar nyelv és irodalom;közép;rendes;Nem;magyar;5;80;80;megjelent;35;10;20;13;0;2;80;-;-;-;-
2020;1;Szabolcs-Szatmár-Bereg;12;gimnázium;nő;nappali;magyar nyelv és irodalom;közép;rendes;Nem;magyar;5;87;87;megjelent;36;9;20;15;5;2;87;-;-;-;-
2020;1;Szabolcs-Szatmár-Bereg;12;szakgimnázium/szakközépiskola (2016.09.01-től kifutó rendszerben);nő;nappali;magyar nyelv és irodalom;közép;rendes;Nem;magyar;3;40;40;megjelent;20;0;5;5;8;2;40;-;-;-;-
2020;1;Szabolcs-Szatmár-Bereg;12;szakgimnázium/szakközépiskola (2016.09.01-től kifutó rendszerben);férfi;nappali;magyar nyelv és irodalom;közép;rendes;Nem;magyar;2;30;30;megjelent;13;5;5;5;0;2;30;-;-;-;-
2020;1;Szabolcs-Szatmár-Bereg;12;gimnázium;nő;nappali;magyar nyelv és irodalom;közép;rendes;Nem;magyar;5;92;92;megjelent;36;10;25;13;6;2;92;-;-;-;-
2020;1;Szabolcs-Szatmár-Bereg;12;szakgimnázium/szakközépiskola (2016.09.01-től kifutó rendszerben);férfi;nappali;magyar nyelv és irodalom;közép;rendes;Nem;magyar;4;70;70;megjelent;31;9;15;10;3;2;70;-;-;-;-
2020;1;Szabolcs-Szatmár-Bereg;12;gimnázium;nő;nappali;magyar nyelv és irodalom;közép;rendes;Nem;magyar;5;82;82;megjelent;37;9;19;15;0;2;82;-;-;-;-
2020;1;Szabolcs-Szatmár-Bereg;12;gimnázium;férfi;nappali;magyar nyelv és irodalom;közép;rendes;Nem;magyar;5;80;80;megjelent;33;9;19;13;5;1;80;-;-;-;-
2020;1;Szabolcs-Szatmár-Bereg;12;szakgimnázium/szakközépiskola (2016.09.01-től kifutó rendszerben);férfi;nappali;magyar nyelv és irodalom;közép;rendes;Nem;magyar;2;38;38;megjelent;25;3;5;5;0;0;38;-;-;-;-
2020;1;Szabolcs-Szatmár-Bereg;12;gimnázium;nő;nappali;magyar nyelv és irodalom;közép;rendes;Nem;magyar;5;85;85;megjelent;35;8;22;12;6;2;85;-;-;-;-
2020;1;Szabolcs-Szatmár-Bereg;12;szakgimnázium/szakközépiskola (2016.09.01-től kifutó rendszerben);nő;nappali;magyar nyelv és irodalom;közép;rendes;Nem;magyar;2;30;30;megjelent;17;2;5;6;0;0;30;-;-;-;-
2020;1;Szabolcs-Szatmár-Bereg;12;gimnázium;nő;nappali;magyar nyelv és irodalom;közép;rendes;Nem;magyar;5;82;82;megjelent;28;10;23;13;6;2;82;-;-;-;-
2020;1;Szabolcs-Szatmár-Bereg;12;szakgimnázium/szakközépiskola (2016.09.01-től kifutó rendszerben);nő;nappali;magyar nyelv és irodalom;közép;rendes;Nem;magyar;3;50;50;megjelent;24;8;7;9;0;2;50;-;-;-;-
2020;1;Szabolcs-Szatmár-Bereg;12;szakgimnázium/szakközépiskola (2016.09.01-től kifutó rendszerben);nő;nappali;magyar nyelv és irodalom;közép;rendes;Nem;magyar;3;46;46;megjelent;21;9;4;6;4;2;46;-;-;-;-
2020;1;Szabolcs-Szatmár-Bereg;12;gimnázium;nő;nappali;magyar nyelv és irodalom;közép;rendes;Nem;magyar;5;93;93;megjelent;35;9;25;15;7;2;93;-;-;-;-
2020;1;Szabolcs-Szatmár-Bereg;12;gimnázium;nő;nappali;magyar nyelv és irodalom;közép;rendes;Nem;magyar;4;71;71;megjelent;34;8;12;11;4;2;71;-;-;-;-
2020;1;Szabolcs-Szatmár-Bereg;12;szakgimnázium/szakközépiskola (2016.09.01-től kifutó rendszerben);férfi;nappali;magyar nyelv és irodalom;közép;rendes;Nem;magyar;3;43;43;megjelent;26;0;9;8;0;0;43;-;-;-;-
2020;1;Szabolcs-Szatmár-Bereg;12;szakgimnázium/szakközépiskola (2016.09.01-től kifutó rendszerben);férfi;nappali;magyar nyelv és irodalom;közép;rendes;Nem;magyar;2;28;28;megjelent;16;3;3;3;1;2;28;-;-;-;-
2020;1;Szabolcs-Szatmár-Bereg;12;szakgimnázium/szakközépiskola (2016.09.01-től kifutó rendszerben);férfi;nappali;magyar nyelv és irodalom;közép;rendes;Nem;magyar;2;26;26;megjelent;17;3;3;3;0;0;26;-;-;-;-
2020;1;Szabolcs-Szatmár-Bereg;12;szakgimnázium/szakközépiskola (2016.09.01-től kifutó rendszerben);férfi;nappali;magyar nyelv és irodalom;közép;rendes;Nem;magyar;2;30;30;megjelent;19;4;4;3;0;0;30;-;-;-;-
2020;1;Szabolcs-Szatmár-Bereg;12;gimnázium;nő;nappali;magyar nyelv és irodalom;közép;rendes;Nem;magyar;5;82;82;megjelent;35;10;24;12;0;1;82;-;-;-;-
2020;1;Szabolcs-Szatmár-Bereg;12;gimnázium;férfi;nappali;magyar nyelv és irodalom;közép;rendes;Igen;magyar;3;56;28;megjelent;-;-;-;-;-;-;-;12;5;11;28
2020;1;Szabolcs-Szatmár-Bereg;12;szakgimnázium/szakközépiskola (2016.09.01-től kifutó rendszerben);nő;nappali;magyar nyelv és irodalom;közép;rendes;Nem;magyar;2;27;27;megjelent;10;6;4;5;0;2;27;-;-;-;-
2020;1;Szabolcs-Szatmár-Bereg;12;szakgimnázium/szakközépiskola (2016.09.01-től kifutó rendszerben);férfi;nappali;magyar nyelv és irodalom;közép;rendes;Nem;magyar;3;50;50;megjelent;23;7;4;8;6;2;50;-;-;-;-
2020;1;Szabolcs-Szatmár-Bereg;12;gimnázium;nő;nappali;magyar nyelv és irodalom;közép;rendes;Nem;magyar;4;70;70;megjelent;29;8;16;12;3;2;70;-;-;-;-
2020;1;Szabolcs-Szatmár-Bereg;12;szakgimnázium/szakközépiskola (2016.09.01-től kifutó rendszerben);férfi;nappali;magyar nyelv és irodalom;közép;rendes;Nem;magyar;3;41;41;megjelent;25;7;3;5;0;1;41;-;-;-;-
2020;1;Szabolcs-Szatmár-Bereg;12;gimnázium;férfi;nappali;magyar nyelv és irodalom;közép;rendes;Nem;magyar;5;85;85;megjelent;34;9;22;12;6;2;85;-;-;-;-
2020;1;Szabolcs-Szatmár-Bereg;12;szakgimnázium/szakközépiskola (2016.09.01-től kifutó rendszerben);férfi;nappali;magyar nyelv és irodalom;közép;rendes;Nem;magyar;2;27;27;megjelent;16;6;1;2;1;1;27;-;-;-;-
2020;1;Szabolcs-Szatmár-Bereg;12;gimnázium;férfi;nappali;magyar nyelv és irodalom;közép;rendes;Nem;magyar;4;73;73;megjelent;30;10;18;9;4;2;73;-;-;-;-
2020;1;Szabolcs-Szatmár-Bereg;12;szakgimnázium/szakközépiskola (2016.09.01-től kifutó rendszerben);férfi;nappali;magyar nyelv és irodalom;közép;rendes;Nem;magyar;2;33;33;megjelent;13;6;4;7;1;2;33;-;-;-;-
2020;1;Szabolcs-Szatmár-Bereg;12;szakgimnázium/szakközépiskola (2016.09.01-től kifutó rendszerben);férfi;nappali;magyar nyelv és irodalom;közép;rendes;Nem;magyar;2;25;25;megjelent;17;3;2;3;0;0;25;-;-;-;-
2020;1;Szabolcs-Szatmár-Bereg;12;gimnázium;nő;nappali;magyar nyelv és irodalom;közép;rendes;Nem;magyar;4;72;72;megjelent;30;9;20;11;0;2;72;-;-;-;-
2020;1;Szabolcs-Szatmár-Bereg;12;gimnázium;nő;nappali;magyar nyelv és irodalom;közép;rendes;Nem;magyar;5;81;81;megjelent;32;10;22;12;3;2;81;-;-;-;-
2020;1;Szabolcs-Szatmár-Bereg;12;gimnázium;nő;nappali;magyar nyelv és irodalom;közép;rendes;Nem;magyar;4;60;60;megjelent;28;8;13;9;0;2;60;-;-;-;-
2020;1;Szabolcs-Szatmár-Bereg;12;szakgimnázium/szakközépiskola (2016.09.01-től kifutó rendszerben);nő;nappali;magyar nyelv és irodalom;közép;rendes;Nem;magyar;2;27;27;megjelent;15;3;3;4;0;2;27;-;-;-;-
2020;1;Szabolcs-Szatmár-Bereg;12;gimnázium;nő;nappali;magyar nyelv és irodalom;közép;rendes;Nem;magyar;5;81;81;megjelent;30;10;23;12;4;2;81;-;-;-;-
2020;1;Szabolcs-Szatmár-Bereg;12;gimnázium;férfi;nappali;magyar nyelv és irodalom;közép;rendes;Nem;magyar;4;62;62;megjelent;32;8;10;10;0;2;62;-;-;-;-
2020;1;Szabolcs-Szatmár-Bereg;12;gimnázium;nő;nappali;magyar nyelv és irodalom;közép;rendes;Nem;magyar;5;81;81;megjelent;36;9;15;14;5;2;81;-;-;-;-
2020;1;Szabolcs-Szatmár-Bereg;12;gimnázium;nő;nappali;magyar nyelv és irodalom;közép;rendes;Nem;magyar;5;92;92;megjelent;35;10;23;14;8;2;92;-;-;-;-
2020;1;Szabolcs-Szatmár-Bereg;12;gimnázium;férfi;nappali;magyar nyelv és irodalom;közép;rendes;Nem;magyar;4;71;71;megjelent;27;8;23;11;0;2;71;-;-;-;-
2020;1;Szabolcs-Szatmár-Bereg;12;gimnázium;férfi;nappali;magyar nyelv és irodalom;közép;rendes;Nem;magyar;5;85;85;megjelent;35;9;19;13;7;2;85;-;-;-;-
2020;1;Szabolcs-Szatmár-Bereg;12;gimnázium;nő;nappali;magyar nyelv és irodalom;közép;rendes;Nem;magyar;4;65;65;megjelent;33;8;9;11;2;2;65;-;-;-;-
2020;1;Szabolcs-Szatmár-Bereg;12;gimnázium;nő;nappali;magyar nyelv és irodalom;közép;rendes;Nem;magyar;3;53;53;megjelent;24;8;9;10;0;2;53;-;-;-;-
2020;1;Szabolcs-Szatmár-Bereg;12;gimnázium;nő;nappali;magyar nyelv és irodalom;közép;rendes;Nem;magyar;4;70;70;megjelent;30;9;16;12;1;2;70;-;-;-;-
2020;1;Szabolcs-Szatmár-Bereg;12;szakgimnázium/szakközépiskola (2016.09.01-től kifutó rendszerben);férfi;nappali;magyar nyelv és irodalom;közép;rendes;Nem;magyar;3;55;55;megjelent;31;9;6;6;1;2;55;-;-;-;-
2020;1;Szabolcs-Szatmár-Bereg;12;szakgimnázium/szakközépiskola (2016.09.01-től kifutó rendszerben);férfi;nappali;magyar nyelv és irodalom;közép;rendes;Nem;magyar;4;74;74;megjelent;36;9;15;12;0;2;74;-;-;-;-
2020;1;Szabolcs-Szatmár-Bereg;12;szakgimnázium/szakközépiskola (2016.09.01-től kifutó rendszerben);férfi;nappali;magyar nyelv és irodalom;közép;rendes;Nem;magyar;5;80;80;megjelent;31;10;22;15;0;2;80;-;-;-;-
2020;1;Szabolcs-Szatmár-Bereg;12;szakgimnázium/szakközépiskola (2016.09.01-től kifutó rendszerben);férfi;nappali;magyar nyelv és irodalom;közép;rendes;Nem;magyar;5;80;80;megjelent;29;10;19;15;5;2;80;-;-;-;-
2020;1;Szabolcs-Szatmár-Bereg;12;szakgimnázium/szakközépiskola (2016.09.01-től kifutó rendszerben);férfi;nappali;magyar nyelv és irodalom;közép;előrehozott;Nem;magyar;3;42;42;megjelent;28;5;4;5;0;0;42;-;-;-;-
2020;1;Szabolcs-Szatmár-Bereg;12;szakgimnázium/szakközépiskola (2016.09.01-től kifutó rendszerben);férfi;nappali;magyar nyelv és irodalom;közép;rendes;Nem;magyar;4;60;60;megjelent;30;7;13;9;0;1;60;-;-;-;-
2020;1;Szabolcs-Szatmár-Bereg;12;szakgimnázium/szakközépiskola (2016.09.01-től kifutó rendszerben);férfi;nappali;magyar nyelv és irodalom;közép;rendes;Nem;magyar;5;83;83;megjelent;32;10;18;14;7;2;83;-;-;-;-
2020;1;Szabolcs-Szatmár-Bereg;12;szakgimnázium/szakközépiskola (2016.09.01-től kifutó rendszerben);nő;nappali;magyar nyelv és irodalom;közép;rendes;Nem;magyar;5;80;80;megjelent;27;10;19;15;7;2;80;-;-;-;-
2020;1;Szabolcs-Szatmár-Bereg;12;szakgimnázium/szakközépiskola (2016.09.01-től kifutó rendszerben);férfi;nappali;magyar nyelv és irodalom;közép;rendes;Nem;magyar;4;68;68;megjelent;32;8;16;12;0;0;68;-;-;-;-
2020;1;Szabolcs-Szatmár-Bereg;12;szakgimnázium/szakközépiskola (2016.09.01-től kifutó rendszerben);férfi;nappali;magyar nyelv és irodalom;közép;rendes;Nem;magyar;4;64;64;megjelent;32;8;15;9;0;0;64;-;-;-;-
2020;1;Szabolcs-Szatmár-Bereg;12;szakgimnázium/szakközépiskola (2016.09.01-től kifutó rendszerben);férfi;nappali;magyar nyelv és irodalom;közép;rendes;Nem;magyar;4;66;66;megjelent;30;9;12;10;4;1;66;-;-;-;-
2020;1;Szabolcs-Szatmár-Bereg;12;szakgimnázium/szakközépiskola (2016.09.01-től kifutó rendszerben);férfi;nappali;magyar nyelv és irodalom;közép;rendes;Nem;magyar;3;56;56;megjelent;34;8;9;5;0;0;56;-;-;-;-
2020;1;Szabolcs-Szatmár-Bereg;12;szakgimnázium/szakközépiskola (2016.09.01-től kifutó rendszerben);férfi;nappali;magyar nyelv és irodalom;közép;rendes;Nem;magyar;4;70;70;megjelent;35;9;14;10;0;2;70;-;-;-;-
2020;1;Szabolcs-Szatmár-Bereg;12;szakgimnázium/szakközépiskola (2016.09.01-től kifutó rendszerben);férfi;nappali;magyar nyelv és irodalom;közép;rendes;Nem;magyar;4;67;67;megjelent;30;10;14;11;0;2;67;-;-;-;-
2020;1;Szabolcs-Szatmár-Bereg;12;szakgimnázium/szakközépiskola (2016.09.01-től kifutó rendszerben);férfi;nappali;magyar nyelv és irodalom;közép;rendes;Nem;magyar;4;70;70;megjelent;34;10;15;10;0;1;70;-;-;-;-
2020;1;Szabolcs-Szatmár-Bereg;12;szakgimnázium/szakközépiskola (2016.09.01-től kifutó rendszerben);nő;nappali;magyar nyelv és irodalom;közép;rendes;Nem;magyar;3;53;53;megjelent;22;8;14;8;0;1;53;-;-;-;-
2020;1;Szabolcs-Szatmár-Bereg;12;szakgimnázium/szakközépiskola (2016.09.01-től kifutó rendszerben);férfi;nappali;magyar nyelv és irodalom;közép;rendes;Nem;magyar;4;67;67;megjelent;29;9;17;10;0;2;67;-;-;-;-
2020;1;Szabolcs-Szatmár-Bereg;12;szakgimnázium/szakközépiskola (2016.09.01-től kifutó rendszerben);férfi;nappali;magyar nyelv és irodalom;közép;rendes;Nem;magyar;2;32;32;megjelent;14;7;5;5;0;1;32;-;-;-;-
2020;1;Szabolcs-Szatmár-Bereg;12;szakgimnázium/szakközépiskola (2016.09.01-től kifutó rendszerben);férfi;nappali;magyar nyelv és irodalom;közép;rendes;Nem;magyar;3;43;43;megjelent;23;6;8;5;0;1;43;-;-;-;-
2020;1;Szabolcs-Szatmár-Bereg;12;szakgimnázium/szakközépiskola (2016.09.01-től kifutó rendszerben);nő;nappali;magyar nyelv és irodalom;közép;rendes;Nem;magyar;2;36;36;megjelent;21;5;4;5;0;1;36;-;-;-;-
2020;1;Szabolcs-Szatmár-Bereg;12;szakgimnázium/szakközépiskola (2016.09.01-től kifutó rendszerben);nő;nappali;magyar nyelv és irodalom;közép;rendes;Nem;magyar;3;43;43;megjelent;22;6;7;6;0;2;43;-;-;-;-
2020;1;Szabolcs-Szatmár-Bereg;12;szakgimnázium/szakközépiskola (2016.09.01-től kifutó rendszerben);férfi;nappali;magyar nyelv és irodalom;közép;rendes;Nem;magyar;4;62;62;megjelent;23;9;17;11;0;2;62;-;-;-;-
2020;1;Szabolcs-Szatmár-Bereg;12;gimnázium;férfi;nappali;magyar nyelv és irodalom;közép;rendes;Nem;magyar;2;30;30;megjelent;17;4;6;3;0;0;30;-;-;-;-
2020;1;Szabolcs-Szatmár-Bereg;12;gimnázium;férfi;nappali;magyar nyelv és irodalom;közép;rendes;Nem;magyar;3;46;46;megjelent;23;7;10;5;0;1;46;-;-;-;-
2020;1;Szabolcs-Szatmár-Bereg;12;szakgimnázium/szakközépiskola (2016.09.01-től kifutó rendszerben);férfi;nappali;magyar nyelv és irodalom;közép;rendes;Nem;magyar;4;75;75;megjelent;33;8;18;14;0;2;75;-;-;-;-
2020;1;Szabolcs-Szatmár-Bereg;12;szakgimnázium/szakközépiskola (2016.09.01-től kifutó rendszerben);férfi;nappali;magyar nyelv és irodalom;közép;rendes;Nem;magyar;4;75;75;megjelent;33;10;14;11;5;2;75;-;-;-;-
2020;1;Szabolcs-Szatmár-Bereg;12;szakgimnázium/szakközépiskola (2016.09.01-től kifutó rendszerben);férfi;nappali;magyar nyelv és irodalom;közép;rendes;Nem;magyar;2;37;37;megjelent;12;6;12;7;0;0;37;-;-;-;-
2020;1;Szabolcs-Szatmár-Bereg;12;szakgimnázium/szakközépiskola (2016.09.01-től kifutó rendszerben);férfi;nappali;magyar nyelv és irodalom;közép;rendes;Nem;magyar;5;80;80;megjelent;34;9;19;13;3;2;80;-;-;-;-
2020;1;Szabolcs-Szatmár-Bereg;12;szakgimnázium/szakközépiskola (2016.09.01-től kifutó rendszerben);nő;nappali;magyar nyelv és irodalom;közép;rendes;Nem;magyar;3;44;44;megjelent;20;5;9;8;0;2;44;-;-;-;-
2020;1;Szabolcs-Szatmár-Bereg;12;szakgimnázium/szakközépiskola (2016.09.01-től kifutó rendszerben);férfi;nappali;magyar nyelv és irodalom;közép;előrehozott;Nem;magyar;3;50;50;megjelent;32;6;5;7;0;0;50;-;-;-;-
2020;1;Szabolcs-Szatmár-Bereg;12;szakgimnázium/szakközépiskola (2016.09.01-től kifutó rendszerben);férfi;nappali;magyar nyelv és irodalom;közép;rendes;Nem;magyar;4;62;62;megjelent;33;8;11;10;0;0;62;-;-;-;-
2020;1;Szabolcs-Szatmár-Bereg;12;szakgimnázium/szakközépiskola (2016.09.01-től kifutó rendszerben);férfi;nappali;magyar nyelv és irodalom;közép;rendes;Nem;magyar;5;80;80;megjelent;36;10;20;14;0;0;80;-;-;-;-
2020;1;Szabolcs-Szatmár-Bereg;12;szakgimnázium/szakközépiskola (2016.09.01-től kifutó rendszerben);nő;nappali;magyar nyelv és irodalom;közép;rendes;Nem;magyar;4;70;70;megjelent;32;9;15;12;0;2;70;-;-;-;-
2020;1;Szabolcs-Szatmár-Bereg;12;szakgimnázium/szakközépiskola (2016.09.01-től kifutó rendszerben);nő;nappali;magyar nyelv és irodalom;közép;rendes;Nem;magyar;4;67;67;megjelent;30;8;16;12;0;1;67;-;-;-;-
2020;1;Szabolcs-Szatmár-Bereg;12;gimnázium;nő;nappali;magyar nyelv és irodalom;közép;rendes;Nem;magyar;5;100;100;megjelent;40;10;25;15;8;2;100;-;-;-;-
2020;1;Szabolcs-Szatmár-Bereg;12;szakgimnázium/szakközépiskola (2016.09.01-től kifutó rendszerben);férfi;nappali;magyar nyelv és irodalom;közép;rendes;Nem;magyar;2;38;38;megjelent;27;5;0;0;4;2;38;-;-;-;-
2020;1;Szabolcs-Szatmár-Bereg;12;szakgimnázium/szakközépiskola (2016.09.01-től kifutó rendszerben);férfi;nappali;magyar nyelv és irodalom;közép;rendes;Nem;magyar;3;40;40;megjelent;25;6;3;4;0;2;40;-;-;-;-
2020;1;Szabolcs-Szatmár-Bereg;12;gimnázium;férfi;nappali;magyar nyelv és irodalom;közép;rendes;Nem;magyar;5;88;88;megjelent;36;9;21;14;6;2;88;-;-;-;-
2020;1;Szabolcs-Szatmár-Bereg;12;szakgimnázium/szakközépiskola (2016.09.01-től kifutó rendszerben);férfi;nappali;magyar nyelv és irodalom;közép;rendes;Nem;magyar;4;72;72;megjelent;30;8;13;12;7;2;72;-;-;-;-
2020;1;Szabolcs-Szatmár-Bereg;12;szakgimnázium/szakközépiskola (2016.09.01-től kifutó rendszerben);férfi;nappali;magyar nyelv és irodalom;közép;rendes;Nem;magyar;5;80;80;megjelent;37;9;14;11;7;2;80;-;-;-;-
2020;1;Szabolcs-Szatmár-Bereg;12;gimnázium;nő;nappali;magyar nyelv és irodalom;közép;rendes;Nem;magyar;5;97;97;megjelent;39;9;25;14;8;2;97;-;-;-;-
2020;1;Szabolcs-Szatmár-Bereg;12;szakgimnázium/szakközépiskola (2016.09.01-től kifutó rendszerben);férfi;nappali;magyar nyelv és irodalom;közép;rendes;Nem;magyar;4;75;75;megjelent;33;9;15;13;3;2;75;-;-;-;-
2020;1;Szabolcs-Szatmár-Bereg;12;szakgimnázium/szakközépiskola (2016.09.01-től kifutó rendszerben);férfi;nappali;magyar nyelv és irodalom;közép;rendes;Nem;magyar;5;84;84;megjelent;37;10;18;14;5;0;84;-;-;-;-
2020;1;Szabolcs-Szatmár-Bereg;12;szakgimnázium/szakközépiskola (2016.09.01-től kifutó rendszerben);férfi;nappali;magyar nyelv és irodalom;közép;rendes;Nem;magyar;5;94;94;megjelent;39;10;20;15;8;2;94;-;-;-;-
2020;1;Szabolcs-Szatmár-Bereg;12;szakgimnázium/szakközépiskola (2016.09.01-től kifutó rendszerben);férfi;nappali;magyar nyelv és irodalom;közép;rendes;Nem;magyar;5;83;83;megjelent;36;9;17;14;5;2;83;-;-;-;-
2020;1;Szabolcs-Szatmár-Bereg;12;szakgimnázium/szakközépiskola (2016.09.01-től kifutó rendszerben);férfi;nappali;magyar nyelv és irodalom;közép;rendes;Nem;magyar;4;63;63;megjelent;25;10;15;12;0;1;63;-;-;-;-
2020;1;Szabolcs-Szatmár-Bereg;12;gimnázium;férfi;nappali;magyar nyelv és irodalom;közép;rendes;Nem;magyar;5;94;94;megjelent;35;10;24;15;8;2;94;-;-;-;-
2020;1;Szabolcs-Szatmár-Bereg;12;szakgimnázium/szakközépiskola (2016.09.01-től kifutó rendszerben);férfi;nappali;magyar nyelv és irodalom;közép;rendes;Nem;magyar;5;86;86;megjelent;33;10;19;15;7;2;86;-;-;-;-
2020;1;Szabolcs-Szatmár-Bereg;12;szakgimnázium/szakközépiskola (2016.09.01-től kifutó rendszerben);férfi;nappali;magyar nyelv és irodalom;közép;rendes;Nem;magyar;4;73;73;megjelent;37;9;13;12;0;2;73;-;-;-;-
2020;1;Szabolcs-Szatmár-Bereg;12;szakgimnázium/szakközépiskola (2016.09.01-től kifutó rendszerben);férfi;nappali;magyar nyelv és irodalom;közép;rendes;Nem;magyar;3;42;42;megjelent;26;4;4;6;0;2;42;-;-;-;-
2020;1;Szabolcs-Szatmár-Bereg;12;gimnázium;nő;nappali;magyar nyelv és irodalom;közép;rendes;Nem;magyar;5;86;86;megjelent;35;10;19;14;6;2;86;-;-;-;-
2020;1;Szabolcs-Szatmár-Bereg;12;szakgimnázium/szakközépiskola (2016.09.01-től kifutó rendszerben);férfi;nappali;magyar nyelv és irodalom;közép;rendes;Nem;magyar;4;67;67;megjelent;32;8;14;12;0;1;67;-;-;-;-
2020;1;Szabolcs-Szatmár-Bereg;12;szakgimnázium/szakközépiskola (2016.09.01-től kifutó rendszerben);férfi;nappali;magyar nyelv és irodalom;közép;rendes;Nem;magyar;3;48;48;megjelent;30;9;4;5;0;0;48;-;-;-;-
2020;1;Szabolcs-Szatmár-Bereg;12;szakgimnázium/szakközépiskola (2016.09.01-től kifutó rendszerben);férfi;nappali;magyar nyelv és irodalom;közép;rendes;Nem;magyar;5;80;80;megjelent;37;10;17;14;0;2;80;-;-;-;-
2020;1;Szabolcs-Szatmár-Bereg;4;gimnázium;nő;nappali;magyar nyelv és irodalom;közép;rendes;Nem;magyar;3;40;40;megjelent;28;3;0;0;7;2;40;-;-;-;-
2020;1;Szabolcs-Szatmár-Bereg;12;gimnázium;nő;nappali;magyar nyelv és irodalom;közép;rendes;Nem;magyar;5;100;100;megjelent;40;10;25;15;8;2;100;-;-;-;-
2020;1;Szabolcs-Szatmár-Bereg;12;szakgimnázium/szakközépiskola (2016.09.01-től kifutó rendszerben);nő;nappali;magyar nyelv és irodalom;közép;rendes;Nem;magyar;2;27;27;megjelent;5;4;12;5;0;1;27;-;-;-;-
2020;1;Szabolcs-Szatmár-Bereg;12;gimnázium;nő;nappali;magyar nyelv és irodalom;közép;rendes;Nem;magyar;5;98;98;megjelent;38;10;25;15;8;2;98;-;-;-;-
2020;1;Szabolcs-Szatmár-Bereg;12;gimnázium;nő;nappali;magyar nyelv és irodalom;közép;rendes;Nem;magyar;5;92;92;megjelent;37;9;23;13;8;2;92;-;-;-;-
2020;1;Szabolcs-Szatmár-Bereg;12;gimnázium;nő;nappali;magyar nyelv és irodalom;közép;rendes;Nem;magyar;5;99;99;megjelent;39;10;25;15;8;2;99;-;-;-;-
2020;1;Szabolcs-Szatmár-Bereg;12;szakgimnázium/szakközépiskola (2016.09.01-től kifutó rendszerben);nő;nappali;magyar nyelv és irodalom;közép;rendes;Nem;magyar;4;60;60;megjelent;18;8;19;13;0;2;60;-;-;-;-
2020;1;Szabolcs-Szatmár-Bereg;12;szakgimnázium/szakközépiskola (2016.09.01-től kifutó rendszerben);férfi;nappali;magyar nyelv és irodalom;közép;rendes;Nem;magyar;3;49;49;megjelent;21;8;10;8;0;2;49;-;-;-;-
2020;1;Szabolcs-Szatmár-Bereg;12;gimnázium;nő;nappali;magyar nyelv és irodalom;közép;rendes;Nem;magyar;5;85;85;megjelent;36;9;20;15;3;2;85;-;-;-;-
2020;1;Szabolcs-Szatmár-Bereg;12;gimnázium;nő;nappali;magyar nyelv és irodalom;közép;rendes;Nem;magyar;5;88;88;megjelent;37;8;23;11;7;2;88;-;-;-;-
2020;1;Szabolcs-Szatmár-Bereg;12;szakgimnázium/szakközépiskola (2016.09.01-től kifutó rendszerben);férfi;nappali;magyar nyelv és irodalom;közép;rendes;Nem;magyar;4;63;63;megjelent;27;8;15;11;0;2;63;-;-;-;-
2020;1;Szabolcs-Szatmár-Bereg;12;gimnázium;nő;nappali;magyar nyelv és irodalom;közép;rendes;Nem;magyar;5;100;100;megjelent;40;10;25;15;8;2;100;-;-;-;-
2020;1;Szabolcs-Szatmár-Bereg;12;szakgimnázium/szakközépiskola (2016.09.01-től kifutó rendszerben);férfi;nappali;magyar nyelv és irodalom;közép;rendes;Nem;magyar;3;57;57;megjelent;18;7;18;12;0;2;57;-;-;-;-
2020;1;Szabolcs-Szatmár-Bereg;12;szakgimnázium/szakközépiskola (2016.09.01-től kifutó rendszerben);férfi;nappali;magyar nyelv és irodalom;közép;rendes;Nem;magyar;3;54;54;megjelent;22;8;12;10;0;2;54;-;-;-;-
2020;1;Szabolcs-Szatmár-Bereg;12;szakgimnázium/szakközépiskola (2016.09.01-től kifutó rendszerben);férfi;nappali;magyar nyelv és irodalom;közép;rendes;Nem;magyar;3;46;46;megjelent;20;6;10;8;0;2;46;-;-;-;-
2020;1;Szabolcs-Szatmár-Bereg;12;gimnázium;férfi;nappali;magyar nyelv és irodalom;közép;rendes;Nem;magyar;3;58;58;megjelent;34;6;9;7;0;2;58;-;-;-;-
2020;1;Szabolcs-Szatmár-Bereg;12;gimnázium;nő;nappali;magyar nyelv és irodalom;közép;rendes;Nem;magyar;5;88;88;megjelent;35;10;23;14;4;2;88;-;-;-;-
2020;1;Szabolcs-Szatmár-Bereg;12;szakgimnázium/szakközépiskola (2016.09.01-től kifutó rendszerben);nő;nappali;magyar nyelv és irodalom;közép;rendes;Nem;magyar;2;28;28;megjelent;8;4;8;6;0;2;28;-;-;-;-
2020;1;Szabolcs-Szatmár-Bereg;12;gimnázium;férfi;nappali;magyar nyelv és irodalom;közép;rendes;Nem;magyar;5;100;100;megjelent;40;10;25;15;8;2;100;-;-;-;-
2020;1;Szabolcs-Szatmár-Bereg;12;gimnázium;férfi;nappali;magyar nyelv és irodalom;közép;rendes;Nem;magyar;5;98;98;megjelent;40;10;24;14;8;2;98;-;-;-;-
2020;1;Szabolcs-Szatmár-Bereg;12;szakgimnázium/szakközépiskola (2016.09.01-től kifutó rendszerben);férfi;nappali;magyar nyelv és irodalom;közép;rendes;Nem;magyar;3;54;54;megjelent;26;6;12;9;0;1;54;-;-;-;-
2020;1;Szabolcs-Szatmár-Bereg;12;gimnázium;férfi;nappali;magyar nyelv és irodalom;közép;rendes;Nem;magyar;5;96;96;megjelent;37;10;25;14;8;2;96;-;-;-;-
2020;1;Szabolcs-Szatmár-Bereg;12;szakgimnázium/szakközépiskola (2016.09.01-től kifutó rendszerben);férfi;nappali;magyar nyelv és irodalom;közép;rendes;Nem;magyar;3;42;42;megjelent;15;7;12;7;0;1;42;-;-;-;-
2020;1;Szabolcs-Szatmár-Bereg;12;szakgimnázium/szakközépiskola (2016.09.01-től kifutó rendszerben);férfi;nappali;magyar nyelv és irodalom;közép;rendes;Nem;magyar;3;52;52;megjelent;27;7;10;7;0;1;52;-;-;-;-
2020;1;Szabolcs-Szatmár-Bereg;12;gimnázium;nő;nappali;magyar nyelv és irodalom;közép;rendes;Nem;magyar;3;58;58;megjelent;31;6;10;9;0;2;58;-;-;-;-
2020;1;Szabolcs-Szatmár-Bereg;12;szakgimnázium/szakközépiskola (2016.09.01-től kifutó rendszerben);nő;nappali;magyar nyelv és irodalom;közép;rendes;Nem;magyar;4;72;72;megjelent;30;9;18;9;4;2;72;-;-;-;-
2020;1;Szabolcs-Szatmár-Bereg;12;szakgimnázium/szakközépiskola (2016.09.01-től kifutó rendszerben);férfi;nappali;magyar nyelv és irodalom;közép;rendes;Nem;magyar;3;53;53;megjelent;19;10;14;8;0;2;53;-;-;-;-
2020;1;Szabolcs-Szatmár-Bereg;12;szakgimnázium/szakközépiskola (2016.09.01-től kifutó rendszerben);nő;nappali;magyar nyelv és irodalom;közép;rendes;Nem;magyar;3;50;50;megjelent;19;5;11;8;5;2;50;-;-;-;-
2020;1;Szabolcs-Szatmár-Bereg;12;szakgimnázium/szakközépiskola (2016.09.01-től kifutó rendszerben);nő;nappali;magyar nyelv és irodalom;közép;rendes;Nem;magyar;5;91;91;megjelent;38;10;21;15;5;2;91;-;-;-;-
2020;1;Szabolcs-Szatmár-Bereg;12;szakgimnázium/szakközépiskola (2016.09.01-től kifutó rendszerben);nő;nappali;magyar nyelv és irodalom;közép;rendes;Nem;magyar;2;35;35;megjelent;17;3;7;6;0;2;35;-;-;-;-
2020;1;Szabolcs-Szatmár-Bereg;12;gimnázium;férfi;nappali;magyar nyelv és irodalom;közép;rendes;Nem;magyar;5;92;92;megjelent;34;10;24;14;8;2;92;-;-;-;-
2020;1;Szabolcs-Szatmár-Bereg;12;szakgimnázium/szakközépiskola (2016.09.01-től kifutó rendszerben);férfi;nappali;magyar nyelv és irodalom;közép;rendes;Nem;magyar;2;37;37;megjelent;13;5;10;7;0;2;37;-;-;-;-
2020;1;Szabolcs-Szatmár-Bereg;12;gimnázium;férfi;nappali;magyar nyelv és irodalom;közép;rendes;Nem;magyar;5;100;100;megjelent;40;10;25;15;8;2;100;-;-;-;-
2020;1;Szabolcs-Szatmár-Bereg;12;szakgimnázium/szakközépiskola (2016.09.01-től kifutó rendszerben);férfi;nappali;magyar nyelv és irodalom;közép;rendes;Nem;magyar;3;48;48;megjelent;21;5;12;9;0;1;48;-;-;-;-
2020;1;Szabolcs-Szatmár-Bereg;12;szakgimnázium/szakközépiskola (2016.09.01-től kifutó rendszerben);férfi;nappali;magyar nyelv és irodalom;közép;rendes;Nem;magyar;3;43;43;megjelent;23;4;9;5;0;2;43;-;-;-;-
2020;1;Szabolcs-Szatmár-Bereg;12;szakgimnázium/szakközépiskola (2016.09.01-től kifutó rendszerben);férfi;nappali;magyar nyelv és irodalom;közép;rendes;Nem;magyar;3;52;52;megjelent;27;5;10;8;0;2;52;-;-;-;-
2020;1;Szabolcs-Szatmár-Bereg;12;szakgimnázium/szakközépiskola (2016.09.01-től kifutó rendszerben);nő;nappali;magyar nyelv és irodalom;közép;rendes;Nem;magyar;3;50;50;megjelent;19;7;12;10;0;2;50;-;-;-;-
2020;1;Szabolcs-Szatmár-Bereg;12;szakgimnázium/szakközépiskola (2016.09.01-től kifutó rendszerben);nő;nappali;magyar nyelv és irodalom;közép;rendes;Nem;magyar;3;47;47;megjelent;17;9;10;8;1;2;47;-;-;-;-
2020;1;Szabolcs-Szatmár-Bereg;12;szakgimnázium/szakközépiskola (2016.09.01-től kifutó rendszerben);nő;nappali;magyar nyelv és irodalom;közép;rendes;Nem;magyar;4;61;61;megjelent;17;9;19;14;0;2;61;-;-;-;-
2020;1;Szabolcs-Szatmár-Bereg;12;gimnázium;férfi;nappali;magyar nyelv és irodalom;közép;rendes;Nem;magyar;5;96;96;megjelent;37;10;25;15;7;2;96;-;-;-;-
2020;1;Szabolcs-Szatmár-Bereg;12;szakgimnázium/szakközépiskola (2016.09.01-től kifutó rendszerben);férfi;nappali;magyar nyelv és irodalom;közép;rendes;Nem;magyar;3;44;44;megjelent;24;8;7;4;0;1;44;-;-;-;-
2020;1;Szabolcs-Szatmár-Bereg;12;szakgimnázium/szakközépiskola (2016.09.01-től kifutó rendszerben);férfi;nappali;magyar nyelv és irodalom;közép;rendes;Nem;magyar;4;60;60;megjelent;27;7;16;9;0;1;60;-;-;-;-
2020;1;Szabolcs-Szatmár-Bereg;12;szakgimnázium/szakközépiskola (2016.09.01-től kifutó rendszerben);nő;nappali;magyar nyelv és irodalom;közép;rendes;Nem;magyar;4;60;60;megjelent;22;9;13;10;4;2;60;-;-;-;-
2020;1;Szabolcs-Szatmár-Bereg;12;szakgimnázium/szakközépiskola (2016.09.01-től kifutó rendszerben);nő;nappali;magyar nyelv és irodalom;közép;rendes;Nem;magyar;4;67;67;megjelent;22;10;18;12;3;2;67;-;-;-;-
2020;1;Szabolcs-Szatmár-Bereg;12;szakgimnázium/szakközépiskola (2016.09.01-től kifutó rendszerben);férfi;nappali;magyar nyelv és irodalom;közép;rendes;Nem;magyar;3;48;48;megjelent;22;6;11;8;0;1;48;-;-;-;-
2020;1;Szabolcs-Szatmár-Bereg;12;szakgimnázium/szakközépiskola (2016.09.01-től kifutó rendszerben);férfi;nappali;magyar nyelv és irodalom;közép;rendes;Nem;magyar;3;49;49;megjelent;28;6;8;6;0;1;49;-;-;-;-
2020;1;Szabolcs-Szatmár-Bereg;12;szakgimnázium/szakközépiskola (2016.09.01-től kifutó rendszerben);nő;nappali;magyar nyelv és irodalom;közép;rendes;Nem;magyar;3;40;40;megjelent;24;7;4;4;0;1;40;-;-;-;-
2020;1;Szabolcs-Szatmár-Bereg;12;szakgimnázium/szakközépiskola (2016.09.01-től kifutó rendszerben);férfi;nappali;magyar nyelv és irodalom;közép;rendes;Nem;magyar;3;50;50;megjelent;24;5;12;8;0;1;50;-;-;-;-
2020;1;Szabolcs-Szatmár-Bereg;12;szakgimnázium/szakközépiskola (2016.09.01-től kifutó rendszerben);nő;nappali;magyar nyelv és irodalom;közép;rendes;Nem;magyar;3;47;47;megjelent;22;8;9;8;0;0;47;-;-;-;-
2020;1;Szabolcs-Szatmár-Bereg;12;szakgimnázium/szakközépiskola (2016.09.01-től kifutó rendszerben);nő;nappali;magyar nyelv és irodalom;közép;rendes;Nem;magyar;3;46;46;megjelent;19;7;10;9;0;1;46;-;-;-;-
2020;1;Szabolcs-Szatmár-Bereg;12;szakgimnázium/szakközépiskola (2016.09.01-től kifutó rendszerben);férfi;nappali;magyar nyelv és irodalom;közép;rendes;Nem;magyar;5;80;80;megjelent;36;10;19;15;0;0;80;-;-;-;-
2020;1;Szabolcs-Szatmár-Bereg;12;szakgimnázium/szakközépiskola (2016.09.01-től kifutó rendszerben);férfi;nappali;magyar nyelv és irodalom;közép;rendes;Nem;magyar;4;62;62;megjelent;29;6;17;10;0;0;62;-;-;-;-
2020;1;Szabolcs-Szatmár-Bereg;12;szakgimnázium/szakközépiskola (2016.09.01-től kifutó rendszerben);nő;nappali;magyar nyelv és irodalom;közép;rendes;Nem;magyar;4;73;73;megjelent;31;5;19;10;7;1;73;-;-;-;-
2020;1;Szabolcs-Szatmár-Bereg;12;szakgimnázium/szakközépiskola (2016.09.01-től kifutó rendszerben);férfi;nappali;magyar nyelv és irodalom;közép;rendes;Nem;magyar;4;69;69;megjelent;32;8;14;10;4;1;69;-;-;-;-
2020;1;Szabolcs-Szatmár-Bereg;12;szakgimnázium/szakközépiskola (2016.09.01-től kifutó rendszerben);férfi;nappali;magyar nyelv és irodalom;közép;rendes;Nem;magyar;4;71;71;megjelent;31;9;19;11;0;1;71;-;-;-;-
2020;1;Szabolcs-Szatmár-Bereg;12;szakgimnázium/szakközépiskola (2016.09.01-től kifutó rendszerben);férfi;nappali;magyar nyelv és irodalom;közép;rendes;Nem;magyar;4;72;72;megjelent;28;10;20;13;0;1;72;-;-;-;-
2020;1;Szabolcs-Szatmár-Bereg;12;szakgimnázium/szakközépiskola (2016.09.01-től kifutó rendszerben);férfi;nappali;magyar nyelv és irodalom;közép;rendes;Nem;magyar;3;44;44;megjelent;16;9;10;8;0;1;44;-;-;-;-
2020;1;Szabolcs-Szatmár-Bereg;12;szakgimnázium/szakközépiskola (2016.09.01-től kifutó rendszerben);férfi;nappali;magyar nyelv és irodalom;közép;rendes;Nem;magyar;2;31;31;megjelent;14;5;6;6;0;0;31;-;-;-;-
2020;1;Szabolcs-Szatmár-Bereg;12;szakgimnázium/szakközépiskola (2016.09.01-től kifutó rendszerben);férfi;nappali;magyar nyelv és irodalom;közép;rendes;Nem;magyar;2;38;38;megjelent;23;5;5;5;0;0;38;-;-;-;-
2020;1;Szabolcs-Szatmár-Bereg;12;szakgimnázium/szakközépiskola (2016.09.01-től kifutó rendszerben);férfi;nappali;magyar nyelv és irodalom;közép;rendes;Nem;magyar;3;57;57;megjelent;31;9;9;8;0;0;57;-;-;-;-
2020;1;Szabolcs-Szatmár-Bereg;12;szakgimnázium/szakközépiskola (2016.09.01-től kifutó rendszerben);férfi;nappali;magyar nyelv és irodalom;közép;rendes;Nem;magyar;2;30;30;megjelent;16;5;5;4;0;0;30;-;-;-;-
2020;1;Szabolcs-Szatmár-Bereg;12;szakgimnázium/szakközépiskola (2016.09.01-től kifutó rendszerben);férfi;nappali;magyar nyelv és irodalom;közép;rendes;Nem;magyar;4;65;65;megjelent;30;6;14;10;3;2;65;-;-;-;-
2020;1;Szabolcs-Szatmár-Bereg;13;szakközép;férfi;nappali;magyar nyelv és irodalom;közép;rendes;Nem;magyar;2;27;27;megjelent;24;3;0;0;0;0;27;-;-;-;-
2020;1;Szabolcs-Szatmár-Bereg;12;szakgimnázium/szakközépiskola (2016.09.01-től kifutó rendszerben);férfi;nappali;magyar nyelv és irodalom;közép;rendes;Nem;magyar;4;72;72;megjelent;30;10;19;10;1;2;72;-;-;-;-
2020;1;Szabolcs-Szatmár-Bereg;12;szakgimnázium/szakközépiskola (2016.09.01-től kifutó rendszerben);férfi;nappali;magyar nyelv és irodalom;közép;rendes;Nem;magyar;3;41;41;megjelent;23;5;4;7;0;2;41;-;-;-;-
2020;1;Szabolcs-Szatmár-Bereg;13;szakközép;férfi;nappali;magyar nyelv és irodalom;közép;rendes;Nem;magyar;2;34;34;megjelent;27;4;1;2;0;0;34;-;-;-;-
2020;1;Szabolcs-Szatmár-Bereg;12;szakgimnázium/szakközépiskola (2016.09.01-től kifutó rendszerben);férfi;nappali;magyar nyelv és irodalom;közép;rendes;Nem;magyar;3;52;52;megjelent;24;7;12;8;0;1;52;-;-;-;-
2020;1;Szabolcs-Szatmár-Bereg;13;szakközép;férfi;nappali;magyar nyelv és irodalom;közép;rendes;Nem;magyar;5;90;90;megjelent;39;9;20;13;7;2;90;-;-;-;-
2020;1;Szabolcs-Szatmár-Bereg;12;szakgimnázium/szakközépiskola (2016.09.01-től kifutó rendszerben);férfi;nappali;magyar nyelv és irodalom;közép;rendes;Nem;magyar;3;50;50;megjelent;25;0;9;8;8;0;50;-;-;-;-
2020;1;Szabolcs-Szatmár-Bereg;13;szakközép;nő;nappali;magyar nyelv és irodalom;közép;rendes;Nem;magyar;2;26;26;megjelent;18;4;2;2;0;0;26;-;-;-;-
2020;1;Szabolcs-Szatmár-Bereg;12;szakgimnázium/szakközépiskola (2016.09.01-től kifutó rendszerben);férfi;nappali;magyar nyelv és irodalom;közép;rendes;Nem;magyar;2;33;33;megjelent;23;0;4;5;0;1;33;-;-;-;-
2020;1;Szabolcs-Szatmár-Bereg;13;szakközép;nő;nappali;magyar nyelv és irodalom;közép;rendes;Nem;magyar;2;32;32;megjelent;28;4;0;0;0;0;32;-;-;-;-
2020;1;Szabolcs-Szatmár-Bereg;13;szakközép;férfi;nappali;magyar nyelv és irodalom;közép;rendes;Nem;magyar;3;52;52;megjelent;28;5;12;7;0;0;52;-;-;-;-
2020;1;Szabolcs-Szatmár-Bereg;13;szakközép;nő;nappali;magyar nyelv és irodalom;közép;rendes;Nem;magyar;2;35;35;megjelent;26;6;1;2;0;0;35;-;-;-;-
2020;1;Szabolcs-Szatmár-Bereg;12;szakgimnázium/szakközépiskola (2016.09.01-től kifutó rendszerben);férfi;nappali;magyar nyelv és irodalom;közép;rendes;Nem;magyar;4;78;78;megjelent;32;10;19;15;2;0;78;-;-;-;-
2020;1;Szabolcs-Szatmár-Bereg;12;szakgimnázium/szakközépiskola (2016.09.01-től kifutó rendszerben);nő;nappali;magyar nyelv és irodalom;közép;rendes;Nem;magyar;3;50;50;megjelent;16;5;14;6;7;2;50;-;-;-;-
2020;1;Szabolcs-Szatmár-Bereg;13;szakközép;férfi;nappali;magyar nyelv és irodalom;közép;rendes;Nem;magyar;3;42;42;megjelent;30;3;6;3;0;0;42;-;-;-;-
2020;1;Szabolcs-Szatmár-Bereg;13;szakközép;nő;nappali;magyar nyelv és irodalom;közép;rendes;Nem;magyar;2;25;25;megjelent;19;4;1;1;0;0;25;-;-;-;-
2020;1;Szabolcs-Szatmár-Bereg;12;gimnázium;nő;nappali;magyar nyelv és irodalom;közép;rendes;Nem;magyar;5;88;88;megjelent;35;9;22;13;7;2;88;-;-;-;-
2020;1;Szabolcs-Szatmár-Bereg;13;szakközép;nő;nappali;magyar nyelv és irodalom;közép;rendes;Nem;magyar;2;29;29;megjelent;23;3;1;2;0;0;29;-;-;-;-
2020;1;Szabolcs-Szatmár-Bereg;13;szakközép;férfi;nappali;magyar nyelv és irodalom;közép;rendes;Nem;magyar;5;88;88;megjelent;39;10;21;12;4;2;88;-;-;-;-
2020;1;Szabolcs-Szatmár-Bereg;12;szakgimnázium/szakközépiskola (2016.09.01-től kifutó rendszerben);férfi;nappali;magyar nyelv és irodalom;közép;rendes;Nem;magyar;3;51;51;megjelent;24;7;12;8;0;0;51;-;-;-;-
2020;1;Szabolcs-Szatmár-Bereg;13;szakközép;nő;nappali;magyar nyelv és irodalom;közép;rendes;Nem;magyar;2;27;27;megjelent;23;3;1;0;0;0;27;-;-;-;-
2020;1;Szabolcs-Szatmár-Bereg;12;szakgimnázium/szakközépiskola (2016.09.01-től kifutó rendszerben);férfi;nappali;magyar nyelv és irodalom;közép;rendes;Nem;magyar;4;70;70;megjelent;30;7;20;13;0;0;70;-;-;-;-
2020;1;Szabolcs-Szatmár-Bereg;12;gimnázium;nő;nappali;magyar nyelv és irodalom;közép;rendes;Nem;magyar;3;51;51;megjelent;28;5;9;7;0;2;51;-;-;-;-
2020;1;Szabolcs-Szatmár-Bereg;12;gimnázium;férfi;nappali;magyar nyelv és irodalom;közép;rendes;Nem;magyar;5;81;81;megjelent;39;7;22;11;0;2;81;-;-;-;-
2020;1;Szabolcs-Szatmár-Bereg;12;szakgimnázium/szakközépiskola (2016.09.01-től kifutó rendszerben);férfi;nappali;magyar nyelv és irodalom;közép;rendes;Nem;magyar;4;62;62;megjelent;36;3;9;7;5;2;62;-;-;-;-
2020;1;Szabolcs-Szatmár-Bereg;12;szakgimnázium/szakközépiskola (2016.09.01-től kifutó rendszerben);férfi;nappali;magyar nyelv és irodalom;közép;rendes;Nem;magyar;2;25;25;megjelent;25;0;0;0;0;0;25;-;-;-;-
2020;1;Szabolcs-Szatmár-Bereg;12;szakgimnázium/szakközépiskola (2016.09.01-től kifutó rendszerben);férfi;nappali;magyar nyelv és irodalom;közép;rendes;Nem;magyar;2;35;35;megjelent;24;4;2;4;0;1;35;-;-;-;-
2020;1;Szabolcs-Szatmár-Bereg;12;gimnázium;nő;nappali;magyar nyelv és irodalom;közép;rendes;Nem;magyar;5;90;90;megjelent;38;9;22;13;6;2;90;-;-;-;-
2020;1;Szabolcs-Szatmár-Bereg;12;szakgimnázium/szakközépiskola (2016.09.01-től kifutó rendszerben);férfi;nappali;magyar nyelv és irodalom;közép;rendes;Nem;magyar;3;45;45;megjelent;32;4;0;0;7;2;45;-;-;-;-
2020;1;Szabolcs-Szatmár-Bereg;12;gimnázium;nő;nappali;magyar nyelv és irodalom;közép;rendes;Nem;magyar;4;60;60;megjelent;32;5;11;7;3;2;60;-;-;-;-
2020;1;Szabolcs-Szatmár-Bereg;12;szakgimnázium/szakközépiskola (2016.09.01-től kifutó rendszerben);férfi;nappali;magyar nyelv és irodalom;közép;rendes;Nem;magyar;2;36;36;megjelent;27;0;3;4;0;2;36;-;-;-;-
2020;1;Szabolcs-Szatmár-Bereg;12;szakgimnázium/szakközépiskola (2016.09.01-től kifutó rendszerben);férfi;nappali;magyar nyelv és irodalom;közép;rendes;Nem;magyar;4;74;74;megjelent;31;10;13;11;8;1;74;-;-;-;-
2020;1;Szabolcs-Szatmár-Bereg;12;gimnázium;nő;nappali;magyar nyelv és irodalom;közép;rendes;Nem;magyar;5;88;88;megjelent;38;9;21;13;5;2;88;-;-;-;-
2020;1;Szabolcs-Szatmár-Bereg;12;szakgimnázium/szakközépiskola (2016.09.01-től kifutó rendszerben);férfi;nappali;magyar nyelv és irodalom;közép;rendes;Nem;magyar;3;51;51;megjelent;24;6;3;8;8;2;51;-;-;-;-
2020;1;Szabolcs-Szatmár-Bereg;12;szakgimnázium/szakközépiskola (2016.09.01-től kifutó rendszerben);nő;nappali;magyar nyelv és irodalom;közép;rendes;Nem;magyar;4;60;60;megjelent;30;7;14;7;0;2;60;-;-;-;-
2020;1;Szabolcs-Szatmár-Bereg;12;szakgimnázium/szakközépiskola (2016.09.01-től kifutó rendszerben);nő;nappali;magyar nyelv és irodalom;közép;rendes;Nem;magyar;4;72;72;megjelent;31;8;16;10;5;2;72;-;-;-;-
2020;1;Szabolcs-Szatmár-Bereg;12;szakgimnázium/szakközépiskola (2016.09.01-től kifutó rendszerben);nő;nappali;magyar nyelv és irodalom;közép;rendes;Nem;magyar;4;71;71;megjelent;32;7;14;8;8;2;71;-;-;-;-
2020;1;Szabolcs-Szatmár-Bereg;12;gimnázium;férfi;nappali;magyar nyelv és irodalom;közép;rendes;Nem;magyar;4;67;67;megjelent;35;6;11;10;3;2;67;-;-;-;-
2020;1;Szabolcs-Szatmár-Bereg;12;szakgimnázium/szakközépiskola (2016.09.01-től kifutó rendszerben);férfi;nappali;magyar nyelv és irodalom;közép;rendes;Nem;magyar;3;44;44;megjelent;31;3;4;4;0;2;44;-;-;-;-
2020;1;Szabolcs-Szatmár-Bereg;12;szakgimnázium/szakközépiskola (2016.09.01-től kifutó rendszerben);nő;nappali;magyar nyelv és irodalom;közép;rendes;Nem;magyar;3;49;49;megjelent;24;3;12;8;0;2;49;-;-;-;-
2020;1;Szabolcs-Szatmár-Bereg;13;gimnázium;férfi;nappali;magyar nyelv és irodalom;közép;rendes;Igen;magyar;3;52;26;megjelent;-;-;-;-;-;-;-;11;5;10;26
2020;1;Szabolcs-Szatmár-Bereg;12;szakgimnázium/szakközépiskola (2016.09.01-től kifutó rendszerben);nő;nappali;magyar nyelv és irodalom;közép;rendes;Nem;magyar;4;62;62;megjelent;24;8;19;9;0;2;62;-;-;-;-
2020;1;Szabolcs-Szatmár-Bereg;12;szakgimnázium/szakközépiskola (2016.09.01-től kifutó rendszerben);férfi;nappali;magyar nyelv és irodalom;közép;rendes;Nem;magyar;3;54;54;megjelent;29;6;5;8;4;2;54;-;-;-;-
2020;1;Szabolcs-Szatmár-Bereg;12;szakgimnázium/szakközépiskola (2016.09.01-től kifutó rendszerben);férfi;nappali;magyar nyelv és irodalom;közép;rendes;Nem;magyar;4;63;63;megjelent;33;6;9;8;5;2;63;-;-;-;-
2020;1;Szabolcs-Szatmár-Bereg;12;szakgimnázium/szakközépiskola (2016.09.01-től kifutó rendszerben);nő;nappali;magyar nyelv és irodalom;közép;rendes;Nem;magyar;4;60;60;megjelent;26;6;14;11;1;2;60;-;-;-;-
2020;1;Szabolcs-Szatmár-Bereg;12;gimnázium;férfi;nappali;magyar nyelv és irodalom;közép;rendes;Nem;magyar;3;58;58;megjelent;34;6;9;7;0;2;58;-;-;-;-
2020;1;Szabolcs-Szatmár-Bereg;12;szakgimnázium/szakközépiskola (2016.09.01-től kifutó rendszerben);nő;nappali;magyar nyelv és irodalom;közép;rendes;Nem;magyar;4;60;60;megjelent;23;8;14;8;5;2;60;-;-;-;-
2020;1;Szabolcs-Szatmár-Bereg;12;szakgimnázium/szakközépiskola (2016.09.01-től kifutó rendszerben);nő;nappali;magyar nyelv és irodalom;közép;rendes;Nem;magyar;2;26;26;megjelent;18;0;2;5;0;1;26;-;-;-;-
2020;1;Szabolcs-Szatmár-Bereg;12;szakgimnázium/szakközépiskola (2016.09.01-től kifutó rendszerben);nő;nappali;magyar nyelv és irodalom;közép;rendes;Nem;magyar;4;60;60;megjelent;26;10;14;8;1;1;60;-;-;-;-
2020;1;Szabolcs-Szatmár-Bereg;12;gimnázium;férfi;nappali;magyar nyelv és irodalom;közép;rendes;Igen;magyar;3;50;25;megjelent;-;-;-;-;-;-;-;14;3;8;25
2020;1;Szabolcs-Szatmár-Bereg;12;szakgimnázium/szakközépiskola (2016.09.01-től kifutó rendszerben);nő;nappali;magyar nyelv és irodalom;közép;rendes;Nem;magyar;3;43;43;megjelent;21;3;13;6;0;0;43;-;-;-;-
2020;1;Szabolcs-Szatmár-Bereg;12;szakgimnázium/szakközépiskola (2016.09.01-től kifutó rendszerben);férfi;nappali;magyar nyelv és irodalom;közép;rendes;Nem;magyar;5;80;80;megjelent;35;8;18;10;8;1;80;-;-;-;-
2020;1;Szabolcs-Szatmár-Bereg;12;szakgimnázium/szakközépiskola (2016.09.01-től kifutó rendszerben);nő;nappali;magyar nyelv és irodalom;közép;rendes;Nem;magyar;4;66;66;megjelent;28;8;19;9;0;2;66;-;-;-;-
2020;1;Szabolcs-Szatmár-Bereg;12;szakgimnázium/szakközépiskola (2016.09.01-től kifutó rendszerben);nő;nappali;magyar nyelv és irodalom;közép;rendes;Nem;magyar;3;42;42;megjelent;18;4;10;7;1;2;42;-;-;-;-
2020;1;Szabolcs-Szatmár-Bereg;12;szakgimnázium/szakközépiskola (2016.09.01-től kifutó rendszerben);nő;nappali;magyar nyelv és irodalom;közép;rendes;Nem;magyar;2;29;29;megjelent;15;4;3;5;0;2;29;-;-;-;-
2020;1;Szabolcs-Szatmár-Bereg;12;szakgimnázium/szakközépiskola (2016.09.01-től kifutó rendszerben);férfi;nappali;magyar nyelv és irodalom;közép;rendes;Nem;magyar;3;48;48;megjelent;31;0;9;7;0;1;48;-;-;-;-
2020;1;Szabolcs-Szatmár-Bereg;12;szakgimnázium/szakközépiskola (2016.09.01-től kifutó rendszerben);nő;nappali;magyar nyelv és irodalom;közép;rendes;Nem;magyar;2;33;33;megjelent;22;4;3;4;0;0;33;-;-;-;-
2020;1;Szabolcs-Szatmár-Bereg;12;szakgimnázium/szakközépiskola (2016.09.01-től kifutó rendszerben);nő;nappali;magyar nyelv és irodalom;közép;rendes;Nem;magyar;2;25;25;megjelent;17;0;3;3;0;2;25;-;-;-;-
2020;1;Szabolcs-Szatmár-Bereg;12;gimnázium;férfi;nappali;magyar nyelv és irodalom;közép;rendes;Nem;magyar;5;82;82;megjelent;35;9;18;10;8;2;82;-;-;-;-
2020;1;Szabolcs-Szatmár-Bereg;12;szakgimnázium/szakközépiskola (2016.09.01-től kifutó rendszerben);nő;nappali;magyar nyelv és irodalom;közép;rendes;Nem;magyar;4;61;61;megjelent;29;9;13;8;0;2;61;-;-;-;-
2020;1;Szabolcs-Szatmár-Bereg;12;gimnázium;férfi;nappali;magyar nyelv és irodalom;közép;rendes;Nem;magyar;4;62;62;megjelent;24;7;18;8;3;2;62;-;-;-;-
2020;1;Szabolcs-Szatmár-Bereg;12;szakgimnázium/szakközépiskola (2016.09.01-től kifutó rendszerben);férfi;nappali;magyar nyelv és irodalom;közép;rendes;Nem;magyar;2;33;50;megjelent;8;0;4;4;0;0;16;13;8;13;34
2020;1;Szabolcs-Szatmár-Bereg;12;szakgimnázium/szakközépiskola (2016.09.01-től kifutó rendszerben);férfi;nappali;magyar nyelv és irodalom;közép;rendes;Nem;magyar;3;47;47;megjelent;26;5;10;6;0;0;47;-;-;-;-
2020;1;Szabolcs-Szatmár-Bereg;12;gimnázium;nő;nappali;magyar nyelv és irodalom;közép;rendes;Nem;magyar;5;81;81;megjelent;34;9;18;10;8;2;81;-;-;-;-
2020;1;Szabolcs-Szatmár-Bereg;12;szakgimnázium/szakközépiskola (2016.09.01-től kifutó rendszerben);nő;nappali;magyar nyelv és irodalom;közép;rendes;Nem;magyar;2;25;38;megjelent;10;2;3;6;0;2;23;8;2;5;15
2020;1;Szabolcs-Szatmár-Bereg;12;gimnázium;nő;nappali;magyar nyelv és irodalom;közép;rendes;Nem;magyar;5;91;91;megjelent;33;10;23;15;8;2;91;-;-;-;-
2020;1;Szabolcs-Szatmár-Bereg;12;szakgimnázium/szakközépiskola (2016.09.01-től kifutó rendszerben);nő;nappali;magyar nyelv és irodalom;közép;rendes;Nem;magyar;2;30;45;megjelent;12;4;2;3;0;0;21;10;3;11;24
2020;1;Szabolcs-Szatmár-Bereg;12;gimnázium;nő;nappali;magyar nyelv és irodalom;közép;rendes;Nem;magyar;4;60;60;megjelent;24;9;14;10;1;2;60;-;-;-;-
2020;1;Szabolcs-Szatmár-Bereg;12;szakgimnázium/szakközépiskola (2016.09.01-től kifutó rendszerben);férfi;nappali;magyar nyelv és irodalom;közép;rendes;Igen;magyar;2;30;15;megjelent;-;-;-;-;-;-;-;6;4;5;15
2020;1;Szabolcs-Szatmár-Bereg;12;gimnázium;nő;nappali;magyar nyelv és irodalom;közép;rendes;Nem;magyar;5;83;83;megjelent;36;8;19;11;7;2;83;-;-;-;-
2020;1;Szabolcs-Szatmár-Bereg;12;gimnázium;nő;nappali;magyar nyelv és irodalom;közép;rendes;Nem;magyar;3;44;44;megjelent;30;0;7;5;0;2;44;-;-;-;-
2020;1;Szabolcs-Szatmár-Bereg;12;szakgimnázium/szakközépiskola (2016.09.01-től kifutó rendszerben);nő;nappali;magyar nyelv és irodalom;közép;rendes;Nem;magyar;3;47;47;megjelent;18;7;14;6;0;2;47;-;-;-;-
2020;1;Szabolcs-Szatmár-Bereg;12;szakgimnázium/szakközépiskola (2016.09.01-től kifutó rendszerben);férfi;nappali;magyar nyelv és irodalom;közép;rendes;Nem;magyar;4;64;64;megjelent;29;10;14;10;0;1;64;-;-;-;-
2020;1;Szabolcs-Szatmár-Bereg;12;gimnázium;férfi;nappali;magyar nyelv és irodalom;közép;rendes;Nem;magyar;5;85;85;megjelent;35;9;22;13;4;2;85;-;-;-;-
2020;1;Szabolcs-Szatmár-Bereg;12;gimnázium;nő;nappali;magyar nyelv és irodalom;közép;rendes;Nem;magyar;4;60;60;megjelent;27;8;13;9;1;2;60;-;-;-;-
2020;1;Szabolcs-Szatmár-Bereg;12;szakgimnázium/szakközépiskola (2016.09.01-től kifutó rendszerben);nő;nappali;magyar nyelv és irodalom;közép;rendes;Nem;magyar;4;66;66;megjelent;27;9;19;10;0;1;66;-;-;-;-
2020;1;Szabolcs-Szatmár-Bereg;12;gimnázium;nő;nappali;magyar nyelv és irodalom;közép;rendes;Nem;magyar;5;84;84;megjelent;32;10;23;13;4;2;84;-;-;-;-
2020;1;Szabolcs-Szatmár-Bereg;12;szakgimnázium/szakközépiskola (2016.09.01-től kifutó rendszerben);nő;nappali;magyar nyelv és irodalom;közép;rendes;Nem;magyar;5;80;80;megjelent;30;8;24;12;4;2;80;-;-;-;-
2020;1;Szabolcs-Szatmár-Bereg;12;gimnázium;férfi;nappali;magyar nyelv és irodalom;közép;rendes;Nem;magyar;5;86;86;megjelent;38;8;25;15;0;0;86;-;-;-;-
2020;1;Szabolcs-Szatmár-Bereg;12;gimnázium;férfi;nappali;magyar nyelv és irodalom;közép;rendes;Nem;magyar;4;65;65;megjelent;32;5;12;9;5;2;65;-;-;-;-
2020;1;Szabolcs-Szatmár-Bereg;12;szakgimnázium/szakközépiskola (2016.09.01-től kifutó rendszerben);férfi;nappali;magyar nyelv és irodalom;közép;rendes;Nem;magyar;2;33;33;megjelent;20;6;2;3;0;2;33;-;-;-;-
2020;1;Szabolcs-Szatmár-Bereg;12;szakgimnázium/szakközépiskola (2016.09.01-től kifutó rendszerben);férfi;nappali;magyar nyelv és irodalom;közép;rendes;Nem;magyar;3;44;44;megjelent;28;5;4;6;0;1;44;-;-;-;-
2020;1;Szabolcs-Szatmár-Bereg;12;gimnázium;férfi;nappali;magyar nyelv és irodalom;közép;rendes;Nem;magyar;4;60;60;megjelent;25;6;16;9;2;2;60;-;-;-;-
2020;1;Szabolcs-Szatmár-Bereg;12;gimnázium;nő;nappali;magyar nyelv és irodalom;közép;rendes;Nem;magyar;5;87;87;megjelent;36;10;20;12;7;2;87;-;-;-;-
2020;1;Szabolcs-Szatmár-Bereg;12;gimnázium;nő;nappali;magyar nyelv és irodalom;közép;rendes;Nem;magyar;3;56;56;megjelent;27;7;10;7;3;2;56;-;-;-;-
2020;1;Szabolcs-Szatmár-Bereg;12;szakgimnázium/szakközépiskola (2016.09.01-től kifutó rendszerben);férfi;nappali;magyar nyelv és irodalom;közép;rendes;Nem;magyar;4;62;62;megjelent;35;6;8;11;0;2;62;-;-;-;-
2020;1;Szabolcs-Szatmár-Bereg;12;gimnázium;férfi;nappali;magyar nyelv és irodalom;közép;rendes;Nem;magyar;4;66;66;megjelent;28;9;18;9;0;2;66;-;-;-;-
2020;1;Szabolcs-Szatmár-Bereg;12;gimnázium;nő;nappali;magyar nyelv és irodalom;közép;rendes;Nem;magyar;3;51;51;megjelent;24;6;8;8;3;2;51;-;-;-;-
2020;1;Szabolcs-Szatmár-Bereg;12;gimnázium;férfi;nappali;magyar nyelv és irodalom;közép;rendes;Igen;magyar;4;64;32;megjelent;-;-;-;-;-;-;-;14;6;12;32
2020;1;Szabolcs-Szatmár-Bereg;12;gimnázium;nő;nappali;magyar nyelv és irodalom;közép;rendes;Nem;magyar;5;80;80;megjelent;32;9;22;13;2;2;80;-;-;-;-
2020;1;Szabolcs-Szatmár-Bereg;12;szakgimnázium/szakközépiskola (2016.09.01-től kifutó rendszerben);férfi;nappali;magyar nyelv és irodalom;közép;rendes;Nem;magyar;4;73;73;megjelent;32;8;12;13;6;2;73;-;-;-;-
2020;1;Szabolcs-Szatmár-Bereg;12;gimnázium;nő;nappali;magyar nyelv és irodalom;közép;rendes;Nem;magyar;4;76;76;megjelent;26;9;21;12;7;1;76;-;-;-;-
2020;1;Szabolcs-Szatmár-Bereg;12;gimnázium;férfi;nappali;magyar nyelv és irodalom;közép;rendes;Nem;magyar;4;62;62;megjelent;32;8;11;9;1;1;62;-;-;-;-
2020;1;Szabolcs-Szatmár-Bereg;12;gimnázium;nő;nappali;magyar nyelv és irodalom;közép;rendes;Nem;magyar;5;87;87;megjelent;35;10;25;15;0;2;87;-;-;-;-
2020;1;Szabolcs-Szatmár-Bereg;12;gimnázium;nő;nappali;magyar nyelv és irodalom;közép;rendes;Nem;magyar;5;81;81;megjelent;34;10;19;12;4;2;81;-;-;-;-
2020;1;Szabolcs-Szatmár-Bereg;12;szakgimnázium/szakközépiskola (2016.09.01-től kifutó rendszerben);férfi;nappali;magyar nyelv és irodalom;közép;rendes;Nem;magyar;3;41;41;megjelent;31;3;3;3;0;1;41;-;-;-;-
2020;1;Szabolcs-Szatmár-Bereg;12;gimnázium;nő;nappali;magyar nyelv és irodalom;közép;rendes;Nem;magyar;2;25;38;megjelent;14;3;0;0;0;1;18;7;5;8;20
2020;1;Szabolcs-Szatmár-Bereg;12;gimnázium;férfi;nappali;magyar nyelv és irodalom;közép;rendes;Nem;magyar;4;75;75;megjelent;29;10;19;15;0;2;75;-;-;-;-
2020;1;Szabolcs-Szatmár-Bereg;12;szakgimnázium/szakközépiskola (2016.09.01-től kifutó rendszerben);férfi;nappali;magyar nyelv és irodalom;közép;rendes;Nem;magyar;3;43;43;megjelent;32;4;0;0;5;2;43;-;-;-;-
2020;1;Szabolcs-Szatmár-Bereg;12;gimnázium;nő;nappali;magyar nyelv és irodalom;közép;rendes;Nem;magyar;4;69;69;megjelent;31;9;16;11;0;2;69;-;-;-;-
2020;1;Szabolcs-Szatmár-Bereg;12;szakgimnázium/szakközépiskola (2016.09.01-től kifutó rendszerben);férfi;nappali;magyar nyelv és irodalom;közép;rendes;Nem;magyar;4;61;61;megjelent;31;6;7;10;6;1;61;-;-;-;-
2020;1;Szabolcs-Szatmár-Bereg;12;gimnázium;férfi;nappali;magyar nyelv és irodalom;közép;rendes;Nem;magyar;4;69;69;megjelent;32;9;14;12;0;2;69;-;-;-;-
2020;1;Szabolcs-Szatmár-Bereg;12;szakgimnázium/szakközépiskola (2016.09.01-től kifutó rendszerben);nő;nappali;magyar nyelv és irodalom;közép;rendes;Nem;magyar;4;60;60;megjelent;21;8;14;9;6;2;60;-;-;-;-
2020;1;Szabolcs-Szatmár-Bereg;12;gimnázium;nő;nappali;magyar nyelv és irodalom;közép;rendes;Nem;magyar;5;84;84;megjelent;35;9;19;13;6;2;84;-;-;-;-
2020;1;Szabolcs-Szatmár-Bereg;12;szakgimnázium/szakközépiskola (2016.09.01-től kifutó rendszerben);férfi;nappali;magyar nyelv és irodalom;közép;rendes;Nem;magyar;3;55;55;megjelent;29;8;2;6;8;2;55;-;-;-;-
2020;1;Szabolcs-Szatmár-Bereg;12;szakgimnázium/szakközépiskola (2016.09.01-től kifutó rendszerben);nő;nappali;magyar nyelv és irodalom;közép;rendes;Nem;magyar;4;60;60;megjelent;26;8;10;8;6;2;60;-;-;-;-
2020;1;Szabolcs-Szatmár-Bereg;12;szakgimnázium/szakközépiskola (2016.09.01-től kifutó rendszerben);nő;nappali;magyar nyelv és irodalom;közép;rendes;Nem;magyar;3;54;54;megjelent;23;5;10;7;7;2;54;-;-;-;-
2020;1;Szabolcs-Szatmár-Bereg;12;szakgimnázium/szakközépiskola (2016.09.01-től kifutó rendszerben);férfi;nappali;magyar nyelv és irodalom;közép;rendes;Nem;magyar;3;57;57;megjelent;27;7;12;7;3;1;57;-;-;-;-
2020;1;Szabolcs-Szatmár-Bereg;12;szakgimnázium/szakközépiskola (2016.09.01-től kifutó rendszerben);nő;nappali;magyar nyelv és irodalom;közép;rendes;Nem;magyar;3;55;55;megjelent;29;8;9;8;0;1;55;-;-;-;-
2020;1;Szabolcs-Szatmár-Bereg;12;szakgimnázium/szakközépiskola (2016.09.01-től kifutó rendszerben);férfi;nappali;magyar nyelv és irodalom;közép;előrehozott;Nem;magyar;3;56;56;megjelent;32;3;10;7;3;1;56;-;-;-;-
2020;1;Szabolcs-Szatmár-Bereg;12;szakgimnázium/szakközépiskola (2016.09.01-től kifutó rendszerben);nő;nappali;magyar nyelv és irodalom;közép;rendes;Nem;magyar;4;70;70;megjelent;29;8;16;9;6;2;70;-;-;-;-
2020;1;Szabolcs-Szatmár-Bereg;12;szakgimnázium/szakközépiskola (2016.09.01-től kifutó rendszerben);férfi;nappali;magyar nyelv és irodalom;közép;rendes;Nem;magyar;3;44;44;megjelent;18;7;5;7;5;2;44;-;-;-;-
2020;1;Szabolcs-Szatmár-Bereg;12;szakgimnázium/szakközépiskola (2016.09.01-től kifutó rendszerben);férfi;nappali;magyar nyelv és irodalom;közép;rendes;Nem;magyar;2;36;36;megjelent;36;0;0;0;0;0;36;-;-;-;-
2020;1;Szabolcs-Szatmár-Bereg;12;szakgimnázium/szakközépiskola (2016.09.01-től kifutó rendszerben);nő;nappali;magyar nyelv és irodalom;közép;rendes;Nem;magyar;4;62;62;megjelent;33;8;9;8;3;1;62;-;-;-;-
2020;1;Szabolcs-Szatmár-Bereg;12;szakgimnázium/szakközépiskola (2016.09.01-től kifutó rendszerben);nő;nappali;magyar nyelv és irodalom;közép;rendes;Nem;magyar;4;62;62;megjelent;26;8;12;8;6;2;62;-;-;-;-
2020;1;Szabolcs-Szatmár-Bereg;12;szakgimnázium/szakközépiskola (2016.09.01-től kifutó rendszerben);nő;nappali;magyar nyelv és irodalom;közép;rendes;Nem;magyar;3;40;40;megjelent;22;3;5;8;0;2;40;-;-;-;-
2020;1;Szabolcs-Szatmár-Bereg;12;szakgimnázium/szakközépiskola (2016.09.01-től kifutó rendszerben);férfi;nappali;magyar nyelv és irodalom;közép;rendes;Nem;magyar;5;80;80;megjelent;29;8;20;14;7;2;80;-;-;-;-
2020;1;Szabolcs-Szatmár-Bereg;12;gimnázium;férfi;nappali;magyar nyelv és irodalom;közép;rendes;Nem;magyar;5;95;95;megjelent;37;10;25;15;6;2;95;-;-;-;-
2020;1;Szabolcs-Szatmár-Bereg;12;szakgimnázium/szakközépiskola (2016.09.01-től kifutó rendszerben);nő;nappali;magyar nyelv és irodalom;közép;rendes;Nem;magyar;3;44;44;megjelent;19;7;10;7;0;1;44;-;-;-;-
2020;1;Szabolcs-Szatmár-Bereg;12;gimnázium;nő;nappali;magyar nyelv és irodalom;közép;rendes;Nem;magyar;4;73;73;megjelent;36;8;15;9;5;0;73;-;-;-;-
2020;1;Szabolcs-Szatmár-Bereg;12;szakgimnázium/szakközépiskola (2016.09.01-től kifutó rendszerben);férfi;nappali;magyar nyelv és irodalom;közép;rendes;Nem;magyar;4;63;63;megjelent;24;9;15;10;3;2;63;-;-;-;-
2020;1;Szabolcs-Szatmár-Bereg;12;szakgimnázium/szakközépiskola (2016.09.01-től kifutó rendszerben);férfi;nappali;magyar nyelv és irodalom;közép;rendes;Nem;magyar;2;38;38;megjelent;20;0;10;7;0;1;38;-;-;-;-
2020;1;Szabolcs-Szatmár-Bereg;12;szakgimnázium/szakközépiskola (2016.09.01-től kifutó rendszerben);férfi;nappali;magyar nyelv és irodalom;közép;rendes;Nem;magyar;2;39;39;megjelent;17;5;10;5;0;2;39;-;-;-;-
2020;1;Szabolcs-Szatmár-Bereg;12;szakgimnázium/szakközépiskola (2016.09.01-től kifutó rendszerben);férfi;nappali;magyar nyelv és irodalom;közép;rendes;Nem;magyar;3;52;52;megjelent;19;8;15;9;0;1;52;-;-;-;-
2020;1;Szabolcs-Szatmár-Bereg;12;szakgimnázium/szakközépiskola (2016.09.01-től kifutó rendszerben);nő;nappali;magyar nyelv és irodalom;közép;rendes;Nem;magyar;4;75;75;megjelent;36;8;17;12;0;2;75;-;-;-;-
2020;1;Szabolcs-Szatmár-Bereg;12;szakgimnázium/szakközépiskola (2016.09.01-től kifutó rendszerben);férfi;nappali;magyar nyelv és irodalom;közép;rendes;Nem;magyar;4;63;63;megjelent;31;9;14;9;0;0;63;-;-;-;-
2020;1;Szabolcs-Szatmár-Bereg;12;szakgimnázium/szakközépiskola (2016.09.01-től kifutó rendszerben);nő;nappali;magyar nyelv és irodalom;közép;rendes;Nem;magyar;4;60;60;megjelent;31;6;10;8;3;2;60;-;-;-;-
2020;1;Szabolcs-Szatmár-Bereg;12;szakgimnázium/szakközépiskola (2016.09.01-től kifutó rendszerben);nő;nappali;magyar nyelv és irodalom;közép;rendes;Nem;magyar;4;69;69;megjelent;31;5;16;9;7;1;69;-;-;-;-
2020;1;Szabolcs-Szatmár-Bereg;12;szakgimnázium/szakközépiskola (2016.09.01-től kifutó rendszerben);nő;nappali;magyar nyelv és irodalom;közép;rendes;Nem;magyar;5;90;90;megjelent;37;9;23;13;6;2;90;-;-;-;-
2020;1;Szabolcs-Szatmár-Bereg;12;szakgimnázium/szakközépiskola (2016.09.01-től kifutó rendszerben);férfi;nappali;magyar nyelv és irodalom;közép;rendes;Nem;magyar;2;38;38;megjelent;19;4;9;5;0;1;38;-;-;-;-
2020;1;Szabolcs-Szatmár-Bereg;12;szakgimnázium/szakközépiskola (2016.09.01-től kifutó rendszerben);férfi;nappali;magyar nyelv és irodalom;közép;rendes;Nem;magyar;2;35;35;megjelent;20;0;9;5;0;1;35;-;-;-;-
2020;1;Szabolcs-Szatmár-Bereg;12;gimnázium;férfi;nappali;magyar nyelv és irodalom;közép;rendes;Nem;magyar;5;93;93;megjelent;35;10;23;15;8;2;93;-;-;-;-
2020;1;Szabolcs-Szatmár-Bereg;12;szakgimnázium/szakközépiskola (2016.09.01-től kifutó rendszerben);férfi;nappali;magyar nyelv és irodalom;közép;rendes;Nem;magyar;5;88;88;megjelent;34;10;22;14;6;2;88;-;-;-;-
2020;1;Szabolcs-Szatmár-Bereg;12;szakgimnázium/szakközépiskola (2016.09.01-től kifutó rendszerben);nő;nappali;magyar nyelv és irodalom;közép;rendes;Nem;magyar;5;82;82;megjelent;33;9;21;13;4;2;82;-;-;-;-
2020;1;Szabolcs-Szatmár-Bereg;12;szakgimnázium/szakközépiskola (2016.09.01-től kifutó rendszerben);nő;nappali;magyar nyelv és irodalom;közép;rendes;Nem;magyar;3;46;46;megjelent;18;5;13;8;0;2;46;-;-;-;-
2020;1;Szabolcs-Szatmár-Bereg;12;szakgimnázium/szakközépiskola (2016.09.01-től kifutó rendszerben);nő;nappali;magyar nyelv és irodalom;közép;rendes;Nem;magyar;5;86;86;megjelent;36;10;20;12;6;2;86;-;-;-;-
2020;1;Szabolcs-Szatmár-Bereg;12;szakgimnázium/szakközépiskola (2016.09.01-től kifutó rendszerben);nő;nappali;magyar nyelv és irodalom;közép;rendes;Nem;magyar;2;25;25;megjelent;8;3;7;5;0;2;25;-;-;-;-
2020;1;Szabolcs-Szatmár-Bereg;12;szakgimnázium/szakközépiskola (2016.09.01-től kifutó rendszerben);nő;nappali;magyar nyelv és irodalom;közép;rendes;Nem;magyar;5;80;80;megjelent;34;10;19;11;5;1;80;-;-;-;-
2020;1;Szabolcs-Szatmár-Bereg;12;gimnázium;férfi;nappali;magyar nyelv és irodalom;közép;rendes;Nem;magyar;5;98;98;megjelent;38;10;25;15;8;2;98;-;-;-;-
2020;1;Szabolcs-Szatmár-Bereg;12;gimnázium;nő;nappali;magyar nyelv és irodalom;közép;rendes;Nem;magyar;4;63;63;megjelent;28;9;15;9;0;2;63;-;-;-;-
2020;1;Szabolcs-Szatmár-Bereg;12;szakgimnázium/szakközépiskola (2016.09.01-től kifutó rendszerben);nő;nappali;magyar nyelv és irodalom;közép;rendes;Nem;magyar;2;28;28;megjelent;13;0;8;5;0;2;28;-;-;-;-
2020;1;Szabolcs-Szatmár-Bereg;12;szakgimnázium/szakközépiskola (2016.09.01-től kifutó rendszerben);férfi;nappali;magyar nyelv és irodalom;közép;rendes;Nem;magyar;4;70;70;megjelent;33;5;16;14;0;2;70;-;-;-;-
2020;1;Szabolcs-Szatmár-Bereg;12;szakgimnázium/szakközépiskola (2016.09.01-től kifutó rendszerben);nő;nappali;magyar nyelv és irodalom;közép;rendes;Nem;magyar;2;30;30;megjelent;13;0;8;7;0;2;30;-;-;-;-
2020;1;Szabolcs-Szatmár-Bereg;12;szakgimnázium/szakközépiskola (2016.09.01-től kifutó rendszerben);nő;nappali;magyar nyelv és irodalom;közép;rendes;Nem;magyar;5;90;90;megjelent;37;10;20;15;6;2;90;-;-;-;-
2020;1;Szabolcs-Szatmár-Bereg;12;szakgimnázium/szakközépiskola (2016.09.01-től kifutó rendszerben);nő;nappali;magyar nyelv és irodalom;közép;rendes;Nem;magyar;3;48;48;megjelent;21;0;15;10;0;2;48;-;-;-;-
2020;1;Szabolcs-Szatmár-Bereg;12;szakgimnázium/szakközépiskola (2016.09.01-től kifutó rendszerben);nő;nappali;magyar nyelv és irodalom;közép;rendes;Nem;magyar;3;52;52;megjelent;24;6;13;8;0;1;52;-;-;-;-
2020;1;Szabolcs-Szatmár-Bereg;12;szakgimnázium/szakközépiskola (2016.09.01-től kifutó rendszerben);nő;nappali;magyar nyelv és irodalom;közép;rendes;Nem;magyar;5;91;91;megjelent;39;10;25;15;0;2;91;-;-;-;-
2020;1;Szabolcs-Szatmár-Bereg;12;gimnázium;nő;nappali;magyar nyelv és irodalom;közép;rendes;Nem;magyar;5;88;88;megjelent;38;7;23;13;5;2;88;-;-;-;-
2020;1;Szabolcs-Szatmár-Bereg;12;szakgimnázium/szakközépiskola (2016.09.01-től kifutó rendszerben);nő;nappali;magyar nyelv és irodalom;közép;rendes;Nem;magyar;5;88;88;megjelent;35;6;25;15;5;2;88;-;-;-;-
2020;1;Szabolcs-Szatmár-Bereg;12;szakgimnázium/szakközépiskola (2016.09.01-től kifutó rendszerben);nő;nappali;magyar nyelv és irodalom;közép;rendes;Nem;magyar;4;60;60;megjelent;29;5;12;10;2;2;60;-;-;-;-
2020;1;Szabolcs-Szatmár-Bereg;12;gimnázium;nő;nappali;magyar nyelv és irodalom;közép;rendes;Nem;magyar;5;99;99;megjelent;39;10;25;15;8;2;99;-;-;-;-
2020;1;Szabolcs-Szatmár-Bereg;12;szakgimnázium/szakközépiskola (2016.09.01-től kifutó rendszerben);nő;nappali;magyar nyelv és irodalom;közép;rendes;Nem;magyar;5;84;84;megjelent;34;10;23;12;3;2;84;-;-;-;-
2020;1;Szabolcs-Szatmár-Bereg;12;gimnázium;férfi;nappali;magyar nyelv és irodalom;közép;rendes;Nem;magyar;5;83;83;megjelent;39;10;21;11;0;2;83;-;-;-;-
2020;1;Szabolcs-Szatmár-Bereg;12;szakgimnázium/szakközépiskola (2016.09.01-től kifutó rendszerben);nő;nappali;magyar nyelv és irodalom;közép;rendes;Nem;magyar;5;87;87;megjelent;35;10;19;13;8;2;87;-;-;-;-
2020;1;Szabolcs-Szatmár-Bereg;12;szakgimnázium/szakközépiskola (2016.09.01-től kifutó rendszerben);nő;nappali;magyar nyelv és irodalom;közép;rendes;Nem;magyar;3;52;52;megjelent;28;0;10;9;3;2;52;-;-;-;-
2020;1;Szabolcs-Szatmár-Bereg;12;gimnázium;nő;nappali;magyar nyelv és irodalom;közép;rendes;Nem;magyar;5;90;90;megjelent;32;10;25;14;7;2;90;-;-;-;-
2020;1;Szabolcs-Szatmár-Bereg;12;gimnázium;nő;nappali;magyar nyelv és irodalom;közép;rendes;Nem;magyar;5;93;93;megjelent;37;8;24;14;8;2;93;-;-;-;-
2020;1;Szabolcs-Szatmár-Bereg;12;szakgimnázium/szakközépiskola (2016.09.01-től kifutó rendszerben);nő;nappali;magyar nyelv és irodalom;közép;rendes;Nem;magyar;4;60;60;megjelent;32;5;10;8;3;2;60;-;-;-;-
2020;1;Szabolcs-Szatmár-Bereg;12;szakgimnázium/szakközépiskola (2016.09.01-től kifutó rendszerben);nő;nappali;magyar nyelv és irodalom;közép;rendes;Nem;magyar;4;60;60;megjelent;26;7;15;11;1;0;60;-;-;-;-
2020;1;Szabolcs-Szatmár-Bereg;12;szakgimnázium/szakközépiskola (2016.09.01-től kifutó rendszerben);nő;nappali;magyar nyelv és irodalom;közép;rendes;Nem;magyar;5;86;86;megjelent;34;8;20;15;7;2;86;-;-;-;-
2020;1;Szabolcs-Szatmár-Bereg;12;szakgimnázium/szakközépiskola (2016.09.01-től kifutó rendszerben);nő;nappali;magyar nyelv és irodalom;közép;rendes;Nem;magyar;5;85;85;megjelent;34;9;22;13;5;2;85;-;-;-;-
2020;1;Szabolcs-Szatmár-Bereg;12;szakgimnázium/szakközépiskola (2016.09.01-től kifutó rendszerben);nő;nappali;magyar nyelv és irodalom;közép;rendes;Nem;magyar;4;75;75;megjelent;39;0;18;12;4;2;75;-;-;-;-
2020;1;Szabolcs-Szatmár-Bereg;12;szakgimnázium/szakközépiskola (2016.09.01-től kifutó rendszerben);nő;nappali;magyar nyelv és irodalom;közép;rendes;Nem;magyar;3;50;50;megjelent;32;6;5;5;0;2;50;-;-;-;-
2020;1;Szabolcs-Szatmár-Bereg;12;szakgimnázium/szakközépiskola (2016.09.01-től kifutó rendszerben);nő;nappali;magyar nyelv és irodalom;közép;rendes;Nem;magyar;5;92;92;megjelent;35;10;23;15;7;2;92;-;-;-;-
2020;1;Szabolcs-Szatmár-Bereg;12;szakgimnázium/szakközépiskola (2016.09.01-től kifutó rendszerben);nő;nappali;magyar nyelv és irodalom;közép;rendes;Nem;magyar;4;61;61;megjelent;25;0;18;12;5;1;61;-;-;-;-
2020;1;Szabolcs-Szatmár-Bereg;12;szakgimnázium/szakközépiskola (2016.09.01-től kifutó rendszerben);nő;nappali;magyar nyelv és irodalom;közép;rendes;Nem;magyar;4;63;63;megjelent;28;7;13;9;4;2;63;-;-;-;-
2020;1;Szabolcs-Szatmár-Bereg;12;szakgimnázium/szakközépiskola (2016.09.01-től kifutó rendszerben);nő;nappali;magyar nyelv és irodalom;közép;rendes;Nem;magyar;3;57;57;megjelent;29;7;10;9;0;2;57;-;-;-;-
2020;1;Szabolcs-Szatmár-Bereg;12;szakgimnázium/szakközépiskola (2016.09.01-től kifutó rendszerben);nő;nappali;magyar nyelv és irodalom;közép;rendes;Nem;magyar;4;60;60;megjelent;33;8;9;8;0;2;60;-;-;-;-
2020;1;Szabolcs-Szatmár-Bereg;12;szakgimnázium/szakközépiskola (2016.09.01-től kifutó rendszerben);nő;nappali;magyar nyelv és irodalom;közép;rendes;Nem;magyar;5;80;80;megjelent;35;8;16;14;5;2;80;-;-;-;-
2020;1;Szabolcs-Szatmár-Bereg;12;szakgimnázium/szakközépiskola (2016.09.01-től kifutó rendszerben);férfi;nappali;magyar nyelv és irodalom;közép;rendes;Nem;magyar;4;70;70;megjelent;31;8;18;9;2;2;70;-;-;-;-
2020;1;Szabolcs-Szatmár-Bereg;12;szakgimnázium/szakközépiskola (2016.09.01-től kifutó rendszerben);nő;nappali;magyar nyelv és irodalom;közép;rendes;Igen;magyar;3;56;51;megjelent;32;5;9;5;0;0;51;-;-;-;-
2020;1;Szabolcs-Szatmár-Bereg;12;szakgimnázium/szakközépiskola (2016.09.01-től kifutó rendszerben);nő;nappali;magyar nyelv és irodalom;közép;rendes;Nem;magyar;4;60;60;megjelent;30;5;13;10;0;2;60;-;-;-;-
2020;1;Szabolcs-Szatmár-Bereg;12;szakgimnázium/szakközépiskola (2016.09.01-től kifutó rendszerben);férfi;nappali;magyar nyelv és irodalom;közép;rendes;Nem;magyar;4;75;75;megjelent;38;9;17;10;0;1;75;-;-;-;-
2020;1;Szabolcs-Szatmár-Bereg;12;szakgimnázium/szakközépiskola (2016.09.01-től kifutó rendszerben);férfi;nappali;magyar nyelv és irodalom;közép;rendes;Nem;magyar;3;51;51;megjelent;25;4;14;7;0;1;51;-;-;-;-
2020;1;Szabolcs-Szatmár-Bereg;12;gimnázium;férfi;nappali;magyar nyelv és irodalom;közép;rendes;Nem;magyar;3;58;58;megjelent;32;8;8;9;0;1;58;-;-;-;-
2020;1;Szabolcs-Szatmár-Bereg;12;gimnázium;nő;nappali;magyar nyelv és irodalom;közép;rendes;Nem;magyar;3;58;58;megjelent;28;9;14;6;0;1;58;-;-;-;-
2020;1;Szabolcs-Szatmár-Bereg;12;gimnázium;férfi;nappali;magyar nyelv és irodalom;közép;rendes;Nem;magyar;4;62;62;megjelent;31;8;12;9;0;2;62;-;-;-;-
2020;1;Szabolcs-Szatmár-Bereg;12;gimnázium;nő;nappali;magyar nyelv és irodalom;közép;rendes;Nem;magyar;5;86;86;megjelent;31;9;22;14;8;2;86;-;-;-;-
2020;1;Szabolcs-Szatmár-Bereg;12;gimnázium;férfi;nappali;magyar nyelv és irodalom;közép;rendes;Nem;magyar;3;49;49;megjelent;24;6;10;9;0;0;49;-;-;-;-
2020;1;Szabolcs-Szatmár-Bereg;12;gimnázium;férfi;nappali;magyar nyelv és irodalom;közép;rendes;Nem;magyar;4;62;62;megjelent;25;7;16;10;4;0;62;-;-;-;-
2020;1;Szabolcs-Szatmár-Bereg;12;gimnázium;férfi;nappali;magyar nyelv és irodalom;közép;rendes;Nem;magyar;3;40;40;megjelent;17;4;10;9;0;0;40;-;-;-;-
2020;1;Szabolcs-Szatmár-Bereg;12;gimnázium;nő;nappali;magyar nyelv és irodalom;közép;rendes;Nem;magyar;4;60;60;megjelent;23;8;15;12;0;2;60;-;-;-;-
2020;1;Szabolcs-Szatmár-Bereg;12;gimnázium;férfi;nappali;magyar nyelv és irodalom;közép;rendes;Nem;magyar;4;63;63;megjelent;27;7;16;10;3;0;63;-;-;-;-
2020;1;Szabolcs-Szatmár-Bereg;12;gimnázium;nő;nappali;magyar nyelv és irodalom;közép;rendes;Nem;magyar;5;93;93;megjelent;33;10;25;15;8;2;93;-;-;-;-
2020;1;Szabolcs-Szatmár-Bereg;12;gimnázium;nő;nappali;magyar nyelv és irodalom;közép;rendes;Nem;magyar;4;72;72;megjelent;31;5;18;12;4;2;72;-;-;-;-
2020;1;Szabolcs-Szatmár-Bereg;12;gimnázium;férfi;nappali;magyar nyelv és irodalom;közép;rendes;Nem;magyar;4;72;72;megjelent;32;0;17;14;7;2;72;-;-;-;-
2020;1;Szabolcs-Szatmár-Bereg;12;gimnázium;férfi;nappali;magyar nyelv és irodalom;közép;rendes;Nem;magyar;3;52;52;megjelent;22;7;10;7;6;0;52;-;-;-;-
2020;1;Szabolcs-Szatmár-Bereg;12;gimnázium;nő;nappali;magyar nyelv és irodalom;közép;rendes;Nem;magyar;3;50;50;megjelent;22;8;8;10;0;2;50;-;-;-;-
2020;1;Szabolcs-Szatmár-Bereg;12;gimnázium;nő;nappali;magyar nyelv és irodalom;közép;rendes;Nem;magyar;3;48;48;megjelent;20;7;11;9;0;1;48;-;-;-;-
2020;1;Szabolcs-Szatmár-Bereg;12;gimnázium;nő;nappali;magyar nyelv és irodalom;közép;rendes;Nem;magyar;3;51;51;megjelent;25;5;11;9;0;1;51;-;-;-;-
2020;1;Szabolcs-Szatmár-Bereg;12;gimnázium;nő;nappali;magyar nyelv és irodalom;közép;rendes;Nem;magyar;2;32;32;megjelent;16;4;7;5;0;0;32;-;-;-;-
2020;1;Szabolcs-Szatmár-Bereg;12;gimnázium;férfi;nappali;magyar nyelv és irodalom;közép;rendes;Nem;magyar;4;63;63;megjelent;23;7;15;13;5;0;63;-;-;-;-
2020;1;Szabolcs-Szatmár-Bereg;12;gimnázium;nő;nappali;magyar nyelv és irodalom;közép;rendes;Nem;magyar;5;80;80;megjelent;27;10;19;15;7;2;80;-;-;-;-
2020;1;Szabolcs-Szatmár-Bereg;12;gimnázium;férfi;nappali;magyar nyelv és irodalom;közép;rendes;Nem;magyar;5;81;81;megjelent;28;10;23;15;4;1;81;-;-;-;-
2020;1;Szabolcs-Szatmár-Bereg;12;gimnázium;férfi;nappali;magyar nyelv és irodalom;közép;rendes;Nem;magyar;5;93;93;megjelent;35;10;23;15;8;2;93;-;-;-;-
2020;1;Szabolcs-Szatmár-Bereg;12;gimnázium;nő;nappali;magyar nyelv és irodalom;közép;rendes;Nem;magyar;3;54;54;megjelent;19;7;18;9;0;1;54;-;-;-;-
2020;1;Szabolcs-Szatmár-Bereg;12;gimnázium;nő;nappali;magyar nyelv és irodalom;közép;rendes;Nem;magyar;5;87;87;megjelent;31;9;22;15;8;2;87;-;-;-;-
2020;1;Szabolcs-Szatmár-Bereg;12;gimnázium;férfi;nappali;magyar nyelv és irodalom;közép;rendes;Nem;magyar;4;67;67;megjelent;27;7;17;11;4;1;67;-;-;-;-
2020;1;Szabolcs-Szatmár-Bereg;12;gimnázium;nő;nappali;magyar nyelv és irodalom;közép;rendes;Nem;magyar;4;60;60;megjelent;23;8;15;12;0;2;60;-;-;-;-
2020;1;Szabolcs-Szatmár-Bereg;12;gimnázium;nő;nappali;magyar nyelv és irodalom;közép;rendes;Nem;magyar;5;81;81;megjelent;28;9;22;14;7;1;81;-;-;-;-
2020;1;Szabolcs-Szatmár-Bereg;12;gimnázium;nő;nappali;magyar nyelv és irodalom;közép;rendes;Nem;magyar;4;65;65;megjelent;25;7;16;11;4;2;65;-;-;-;-
2020;1;Szabolcs-Szatmár-Bereg;12;gimnázium;nő;nappali;magyar nyelv és irodalom;közép;rendes;Nem;magyar;5;91;91;megjelent;33;10;25;15;7;1;91;-;-;-;-
2020;1;Szabolcs-Szatmár-Bereg;12;gimnázium;nő;nappali;magyar nyelv és irodalom;közép;rendes;Nem;magyar;3;43;43;megjelent;21;6;8;6;0;2;43;-;-;-;-
2020;1;Szabolcs-Szatmár-Bereg;12;gimnázium;nő;nappali;magyar nyelv és irodalom;közép;rendes;Nem;magyar;5;80;80;megjelent;30;10;22;14;2;2;80;-;-;-;-
2020;1;Szabolcs-Szatmár-Bereg;12;gimnázium;nő;nappali;magyar nyelv és irodalom;közép;rendes;Nem;magyar;4;60;60;megjelent;28;6;14;10;0;2;60;-;-;-;-
2020;1;Szabolcs-Szatmár-Bereg;12;gimnázium;férfi;nappali;magyar nyelv és irodalom;közép;rendes;Nem;magyar;2;30;30;megjelent;14;3;7;6;0;0;30;-;-;-;-
2020;1;Szabolcs-Szatmár-Bereg;12;gimnázium;férfi;nappali;magyar nyelv és irodalom;közép;rendes;Nem;magyar;2;25;25;megjelent;14;0;6;4;0;1;25;-;-;-;-
2020;1;Szabolcs-Szatmár-Bereg;12;gimnázium;férfi;nappali;magyar nyelv és irodalom;közép;rendes;Nem;magyar;5;80;80;megjelent;32;10;19;14;3;2;80;-;-;-;-
2020;1;Szabolcs-Szatmár-Bereg;12;gimnázium;nő;nappali;magyar nyelv és irodalom;közép;rendes;Nem;magyar;5;80;80;megjelent;29;9;19;15;6;2;80;-;-;-;-
2020;1;Szabolcs-Szatmár-Bereg;12;gimnázium;nő;nappali;magyar nyelv és irodalom;közép;rendes;Nem;magyar;4;66;66;megjelent;26;9;18;11;0;2;66;-;-;-;-
2020;1;Szabolcs-Szatmár-Bereg;12;gimnázium;férfi;nappali;magyar nyelv és irodalom;közép;rendes;Nem;magyar;2;26;26;megjelent;19;0;4;3;0;0;26;-;-;-;-
2020;1;Szabolcs-Szatmár-Bereg;12;gimnázium;férfi;nappali;magyar nyelv és irodalom;közép;rendes;Nem;magyar;4;60;60;megjelent;23;8;16;10;3;0;60;-;-;-;-
2020;1;Szabolcs-Szatmár-Bereg;12;gimnázium;nő;nappali;magyar nyelv és irodalom;közép;rendes;Nem;magyar;4;76;76;megjelent;28;7;18;13;8;2;76;-;-;-;-
2020;1;Szabolcs-Szatmár-Bereg;12;gimnázium;nő;nappali;magyar nyelv és irodalom;közép;rendes;Nem;magyar;5;86;86;megjelent;34;9;23;14;4;2;86;-;-;-;-
2020;1;Szabolcs-Szatmár-Bereg;12;gimnázium;nő;nappali;magyar nyelv és irodalom;közép;rendes;Nem;magyar;4;71;71;megjelent;27;8;20;12;2;2;71;-;-;-;-
2020;1;Szabolcs-Szatmár-Bereg;12;gimnázium;nő;nappali;magyar nyelv és irodalom;közép;rendes;Nem;magyar;5;80;80;megjelent;30;10;21;11;6;2;80;-;-;-;-
2020;1;Szabolcs-Szatmár-Bereg;12;gimnázium;nő;nappali;magyar nyelv és irodalom;közép;rendes;Nem;magyar;4;70;70;megjelent;32;10;16;10;0;2;70;-;-;-;-
2020;1;Szabolcs-Szatmár-Bereg;12;gimnázium;férfi;nappali;magyar nyelv és irodalom;közép;rendes;Nem;magyar;4;71;71;megjelent;32;7;19;11;0;2;71;-;-;-;-
2020;1;Szabolcs-Szatmár-Bereg;12;gimnázium;nő;nappali;magyar nyelv és irodalom;közép;rendes;Nem;magyar;5;94;94;megjelent;35;9;25;15;8;2;94;-;-;-;-
2020;1;Szabolcs-Szatmár-Bereg;12;gimnázium;nő;nappali;magyar nyelv és irodalom;közép;rendes;Nem;magyar;5;87;87;megjelent;34;9;22;15;5;2;87;-;-;-;-
2020;1;Szabolcs-Szatmár-Bereg;12;gimnázium;nő;nappali;magyar nyelv és irodalom;közép;rendes;Nem;magyar;5;88;88;megjelent;32;9;23;15;8;1;88;-;-;-;-
2020;1;Szabolcs-Szatmár-Bereg;12;szakgimnázium/szakközépiskola (2016.09.01-től kifutó rendszerben);férfi;nappali;magyar nyelv és irodalom;közép;rendes;Nem;magyar;4;60;60;megjelent;32;6;4;9;7;2;60;-;-;-;-
2020;1;Szabolcs-Szatmár-Bereg;12;szakgimnázium/szakközépiskola (2016.09.01-től kifutó rendszerben);férfi;nappali;magyar nyelv és irodalom;közép;rendes;Nem;magyar;4;76;76;megjelent;30;9;21;14;0;2;76;-;-;-;-
2020;1;Szabolcs-Szatmár-Bereg;12;szakgimnázium/szakközépiskola (2016.09.01-től kifutó rendszerben);férfi;nappali;magyar nyelv és irodalom;közép;rendes;Nem;magyar;2;27;27;megjelent;9;5;7;5;0;1;27;-;-;-;-
2020;1;Szabolcs-Szatmár-Bereg;12;szakgimnázium/szakközépiskola (2016.09.01-től kifutó rendszerben);nő;nappali;magyar nyelv és irodalom;közép;rendes;Nem;magyar;3;55;55;megjelent;21;9;13;11;0;1;55;-;-;-;-
2020;1;Szabolcs-Szatmár-Bereg;12;gimnázium;nő;nappali;magyar nyelv és irodalom;közép;rendes;Nem;magyar;5;94;94;megjelent;34;10;25;15;8;2;94;-;-;-;-
2020;1;Szabolcs-Szatmár-Bereg;12;gimnázium;nő;nappali;magyar nyelv és irodalom;közép;rendes;Nem;magyar;5;80;80;megjelent;30;10;15;15;8;2;80;-;-;-;-
2020;1;Szabolcs-Szatmár-Bereg;12;gimnázium;férfi;nappali;magyar nyelv és irodalom;közép;rendes;Nem;magyar;5;80;80;megjelent;31;9;17;15;6;2;80;-;-;-;-
2020;1;Szabolcs-Szatmár-Bereg;12;szakgimnázium/szakközépiskola (2016.09.01-től kifutó rendszerben);férfi;nappali;magyar nyelv és irodalom;közép;rendes;Nem;magyar;3;41;41;megjelent;23;5;4;7;0;2;41;-;-;-;-
2020;1;Szabolcs-Szatmár-Bereg;12;szakgimnázium/szakközépiskola (2016.09.01-től kifutó rendszerben);férfi;nappali;magyar nyelv és irodalom;közép;rendes;Nem;magyar;5;82;82;megjelent;28;9;25;15;3;2;82;-;-;-;-
2020;1;Szabolcs-Szatmár-Bereg;12;szakgimnázium/szakközépiskola (2016.09.01-től kifutó rendszerben);férfi;nappali;magyar nyelv és irodalom;közép;rendes;Igen;magyar;5;94;47;megjelent;-;-;-;-;-;-;-;24;10;13;47
2020;1;Szabolcs-Szatmár-Bereg;12;szakgimnázium/szakközépiskola (2016.09.01-től kifutó rendszerben);férfi;nappali;magyar nyelv és irodalom;közép;rendes;Nem;magyar;5;81;81;megjelent;34;9;19;13;4;2;81;-;-;-;-
2020;1;Szabolcs-Szatmár-Bereg;12;szakgimnázium/szakközépiskola (2016.09.01-től kifutó rendszerben);férfi;nappali;magyar nyelv és irodalom;közép;rendes;Nem;magyar;4;61;61;megjelent;28;8;14;9;0;2;61;-;-;-;-
2020;1;Szabolcs-Szatmár-Bereg;12;szakgimnázium/szakközépiskola (2016.09.01-től kifutó rendszerben);férfi;nappali;magyar nyelv és irodalom;közép;rendes;Nem;magyar;3;57;57;megjelent;31;5;11;9;0;1;57;-;-;-;-
2020;1;Szabolcs-Szatmár-Bereg;12;szakgimnázium/szakközépiskola (2016.09.01-től kifutó rendszerben);férfi;nappali;magyar nyelv és irodalom;közép;rendes;Nem;magyar;2;37;37;megjelent;22;5;5;4;0;1;37;-;-;-;-
2020;1;Szabolcs-Szatmár-Bereg;12;szakgimnázium/szakközépiskola (2016.09.01-től kifutó rendszerben);férfi;nappali;magyar nyelv és irodalom;közép;rendes;Nem;magyar;4;60;60;megjelent;28;8;14;10;0;0;60;-;-;-;-
2020;1;Szabolcs-Szatmár-Bereg;12;szakgimnázium/szakközépiskola (2016.09.01-től kifutó rendszerben);férfi;nappali;magyar nyelv és irodalom;közép;rendes;Nem;magyar;3;40;40;megjelent;24;6;5;4;0;1;40;-;-;-;-
2020;1;Szabolcs-Szatmár-Bereg;12;szakgimnázium/szakközépiskola (2016.09.01-től kifutó rendszerben);férfi;nappali;magyar nyelv és irodalom;közép;rendes;Nem;magyar;3;54;54;megjelent;24;8;14;8;0;0;54;-;-;-;-
2020;1;Szabolcs-Szatmár-Bereg;12;szakgimnázium/szakközépiskola (2016.09.01-től kifutó rendszerben);férfi;nappali;magyar nyelv és irodalom;közép;rendes;Igen;magyar;4;76;38;megjelent;-;-;-;-;-;-;-;20;8;10;38
2020;1;Szabolcs-Szatmár-Bereg;12;gimnázium;férfi;nappali;magyar nyelv és irodalom;közép;rendes;Nem;magyar;5;86;86;megjelent;34;9;22;14;5;2;86;-;-;-;-
2020;1;Szabolcs-Szatmár-Bereg;12;szakgimnázium/szakközépiskola (2016.09.01-től kifutó rendszerben);férfi;nappali;magyar nyelv és irodalom;közép;rendes;Nem;magyar;3;46;46;megjelent;27;0;12;6;0;1;46;-;-;-;-
2020;1;Szabolcs-Szatmár-Bereg;12;szakgimnázium/szakközépiskola (2016.09.01-től kifutó rendszerben);férfi;nappali;magyar nyelv és irodalom;közép;rendes;Igen;magyar;3;44;41;megjelent;27;7;3;4;0;0;41;-;-;-;-
2020;1;Szabolcs-Szatmár-Bereg;12;gimnázium;férfi;nappali;magyar nyelv és irodalom;közép;rendes;Nem;magyar;4;67;67;megjelent;34;0;12;11;8;2;67;-;-;-;-
2020;1;Szabolcs-Szatmár-Bereg;12;gimnázium;férfi;nappali;magyar nyelv és irodalom;közép;rendes;Nem;magyar;5;80;80;megjelent;37;6;14;13;8;2;80;-;-;-;-
2020;1;Szabolcs-Szatmár-Bereg;12;szakgimnázium/szakközépiskola (2016.09.01-től kifutó rendszerben);férfi;nappali;magyar nyelv és irodalom;közép;rendes;Igen;magyar;5;84;42;megjelent;-;-;-;-;-;-;-;22;10;10;42
2020;1;Szabolcs-Szatmár-Bereg;12;gimnázium;férfi;nappali;magyar nyelv és irodalom;közép;rendes;Nem;magyar;4;71;71;megjelent;29;9;14;10;7;2;71;-;-;-;-
2020;1;Szabolcs-Szatmár-Bereg;12;gimnázium;férfi;nappali;magyar nyelv és irodalom;közép;rendes;Nem;magyar;5;87;87;megjelent;36;9;20;13;8;1;87;-;-;-;-
2020;1;Szabolcs-Szatmár-Bereg;12;szakgimnázium/szakközépiskola (2016.09.01-től kifutó rendszerben);nő;nappali;magyar nyelv és irodalom;közép;rendes;Nem;magyar;4;61;61;megjelent;34;7;12;7;0;1;61;-;-;-;-
2020;1;Szabolcs-Szatmár-Bereg;12;szakgimnázium/szakközépiskola (2016.09.01-től kifutó rendszerben);nő;nappali;magyar nyelv és irodalom;közép;rendes;Nem;magyar;2;38;38;megjelent;26;7;2;3;0;0;38;-;-;-;-
2020;1;Szabolcs-Szatmár-Bereg;12;szakgimnázium/szakközépiskola (2016.09.01-től kifutó rendszerben);férfi;nappali;magyar nyelv és irodalom;közép;rendes;Nem;magyar;2;39;39;megjelent;29;4;3;3;0;0;39;-;-;-;-
2020;1;Szabolcs-Szatmár-Bereg;12;gimnázium;férfi;nappali;magyar nyelv és irodalom;közép;rendes;Nem;magyar;4;67;67;megjelent;32;7;12;11;3;2;67;-;-;-;-
2020;1;Szabolcs-Szatmár-Bereg;12;szakgimnázium/szakközépiskola (2016.09.01-től kifutó rendszerben);férfi;nappali;magyar nyelv és irodalom;közép;rendes;Nem;magyar;3;50;50;megjelent;33;7;5;5;0;0;50;-;-;-;-
2020;1;Szabolcs-Szatmár-Bereg;12;szakgimnázium/szakközépiskola (2016.09.01-től kifutó rendszerben);férfi;nappali;magyar nyelv és irodalom;közép;rendes;Nem;magyar;3;52;52;megjelent;32;7;6;7;0;0;52;-;-;-;-
2020;1;Szabolcs-Szatmár-Bereg;12;gimnázium;nő;nappali;magyar nyelv és irodalom;közép;rendes;Nem;magyar;3;44;44;megjelent;21;4;9;8;0;2;44;-;-;-;-
2020;1;Szabolcs-Szatmár-Bereg;12;szakgimnázium/szakközépiskola (2016.09.01-től kifutó rendszerben);nő;nappali;magyar nyelv és irodalom;közép;rendes;Nem;magyar;3;50;50;megjelent;30;7;5;7;0;1;50;-;-;-;-
2020;1;Szabolcs-Szatmár-Bereg;12;szakgimnázium/szakközépiskola (2016.09.01-től kifutó rendszerben);férfi;nappali;magyar nyelv és irodalom;közép;rendes;Nem;magyar;2;38;38;megjelent;27;4;3;4;0;0;38;-;-;-;-
2020;1;Szabolcs-Szatmár-Bereg;12;gimnázium;férfi;nappali;magyar nyelv és irodalom;közép;rendes;Nem;magyar;5;90;90;megjelent;36;10;23;13;7;1;90;-;-;-;-
2020;1;Szabolcs-Szatmár-Bereg;12;gimnázium;nő;nappali;magyar nyelv és irodalom;közép;rendes;Nem;magyar;5;80;80;megjelent;35;10;14;14;5;2;80;-;-;-;-
2020;1;Szabolcs-Szatmár-Bereg;12;gimnázium;férfi;nappali;magyar nyelv és irodalom;közép;rendes;Nem;magyar;5;86;86;megjelent;37;10;17;14;6;2;86;-;-;-;-
2020;1;Szabolcs-Szatmár-Bereg;12;gimnázium;férfi;nappali;magyar nyelv és irodalom;közép;rendes;Nem;magyar;5;80;80;megjelent;22;9;25;14;8;2;80;-;-;-;-
2020;1;Szabolcs-Szatmár-Bereg;12;gimnázium;nő;nappali;magyar nyelv és irodalom;közép;rendes;Nem;magyar;4;63;63;megjelent;25;6;17;13;0;2;63;-;-;-;-
2020;1;Szabolcs-Szatmár-Bereg;12;gimnázium;nő;nappali;magyar nyelv és irodalom;közép;rendes;Nem;magyar;5;94;94;megjelent;35;10;25;15;7;2;94;-;-;-;-
2020;1;Szabolcs-Szatmár-Bereg;12;gimnázium;nő;nappali;magyar nyelv és irodalom;közép;rendes;Nem;magyar;5;87;87;megjelent;37;10;24;13;1;2;87;-;-;-;-
2020;1;Szabolcs-Szatmár-Bereg;12;szakgimnázium/szakközépiskola (2016.09.01-től kifutó rendszerben);férfi;nappali;magyar nyelv és irodalom;közép;rendes;Nem;magyar;4;77;77;megjelent;30;8;19;13;6;1;77;-;-;-;-
2020;1;Szabolcs-Szatmár-Bereg;12;szakgimnázium/szakközépiskola (2016.09.01-től kifutó rendszerben);nő;nappali;magyar nyelv és irodalom;közép;rendes;Nem;magyar;3;44;44;megjelent;15;8;9;11;0;1;44;-;-;-;-
2020;1;Szabolcs-Szatmár-Bereg;12;szakgimnázium/szakközépiskola (2016.09.01-től kifutó rendszerben);férfi;nappali;magyar nyelv és irodalom;közép;rendes;Nem;magyar;2;39;39;megjelent;27;0;1;3;6;2;39;-;-;-;-
2020;1;Szabolcs-Szatmár-Bereg;12;szakgimnázium/szakközépiskola (2016.09.01-től kifutó rendszerben);nő;nappali;magyar nyelv és irodalom;közép;rendes;Nem;magyar;3;46;46;megjelent;23;6;9;5;2;1;46;-;-;-;-
2020;1;Szabolcs-Szatmár-Bereg;12;szakgimnázium/szakközépiskola (2016.09.01-től kifutó rendszerben);nő;nappali;magyar nyelv és irodalom;közép;rendes;Nem;magyar;4;60;60;megjelent;24;8;14;12;0;2;60;-;-;-;-
2020;1;Szabolcs-Szatmár-Bereg;12;szakgimnázium/szakközépiskola (2016.09.01-től kifutó rendszerben);férfi;nappali;magyar nyelv és irodalom;közép;rendes;Nem;magyar;4;61;61;megjelent;22;7;19;11;0;2;61;-;-;-;-
2020;1;Szabolcs-Szatmár-Bereg;12;szakgimnázium/szakközépiskola (2016.09.01-től kifutó rendszerben);nő;nappali;magyar nyelv és irodalom;közép;rendes;Nem;magyar;3;42;42;megjelent;16;8;9;8;0;1;42;-;-;-;-
2020;1;Szabolcs-Szatmár-Bereg;12;szakgimnázium/szakközépiskola (2016.09.01-től kifutó rendszerben);nő;nappali;magyar nyelv és irodalom;közép;rendes;Nem;magyar;3;41;41;megjelent;22;7;6;3;1;2;41;-;-;-;-
2020;1;Szabolcs-Szatmár-Bereg;12;szakgimnázium/szakközépiskola (2016.09.01-től kifutó rendszerben);férfi;nappali;magyar nyelv és irodalom;közép;rendes;Nem;magyar;4;67;67;megjelent;30;7;19;10;0;1;67;-;-;-;-
2020;1;Szabolcs-Szatmár-Bereg;12;szakgimnázium/szakközépiskola (2016.09.01-től kifutó rendszerben);férfi;nappali;magyar nyelv és irodalom;közép;rendes;Nem;magyar;5;80;80;megjelent;31;9;24;14;0;2;80;-;-;-;-
2020;1;Szabolcs-Szatmár-Bereg;12;szakgimnázium/szakközépiskola (2016.09.01-től kifutó rendszerben);férfi;nappali;magyar nyelv és irodalom;közép;rendes;Igen;magyar;2;30;15;megjelent;-;-;-;-;-;-;-;7;2;6;15
2020;1;Szabolcs-Szatmár-Bereg;12;szakgimnázium/szakközépiskola (2016.09.01-től kifutó rendszerben);férfi;nappali;magyar nyelv és irodalom;közép;rendes;Nem;magyar;4;60;60;megjelent;31;3;14;10;0;2;60;-;-;-;-
2020;1;Szabolcs-Szatmár-Bereg;12;gimnázium;férfi;nappali;magyar nyelv és irodalom;közép;rendes;Nem;magyar;4;62;62;megjelent;19;8;17;11;5;2;62;-;-;-;-
2020;1;Szabolcs-Szatmár-Bereg;12;szakgimnázium/szakközépiskola (2016.09.01-től kifutó rendszerben);nő;nappali;magyar nyelv és irodalom;közép;rendes;Nem;magyar;2;31;31;megjelent;17;2;6;5;0;1;31;-;-;-;-
2020;1;Szabolcs-Szatmár-Bereg;12;szakgimnázium/szakközépiskola (2016.09.01-től kifutó rendszerben);nő;nappali;magyar nyelv és irodalom;közép;rendes;Nem;magyar;3;51;51;megjelent;25;4;8;10;3;1;51;-;-;-;-
2020;1;Szabolcs-Szatmár-Bereg;12;szakgimnázium/szakközépiskola (2016.09.01-től kifutó rendszerben);férfi;nappali;magyar nyelv és irodalom;közép;rendes;Nem;magyar;4;61;61;megjelent;28;4;17;10;0;2;61;-;-;-;-
2020;1;Szabolcs-Szatmár-Bereg;12;szakgimnázium/szakközépiskola (2016.09.01-től kifutó rendszerben);férfi;nappali;magyar nyelv és irodalom;közép;rendes;Nem;magyar;3;55;55;megjelent;26;7;13;8;0;1;55;-;-;-;-
2020;1;Szabolcs-Szatmár-Bereg;12;gimnázium;nő;nappali;magyar nyelv és irodalom;közép;rendes;Nem;magyar;4;68;68;megjelent;31;9;16;10;0;2;68;-;-;-;-
2020;1;Szabolcs-Szatmár-Bereg;12;gimnázium;nő;nappali;magyar nyelv és irodalom;közép;rendes;Nem;magyar;4;64;64;megjelent;24;6;15;11;6;2;64;-;-;-;-
2020;1;Szabolcs-Szatmár-Bereg;12;gimnázium;férfi;nappali;magyar nyelv és irodalom;közép;rendes;Nem;magyar;5;80;80;megjelent;34;9;22;13;0;2;80;-;-;-;-
2020;1;Szabolcs-Szatmár-Bereg;12;szakgimnázium/szakközépiskola (2016.09.01-től kifutó rendszerben);férfi;nappali;magyar nyelv és irodalom;közép;rendes;Nem;magyar;3;49;49;megjelent;17;7;17;7;0;1;49;-;-;-;-
2020;1;Szabolcs-Szatmár-Bereg;12;szakgimnázium/szakközépiskola (2016.09.01-től kifutó rendszerben);nő;nappali;magyar nyelv és irodalom;közép;rendes;Nem;magyar;3;42;42;megjelent;19;9;7;5;0;2;42;-;-;-;-
2020;1;Szabolcs-Szatmár-Bereg;12;szakgimnázium/szakközépiskola (2016.09.01-től kifutó rendszerben);férfi;nappali;magyar nyelv és irodalom;közép;rendes;Nem;magyar;4;66;66;megjelent;31;9;16;9;0;1;66;-;-;-;-
2020;1;Szabolcs-Szatmár-Bereg;12;szakgimnázium/szakközépiskola (2016.09.01-től kifutó rendszerben);férfi;nappali;magyar nyelv és irodalom;közép;rendes;Nem;magyar;3;54;54;megjelent;26;6;14;8;0;0;54;-;-;-;-
2020;1;Szabolcs-Szatmár-Bereg;12;szakgimnázium/szakközépiskola (2016.09.01-től kifutó rendszerben);nő;nappali;magyar nyelv és irodalom;közép;rendes;Nem;magyar;4;60;60;megjelent;29;6;15;6;2;2;60;-;-;-;-
2020;1;Szabolcs-Szatmár-Bereg;12;szakgimnázium/szakközépiskola (2016.09.01-től kifutó rendszerben);nő;nappali;magyar nyelv és irodalom;közép;rendes;Nem;magyar;4;63;63;megjelent;23;10;17;11;0;2;63;-;-;-;-
2020;1;Szabolcs-Szatmár-Bereg;12;szakgimnázium/szakközépiskola (2016.09.01-től kifutó rendszerben);férfi;nappali;magyar nyelv és irodalom;közép;rendes;Nem;magyar;4;65;65;megjelent;32;10;9;5;7;2;65;-;-;-;-
2020;1;Szabolcs-Szatmár-Bereg;12;szakgimnázium/szakközépiskola (2016.09.01-től kifutó rendszerben);férfi;nappali;magyar nyelv és irodalom;közép;rendes;Nem;magyar;4;70;70;megjelent;30;10;15;11;3;1;70;-;-;-;-
2020;1;Szabolcs-Szatmár-Bereg;12;szakgimnázium/szakközépiskola (2016.09.01-től kifutó rendszerben);férfi;nappali;magyar nyelv és irodalom;közép;rendes;Nem;magyar;3;56;56;megjelent;32;9;7;6;0;2;56;-;-;-;-
2020;1;Szabolcs-Szatmár-Bereg;12;szakgimnázium/szakközépiskola (2016.09.01-től kifutó rendszerben);férfi;nappali;magyar nyelv és irodalom;közép;rendes;Nem;magyar;3;49;49;megjelent;19;8;15;7;0;0;49;-;-;-;-
2020;1;Szabolcs-Szatmár-Bereg;12;szakgimnázium/szakközépiskola (2016.09.01-től kifutó rendszerben);nő;nappali;magyar nyelv és irodalom;közép;rendes;Nem;magyar;4;66;66;megjelent;27;8;18;10;2;1;66;-;-;-;-
2020;1;Szabolcs-Szatmár-Bereg;12;szakgimnázium/szakközépiskola (2016.09.01-től kifutó rendszerben);férfi;nappali;magyar nyelv és irodalom;közép;rendes;Nem;magyar;5;85;85;megjelent;36;10;23;14;0;2;85;-;-;-;-
2020;1;Szabolcs-Szatmár-Bereg;12;szakgimnázium/szakközépiskola (2016.09.01-től kifutó rendszerben);nő;nappali;magyar nyelv és irodalom;közép;rendes;Nem;magyar;4;68;68;megjelent;24;8;22;12;0;2;68;-;-;-;-
2020;1;Szabolcs-Szatmár-Bereg;12;szakgimnázium/szakközépiskola (2016.09.01-től kifutó rendszerben);nő;nappali;magyar nyelv és irodalom;közép;rendes;Nem;magyar;5;81;81;megjelent;29;9;21;14;6;2;81;-;-;-;-
2020;1;Szabolcs-Szatmár-Bereg;12;szakgimnázium/szakközépiskola (2016.09.01-től kifutó rendszerben);nő;nappali;magyar nyelv és irodalom;közép;rendes;Nem;magyar;5;80;80;megjelent;31;8;24;15;0;2;80;-;-;-;-
2020;1;Szabolcs-Szatmár-Bereg;12;szakgimnázium/szakközépiskola (2016.09.01-től kifutó rendszerben);nő;nappali;magyar nyelv és irodalom;közép;rendes;Nem;magyar;3;48;48;megjelent;23;7;9;7;0;2;48;-;-;-;-
2020;1;Szabolcs-Szatmár-Bereg;12;szakgimnázium/szakközépiskola (2016.09.01-től kifutó rendszerben);férfi;nappali;magyar nyelv és irodalom;közép;rendes;Nem;magyar;4;61;61;megjelent;28;7;16;10;0;0;61;-;-;-;-
2020;1;Szabolcs-Szatmár-Bereg;12;szakgimnázium/szakközépiskola (2016.09.01-től kifutó rendszerben);nő;nappali;magyar nyelv és irodalom;közép;rendes;Nem;magyar;5;85;85;megjelent;31;10;23;14;5;2;85;-;-;-;-
2020;1;Szabolcs-Szatmár-Bereg;12;szakgimnázium/szakközépiskola (2016.09.01-től kifutó rendszerben);nő;nappali;magyar nyelv és irodalom;közép;rendes;Nem;magyar;5;80;80;megjelent;32;9;23;14;0;2;80;-;-;-;-
2020;1;Szabolcs-Szatmár-Bereg;12;szakgimnázium/szakközépiskola (2016.09.01-től kifutó rendszerben);nő;nappali;magyar nyelv és irodalom;közép;rendes;Nem;magyar;4;74;74;megjelent;24;8;25;15;0;2;74;-;-;-;-
2020;1;Szabolcs-Szatmár-Bereg;12;szakgimnázium/szakközépiskola (2016.09.01-től kifutó rendszerben);férfi;nappali;magyar nyelv és irodalom;közép;rendes;Nem;magyar;3;56;56;megjelent;23;7;14;10;0;2;56;-;-;-;-
2020;1;Szabolcs-Szatmár-Bereg;12;szakgimnázium/szakközépiskola (2016.09.01-től kifutó rendszerben);férfi;nappali;magyar nyelv és irodalom;közép;rendes;Nem;magyar;4;60;60;megjelent;23;9;17;11;0;0;60;-;-;-;-
2020;1;Szabolcs-Szatmár-Bereg;12;szakgimnázium/szakközépiskola (2016.09.01-től kifutó rendszerben);férfi;nappali;magyar nyelv és irodalom;közép;rendes;Nem;magyar;4;68;68;megjelent;30;8;18;11;0;1;68;-;-;-;-
2020;1;Szabolcs-Szatmár-Bereg;12;szakgimnázium/szakközépiskola (2016.09.01-től kifutó rendszerben);férfi;nappali;magyar nyelv és irodalom;közép;rendes;Nem;magyar;3;55;55;megjelent;27;9;10;8;0;1;55;-;-;-;-
2020;1;Szabolcs-Szatmár-Bereg;12;szakgimnázium/szakközépiskola (2016.09.01-től kifutó rendszerben);férfi;nappali;magyar nyelv és irodalom;közép;rendes;Nem;magyar;4;74;74;megjelent;34;8;17;10;5;0;74;-;-;-;-
2020;1;Szabolcs-Szatmár-Bereg;12;szakgimnázium/szakközépiskola (2016.09.01-től kifutó rendszerben);nő;nappali;magyar nyelv és irodalom;közép;rendes;Igen;magyar;5;80;72;megjelent;28;10;21;13;0;0;72;-;-;-;-
2020;1;Szabolcs-Szatmár-Bereg;12;szakgimnázium/szakközépiskola (2016.09.01-től kifutó rendszerben);férfi;nappali;magyar nyelv és irodalom;közép;rendes;Nem;magyar;3;44;44;megjelent;22;6;9;5;0;2;44;-;-;-;-
2020;1;Szabolcs-Szatmár-Bereg;12;szakgimnázium/szakközépiskola (2016.09.01-től kifutó rendszerben);nő;nappali;magyar nyelv és irodalom;közép;rendes;Nem;magyar;5;85;85;megjelent;35;9;25;14;1;1;85;-;-;-;-
2020;1;Szabolcs-Szatmár-Bereg;12;szakgimnázium/szakközépiskola (2016.09.01-től kifutó rendszerben);nő;nappali;magyar nyelv és irodalom;közép;rendes;Nem;magyar;5;82;82;megjelent;33;9;22;13;4;1;82;-;-;-;-
2020;1;Szabolcs-Szatmár-Bereg;12;szakgimnázium/szakközépiskola (2016.09.01-től kifutó rendszerben);nő;nappali;magyar nyelv és irodalom;közép;rendes;Nem;magyar;4;68;68;megjelent;29;8;18;11;0;2;68;-;-;-;-
2020;1;Szabolcs-Szatmár-Bereg;12;szakgimnázium/szakközépiskola (2016.09.01-től kifutó rendszerben);férfi;nappali;magyar nyelv és irodalom;közép;rendes;Nem;magyar;4;75;75;megjelent;33;9;21;12;0;0;75;-;-;-;-
2020;1;Szabolcs-Szatmár-Bereg;12;szakgimnázium/szakközépiskola (2016.09.01-től kifutó rendszerben);nő;nappali;magyar nyelv és irodalom;közép;rendes;Nem;magyar;4;64;64;megjelent;27;8;16;11;0;2;64;-;-;-;-
2020;1;Szabolcs-Szatmár-Bereg;12;szakgimnázium/szakközépiskola (2016.09.01-től kifutó rendszerben);férfi;nappali;magyar nyelv és irodalom;közép;rendes;Nem;magyar;5;84;84;megjelent;37;8;25;13;0;1;84;-;-;-;-
2020;1;Szabolcs-Szatmár-Bereg;12;gimnázium;férfi;nappali;magyar nyelv és irodalom;közép;rendes;Nem;magyar;4;72;72;megjelent;30;10;18;9;3;2;72;-;-;-;-
2020;1;Szabolcs-Szatmár-Bereg;12;gimnázium;nő;nappali;magyar nyelv és irodalom;közép;rendes;Nem;magyar;5;87;87;megjelent;35;7;22;13;8;2;87;-;-;-;-
2020;1;Szabolcs-Szatmár-Bereg;12;gimnázium;nő;nappali;magyar nyelv és irodalom;közép;rendes;Nem;magyar;5;99;99;megjelent;39;10;25;15;8;2;99;-;-;-;-
2020;1;Szabolcs-Szatmár-Bereg;12;gimnázium;férfi;nappali;magyar nyelv és irodalom;közép;rendes;Nem;magyar;5;92;92;megjelent;38;10;20;14;8;2;92;-;-;-;-
2020;1;Szabolcs-Szatmár-Bereg;12;gimnázium;férfi;nappali;magyar nyelv és irodalom;közép;rendes;Nem;magyar;5;85;85;megjelent;39;10;18;12;4;2;85;-;-;-;-
2020;1;Szabolcs-Szatmár-Bereg;12;gimnázium;nő;nappali;magyar nyelv és irodalom;közép;rendes;Nem;magyar;5;94;94;megjelent;39;9;22;14;8;2;94;-;-;-;-
2020;1;Szabolcs-Szatmár-Bereg;12;gimnázium;férfi;nappali;magyar nyelv és irodalom;közép;rendes;Nem;magyar;5;81;81;megjelent;38;7;17;10;7;2;81;-;-;-;-
2020;1;Szabolcs-Szatmár-Bereg;12;gimnázium;férfi;nappali;magyar nyelv és irodalom;közép;rendes;Nem;magyar;4;78;78;megjelent;34;9;17;11;5;2;78;-;-;-;-
2020;1;Szabolcs-Szatmár-Bereg;12;gimnázium;nő;nappali;magyar nyelv és irodalom;közép;rendes;Nem;magyar;5;97;97;megjelent;40;10;23;14;8;2;97;-;-;-;-
2020;1;Szabolcs-Szatmár-Bereg;12;gimnázium;férfi;nappali;magyar nyelv és irodalom;közép;rendes;Nem;magyar;5;98;98;megjelent;38;10;25;15;8;2;98;-;-;-;-
2020;1;Szabolcs-Szatmár-Bereg;12;gimnázium;nő;nappali;magyar nyelv és irodalom;közép;rendes;Nem;magyar;5;86;86;megjelent;36;10;18;12;8;2;86;-;-;-;-
2020;1;Szabolcs-Szatmár-Bereg;12;gimnázium;nő;nappali;magyar nyelv és irodalom;közép;rendes;Nem;magyar;5;97;97;megjelent;39;10;23;15;8;2;97;-;-;-;-
2020;1;Szabolcs-Szatmár-Bereg;12;gimnázium;nő;nappali;magyar nyelv és irodalom;közép;rendes;Nem;magyar;5;91;91;megjelent;37;8;22;14;8;2;91;-;-;-;-
2020;1;Szabolcs-Szatmár-Bereg;12;gimnázium;nő;nappali;magyar nyelv és irodalom;közép;rendes;Nem;magyar;5;96;96;megjelent;37;10;25;15;7;2;96;-;-;-;-
2020;1;Szabolcs-Szatmár-Bereg;12;gimnázium;férfi;nappali;magyar nyelv és irodalom;közép;rendes;Nem;magyar;5;81;81;megjelent;35;10;17;10;7;2;81;-;-;-;-
2020;1;Szabolcs-Szatmár-Bereg;12;gimnázium;férfi;nappali;magyar nyelv és irodalom;közép;rendes;Nem;magyar;5;99;99;megjelent;39;10;25;15;8;2;99;-;-;-;-
2020;1;Szabolcs-Szatmár-Bereg;12;gimnázium;nő;nappali;magyar nyelv és irodalom;közép;rendes;Nem;magyar;5;87;87;megjelent;36;10;22;12;5;2;87;-;-;-;-
2020;1;Szabolcs-Szatmár-Bereg;12;gimnázium;férfi;nappali;magyar nyelv és irodalom;közép;rendes;Nem;magyar;5;93;93;megjelent;38;8;22;15;8;2;93;-;-;-;-
2020;1;Szabolcs-Szatmár-Bereg;12;gimnázium;nő;nappali;magyar nyelv és irodalom;közép;rendes;Nem;magyar;5;96;96;megjelent;37;10;25;14;8;2;96;-;-;-;-
2020;1;Szabolcs-Szatmár-Bereg;12;gimnázium;nő;nappali;magyar nyelv és irodalom;közép;rendes;Nem;magyar;5;83;83;megjelent;33;10;19;12;7;2;83;-;-;-;-
2020;1;Szabolcs-Szatmár-Bereg;12;gimnázium;nő;nappali;magyar nyelv és irodalom;közép;rendes;Nem;magyar;5;97;97;megjelent;40;10;22;15;8;2;97;-;-;-;-
2020;1;Szabolcs-Szatmár-Bereg;12;gimnázium;nő;nappali;magyar nyelv és irodalom;közép;rendes;Nem;magyar;5;100;100;megjelent;40;10;25;15;8;2;100;-;-;-;-
2020;1;Szabolcs-Szatmár-Bereg;12;gimnázium;nő;nappali;magyar nyelv és irodalom;közép;rendes;Nem;magyar;5;99;99;megjelent;39;10;25;15;8;2;99;-;-;-;-
2020;1;Szabolcs-Szatmár-Bereg;12;gimnázium;nő;nappali;magyar nyelv és irodalom;közép;rendes;Nem;magyar;5;96;96;megjelent;40;10;22;14;8;2;96;-;-;-;-
2020;1;Szabolcs-Szatmár-Bereg;12;gimnázium;nő;nappali;magyar nyelv és irodalom;közép;rendes;Nem;magyar;5;100;100;megjelent;40;10;25;15;8;2;100;-;-;-;-
2020;1;Szabolcs-Szatmár-Bereg;12;gimnázium;nő;nappali;magyar nyelv és irodalom;közép;rendes;Nem;magyar;5;93;93;megjelent;38;10;25;15;3;2;93;-;-;-;-
2020;1;Szabolcs-Szatmár-Bereg;12;gimnázium;nő;nappali;magyar nyelv és irodalom;közép;rendes;Nem;magyar;5;98;98;megjelent;38;10;25;15;8;2;98;-;-;-;-
2020;1;Szabolcs-Szatmár-Bereg;12;gimnázium;nő;nappali;magyar nyelv és irodalom;közép;rendes;Nem;magyar;5;98;98;megjelent;38;10;25;15;8;2;98;-;-;-;-
2020;1;Szabolcs-Szatmár-Bereg;12;gimnázium;nő;nappali;magyar nyelv és irodalom;közép;rendes;Nem;magyar;5;99;99;megjelent;39;10;25;15;8;2;99;-;-;-;-
2020;1;Szabolcs-Szatmár-Bereg;12;gimnázium;férfi;nappali;magyar nyelv és irodalom;közép;rendes;Nem;magyar;5;98;98;megjelent;40;10;23;15;8;2;98;-;-;-;-
2020;1;Szabolcs-Szatmár-Bereg;12;gimnázium;nő;nappali;magyar nyelv és irodalom;közép;rendes;Nem;magyar;5;94;94;megjelent;38;10;23;14;7;2;94;-;-;-;-
2020;1;Szabolcs-Szatmár-Bereg;12;gimnázium;férfi;nappali;magyar nyelv és irodalom;közép;rendes;Nem;magyar;5;91;91;megjelent;39;10;20;12;8;2;91;-;-;-;-
2020;1;Szabolcs-Szatmár-Bereg;12;gimnázium;nő;nappali;magyar nyelv és irodalom;közép;rendes;Nem;magyar;5;99;99;megjelent;39;10;25;15;8;2;99;-;-;-;-
2020;1;Szabolcs-Szatmár-Bereg;12;gimnázium;nő;nappali;magyar nyelv és irodalom;közép;rendes;Nem;magyar;5;80;80;megjelent;39;8;17;11;3;2;80;-;-;-;-
2020;1;Szabolcs-Szatmár-Bereg;12;gimnázium;férfi;nappali;magyar nyelv és irodalom;közép;rendes;Nem;magyar;5;87;87;megjelent;38;10;19;10;8;2;87;-;-;-;-
2020;1;Szabolcs-Szatmár-Bereg;12;gimnázium;férfi;nappali;magyar nyelv és irodalom;közép;rendes;Nem;magyar;5;94;94;megjelent;40;8;24;13;7;2;94;-;-;-;-
2020;1;Szabolcs-Szatmár-Bereg;12;gimnázium;nő;nappali;magyar nyelv és irodalom;közép;rendes;Nem;magyar;5;87;87;megjelent;39;9;19;13;6;1;87;-;-;-;-
2020;1;Szabolcs-Szatmár-Bereg;12;gimnázium;férfi;nappali;magyar nyelv és irodalom;közép;rendes;Nem;magyar;4;74;74;megjelent;32;9;16;12;4;1;74;-;-;-;-
2020;1;Szabolcs-Szatmár-Bereg;12;gimnázium;nő;nappali;magyar nyelv és irodalom;közép;rendes;Nem;magyar;5;92;92;megjelent;36;10;23;15;7;1;92;-;-;-;-
2020;1;Szabolcs-Szatmár-Bereg;12;gimnázium;férfi;nappali;magyar nyelv és irodalom;közép;rendes;Nem;magyar;5;92;92;megjelent;37;9;23;14;7;2;92;-;-;-;-
2020;1;Szabolcs-Szatmár-Bereg;12;szakgimnázium/szakközépiskola (2016.09.01-től kifutó rendszerben);nő;nappali;magyar nyelv és irodalom;közép;rendes;Nem;magyar;5;81;81;megjelent;32;10;23;13;1;2;81;-;-;-;-
2020;1;Szabolcs-Szatmár-Bereg;12;szakgimnázium/szakközépiskola (2016.09.01-től kifutó rendszerben);nő;nappali;magyar nyelv és irodalom;közép;rendes;Nem;magyar;4;77;77;megjelent;34;9;21;12;0;1;77;-;-;-;-
2020;1;Szabolcs-Szatmár-Bereg;12;gimnázium;férfi;nappali;magyar nyelv és irodalom;közép;rendes;Nem;magyar;4;77;77;megjelent;30;9;15;14;7;2;77;-;-;-;-
2020;1;Szabolcs-Szatmár-Bereg;12;szakgimnázium/szakközépiskola (2016.09.01-től kifutó rendszerben);nő;nappali;magyar nyelv és irodalom;közép;rendes;Nem;magyar;5;85;85;megjelent;35;10;23;14;1;2;85;-;-;-;-
2020;1;Szabolcs-Szatmár-Bereg;12;szakgimnázium/szakközépiskola (2016.09.01-től kifutó rendszerben);férfi;nappali;magyar nyelv és irodalom;közép;rendes;Nem;magyar;4;78;78;megjelent;33;8;23;12;0;2;78;-;-;-;-
2020;1;Szabolcs-Szatmár-Bereg;12;gimnázium;nő;nappali;magyar nyelv és irodalom;közép;rendes;Nem;magyar;5;93;93;megjelent;36;10;23;15;7;2;93;-;-;-;-
2020;1;Szabolcs-Szatmár-Bereg;12;szakgimnázium/szakközépiskola (2016.09.01-től kifutó rendszerben);nő;nappali;magyar nyelv és irodalom;közép;rendes;Nem;magyar;5;81;81;megjelent;34;10;21;14;1;1;81;-;-;-;-
2020;1;Szabolcs-Szatmár-Bereg;12;gimnázium;férfi;nappali;magyar nyelv és irodalom;közép;rendes;Nem;magyar;5;85;85;megjelent;37;10;20;12;4;2;85;-;-;-;-
2020;1;Szabolcs-Szatmár-Bereg;12;gimnázium;férfi;nappali;magyar nyelv és irodalom;közép;rendes;Nem;magyar;5;86;86;megjelent;36;9;19;14;6;2;86;-;-;-;-
2020;1;Szabolcs-Szatmár-Bereg;12;szakgimnázium/szakközépiskola (2016.09.01-től kifutó rendszerben);nő;nappali;magyar nyelv és irodalom;közép;rendes;Nem;magyar;4;71;71;megjelent;27;9;17;12;4;2;71;-;-;-;-
2020;1;Szabolcs-Szatmár-Bereg;12;szakgimnázium/szakközépiskola (2016.09.01-től kifutó rendszerben);nő;nappali;magyar nyelv és irodalom;közép;rendes;Nem;magyar;4;75;75;megjelent;32;9;16;12;4;2;75;-;-;-;-
2020;1;Szabolcs-Szatmár-Bereg;12;gimnázium;nő;nappali;magyar nyelv és irodalom;közép;rendes;Nem;magyar;5;85;85;megjelent;34;7;22;13;7;2;85;-;-;-;-
2020;1;Szabolcs-Szatmár-Bereg;12;szakgimnázium/szakközépiskola (2016.09.01-től kifutó rendszerben);nő;nappali;magyar nyelv és irodalom;közép;rendes;Nem;magyar;4;72;72;megjelent;25;10;19;12;4;2;72;-;-;-;-
2020;1;Szabolcs-Szatmár-Bereg;12;gimnázium;férfi;nappali;magyar nyelv és irodalom;közép;rendes;Nem;magyar;5;90;90;megjelent;35;9;22;15;8;1;90;-;-;-;-
2020;1;Szabolcs-Szatmár-Bereg;12;szakgimnázium/szakközépiskola (2016.09.01-től kifutó rendszerben);nő;nappali;magyar nyelv és irodalom;közép;rendes;Nem;magyar;5;93;93;megjelent;35;9;25;15;7;2;93;-;-;-;-
2020;1;Szabolcs-Szatmár-Bereg;12;gimnázium;nő;nappali;magyar nyelv és irodalom;közép;rendes;Nem;magyar;5;80;80;megjelent;33;7;19;14;5;2;80;-;-;-;-
2020;1;Szabolcs-Szatmár-Bereg;12;szakgimnázium/szakközépiskola (2016.09.01-től kifutó rendszerben);nő;nappali;magyar nyelv és irodalom;közép;rendes;Nem;magyar;5;87;87;megjelent;37;9;21;15;3;2;87;-;-;-;-
2020;1;Szabolcs-Szatmár-Bereg;12;gimnázium;nő;nappali;magyar nyelv és irodalom;közép;rendes;Nem;magyar;5;94;94;megjelent;36;10;23;15;8;2;94;-;-;-;-
2020;1;Szabolcs-Szatmár-Bereg;12;szakgimnázium/szakközépiskola (2016.09.01-től kifutó rendszerben);férfi;nappali;magyar nyelv és irodalom;közép;rendes;Nem;magyar;4;76;76;megjelent;35;7;20;13;0;1;76;-;-;-;-
2020;1;Szabolcs-Szatmár-Bereg;12;szakgimnázium/szakközépiskola (2016.09.01-től kifutó rendszerben);nő;nappali;magyar nyelv és irodalom;közép;rendes;Nem;magyar;5;88;88;megjelent;34;9;24;15;4;2;88;-;-;-;-
2020;1;Szabolcs-Szatmár-Bereg;12;szakgimnázium/szakközépiskola (2016.09.01-től kifutó rendszerben);nő;nappali;magyar nyelv és irodalom;közép;rendes;Nem;magyar;5;90;90;megjelent;33;10;23;15;7;2;90;-;-;-;-
2020;1;Szabolcs-Szatmár-Bereg;12;gimnázium;nő;nappali;magyar nyelv és irodalom;közép;rendes;Nem;magyar;5;96;96;megjelent;38;10;25;15;6;2;96;-;-;-;-
2020;1;Szabolcs-Szatmár-Bereg;12;szakgimnázium/szakközépiskola (2016.09.01-től kifutó rendszerben);férfi;nappali;magyar nyelv és irodalom;közép;rendes;Nem;magyar;4;70;70;megjelent;35;8;15;10;1;1;70;-;-;-;-
2020;1;Szabolcs-Szatmár-Bereg;12;gimnázium;nő;nappali;magyar nyelv és irodalom;közép;rendes;Nem;magyar;5;98;98;megjelent;38;10;25;15;8;2;98;-;-;-;-
2020;1;Szabolcs-Szatmár-Bereg;12;szakgimnázium/szakközépiskola (2016.09.01-től kifutó rendszerben);nő;nappali;magyar nyelv és irodalom;közép;rendes;Nem;magyar;5;80;80;megjelent;31;9;23;14;1;2;80;-;-;-;-
2020;1;Szabolcs-Szatmár-Bereg;12;szakgimnázium/szakközépiskola (2016.09.01-től kifutó rendszerben);nő;nappali;magyar nyelv és irodalom;közép;rendes;Nem;magyar;4;74;74;megjelent;27;9;19;14;3;2;74;-;-;-;-
2020;1;Szabolcs-Szatmár-Bereg;12;szakgimnázium/szakközépiskola (2016.09.01-től kifutó rendszerben);nő;nappali;magyar nyelv és irodalom;közép;rendes;Nem;magyar;5;80;80;megjelent;36;9;18;13;2;2;80;-;-;-;-
2020;1;Szabolcs-Szatmár-Bereg;12;szakgimnázium/szakközépiskola (2016.09.01-től kifutó rendszerben);nő;nappali;magyar nyelv és irodalom;közép;rendes;Nem;magyar;5;82;82;megjelent;28;9;23;15;5;2;82;-;-;-;-
2020;1;Szabolcs-Szatmár-Bereg;12;szakgimnázium/szakközépiskola (2016.09.01-től kifutó rendszerben);férfi;nappali;magyar nyelv és irodalom;közép;rendes;Nem;magyar;4;62;62;megjelent;33;6;14;9;0;0;62;-;-;-;-
2020;1;Szabolcs-Szatmár-Bereg;12;szakgimnázium/szakközépiskola (2016.09.01-től kifutó rendszerben);férfi;nappali;magyar nyelv és irodalom;közép;rendes;Nem;magyar;4;77;77;megjelent;35;9;21;11;0;1;77;-;-;-;-
2020;1;Szabolcs-Szatmár-Bereg;12;szakgimnázium/szakközépiskola (2016.09.01-től kifutó rendszerben);nő;nappali;magyar nyelv és irodalom;közép;rendes;Nem;magyar;4;64;64;megjelent;24;7;14;13;4;2;64;-;-;-;-
2020;1;Szabolcs-Szatmár-Bereg;12;szakgimnázium/szakközépiskola (2016.09.01-től kifutó rendszerben);nő;nappali;magyar nyelv és irodalom;közép;rendes;Nem;magyar;5;80;80;megjelent;31;9;22;14;2;2;80;-;-;-;-
2020;1;Szabolcs-Szatmár-Bereg;12;szakgimnázium/szakközépiskola (2016.09.01-től kifutó rendszerben);nő;nappali;magyar nyelv és irodalom;közép;rendes;Nem;magyar;5;92;92;megjelent;35;10;23;15;7;2;92;-;-;-;-
2020;1;Szabolcs-Szatmár-Bereg;12;szakgimnázium/szakközépiskola (2016.09.01-től kifutó rendszerben);férfi;nappali;magyar nyelv és irodalom;közép;rendes;Nem;magyar;4;75;75;megjelent;30;8;19;13;3;2;75;-;-;-;-
2020;1;Szabolcs-Szatmár-Bereg;12;szakgimnázium/szakközépiskola (2016.09.01-től kifutó rendszerben);nő;nappali;magyar nyelv és irodalom;közép;rendes;Nem;magyar;4;75;75;megjelent;35;8;16;14;0;2;75;-;-;-;-
2020;1;Szabolcs-Szatmár-Bereg;12;szakgimnázium/szakközépiskola (2016.09.01-től kifutó rendszerben);férfi;nappali;magyar nyelv és irodalom;közép;rendes;Nem;magyar;5;83;83;megjelent;34;7;20;14;6;2;83;-;-;-;-
2020;1;Szabolcs-Szatmár-Bereg;12;szakgimnázium/szakközépiskola (2016.09.01-től kifutó rendszerben);nő;nappali;magyar nyelv és irodalom;közép;rendes;Nem;magyar;5;81;81;megjelent;31;10;19;15;4;2;81;-;-;-;-
2020;1;Szabolcs-Szatmár-Bereg;12;szakgimnázium/szakközépiskola (2016.09.01-től kifutó rendszerben);férfi;nappali;magyar nyelv és irodalom;közép;rendes;Nem;magyar;3;48;48;megjelent;26;7;9;6;0;0;48;-;-;-;-
2020;1;Szabolcs-Szatmár-Bereg;12;szakgimnázium/szakközépiskola (2016.09.01-től kifutó rendszerben);nő;nappali;magyar nyelv és irodalom;közép;rendes;Nem;magyar;4;72;72;megjelent;29;7;19;13;2;2;72;-;-;-;-
2020;1;Szabolcs-Szatmár-Bereg;12;szakgimnázium/szakközépiskola (2016.09.01-től kifutó rendszerben);nő;nappali;magyar nyelv és irodalom;közép;rendes;Nem;magyar;5;81;81;megjelent;32;8;22;13;4;2;81;-;-;-;-
2020;1;Szabolcs-Szatmár-Bereg;12;szakgimnázium/szakközépiskola (2016.09.01-től kifutó rendszerben);nő;nappali;magyar nyelv és irodalom;közép;rendes;Nem;magyar;5;88;88;megjelent;35;9;21;14;7;2;88;-;-;-;-
2020;1;Szabolcs-Szatmár-Bereg;12;gimnázium;férfi;nappali;magyar nyelv és irodalom;közép;rendes;Nem;magyar;5;91;91;megjelent;36;8;25;12;8;2;91;-;-;-;-
2020;1;Szabolcs-Szatmár-Bereg;12;gimnázium;férfi;nappali;magyar nyelv és irodalom;közép;rendes;Nem;magyar;5;92;92;megjelent;35;10;25;15;5;2;92;-;-;-;-
2020;1;Szabolcs-Szatmár-Bereg;12;gimnázium;férfi;nappali;magyar nyelv és irodalom;közép;rendes;Nem;magyar;5;88;88;megjelent;38;9;17;14;8;2;88;-;-;-;-
2020;1;Szabolcs-Szatmár-Bereg;12;gimnázium;nő;nappali;magyar nyelv és irodalom;közép;rendes;Nem;magyar;3;50;50;megjelent;24;8;7;9;0;2;50;-;-;-;-
2020;1;Szabolcs-Szatmár-Bereg;12;gimnázium;férfi;nappali;magyar nyelv és irodalom;közép;rendes;Nem;magyar;3;54;54;megjelent;22;8;13;10;0;1;54;-;-;-;-
2020;1;Szabolcs-Szatmár-Bereg;12;gimnázium;férfi;nappali;magyar nyelv és irodalom;közép;rendes;Nem;magyar;5;80;80;megjelent;28;8;25;15;2;2;80;-;-;-;-
2020;1;Szabolcs-Szatmár-Bereg;12;gimnázium;nő;nappali;magyar nyelv és irodalom;közép;rendes;Nem;magyar;4;62;62;megjelent;27;8;16;10;0;1;62;-;-;-;-
2020;1;Szabolcs-Szatmár-Bereg;12;gimnázium;nő;nappali;magyar nyelv és irodalom;közép;rendes;Nem;magyar;3;40;40;megjelent;19;7;6;8;0;0;40;-;-;-;-
2020;1;Szabolcs-Szatmár-Bereg;12;gimnázium;férfi;nappali;magyar nyelv és irodalom;közép;rendes;Nem;magyar;4;63;63;megjelent;32;8;12;10;0;1;63;-;-;-;-
2020;1;Szabolcs-Szatmár-Bereg;12;gimnázium;nő;nappali;magyar nyelv és irodalom;közép;rendes;Nem;magyar;5;91;91;megjelent;36;10;25;14;5;1;91;-;-;-;-
2020;1;Szabolcs-Szatmár-Bereg;12;gimnázium;nő;nappali;magyar nyelv és irodalom;közép;rendes;Nem;magyar;4;71;71;megjelent;30;9;21;11;0;0;71;-;-;-;-
2020;1;Szabolcs-Szatmár-Bereg;12;gimnázium;nő;nappali;magyar nyelv és irodalom;közép;rendes;Nem;magyar;3;55;55;megjelent;20;7;15;9;2;2;55;-;-;-;-
2020;1;Szabolcs-Szatmár-Bereg;12;gimnázium;férfi;nappali;magyar nyelv és irodalom;közép;rendes;Nem;magyar;5;81;81;megjelent;32;8;24;13;3;1;81;-;-;-;-
2020;1;Szabolcs-Szatmár-Bereg;12;gimnázium;férfi;nappali;magyar nyelv és irodalom;közép;rendes;Nem;magyar;2;27;27;megjelent;22;0;2;3;0;0;27;-;-;-;-
2020;1;Szabolcs-Szatmár-Bereg;12;gimnázium;nő;nappali;magyar nyelv és irodalom;közép;rendes;Nem;magyar;5;83;83;megjelent;34;8;19;13;7;2;83;-;-;-;-
2020;1;Szabolcs-Szatmár-Bereg;12;gimnázium;férfi;nappali;magyar nyelv és irodalom;közép;rendes;Nem;magyar;2;30;30;megjelent;22;4;2;2;0;0;30;-;-;-;-
2020;1;Szabolcs-Szatmár-Bereg;12;gimnázium;nő;nappali;magyar nyelv és irodalom;közép;rendes;Nem;magyar;2;26;26;megjelent;14;5;1;4;0;2;26;-;-;-;-
2020;1;Szabolcs-Szatmár-Bereg;12;gimnázium;nő;nappali;magyar nyelv és irodalom;közép;rendes;Nem;magyar;2;27;27;megjelent;17;4;2;3;0;1;27;-;-;-;-
2020;1;Szabolcs-Szatmár-Bereg;12;gimnázium;nő;nappali;magyar nyelv és irodalom;közép;rendes;Nem;magyar;4;60;60;megjelent;23;4;20;11;0;2;60;-;-;-;-
2020;1;Szabolcs-Szatmár-Bereg;12;gimnázium;férfi;nappali;magyar nyelv és irodalom;közép;rendes;Nem;magyar;2;27;27;megjelent;18;2;3;4;0;0;27;-;-;-;-
2020;1;Szabolcs-Szatmár-Bereg;12;gimnázium;nő;nappali;magyar nyelv és irodalom;közép;rendes;Nem;magyar;2;28;28;megjelent;18;4;2;3;0;1;28;-;-;-;-
2020;1;Szabolcs-Szatmár-Bereg;12;gimnázium;nő;nappali;magyar nyelv és irodalom;közép;rendes;Nem;magyar;3;45;45;megjelent;17;4;14;8;0;2;45;-;-;-;-
2020;1;Szabolcs-Szatmár-Bereg;12;gimnázium;férfi;nappali;magyar nyelv és irodalom;közép;rendes;Nem;magyar;2;26;26;megjelent;21;0;2;3;0;0;26;-;-;-;-
2020;1;Szabolcs-Szatmár-Bereg;12;gimnázium;nő;nappali;magyar nyelv és irodalom;közép;rendes;Nem;magyar;2;27;27;megjelent;15;4;2;3;1;2;27;-;-;-;-
2020;1;Szabolcs-Szatmár-Bereg;12;gimnázium;férfi;nappali;magyar nyelv és irodalom;közép;rendes;Igen;magyar;3;54;27;megjelent;-;-;-;-;-;-;-;15;4;8;27
2020;1;Szabolcs-Szatmár-Bereg;12;gimnázium;nő;nappali;magyar nyelv és irodalom;közép;rendes;Nem;magyar;3;43;43;megjelent;17;7;9;7;1;2;43;-;-;-;-
2020;1;Szabolcs-Szatmár-Bereg;12;gimnázium;nő;nappali;magyar nyelv és irodalom;közép;rendes;Nem;magyar;4;64;64;megjelent;21;9;17;12;3;2;64;-;-;-;-
2020;1;Szabolcs-Szatmár-Bereg;12;gimnázium;férfi;nappali;magyar nyelv és irodalom;közép;rendes;Nem;magyar;2;26;26;megjelent;17;6;1;2;0;0;26;-;-;-;-
2020;1;Szabolcs-Szatmár-Bereg;12;gimnázium;nő;nappali;magyar nyelv és irodalom;közép;rendes;Nem;magyar;4;67;67;megjelent;27;8;19;12;0;1;67;-;-;-;-
2020;1;Szabolcs-Szatmár-Bereg;12;szakgimnázium/szakközépiskola (2016.09.01-től kifutó rendszerben);férfi;nappali;magyar nyelv és irodalom;közép;rendes;Nem;magyar;3;47;47;megjelent;23;6;9;7;0;2;47;-;-;-;-
2020;1;Szabolcs-Szatmár-Bereg;12;szakgimnázium/szakközépiskola (2016.09.01-től kifutó rendszerben);nő;nappali;magyar nyelv és irodalom;közép;rendes;Nem;magyar;4;71;71;megjelent;32;8;14;11;4;2;71;-;-;-;-
2020;1;Szabolcs-Szatmár-Bereg;12;gimnázium;nő;nappali;magyar nyelv és irodalom;közép;rendes;Nem;magyar;3;40;40;megjelent;19;0;5;6;8;2;40;-;-;-;-
2020;1;Szabolcs-Szatmár-Bereg;12;gimnázium;férfi;nappali;magyar nyelv és irodalom;közép;rendes;Nem;magyar;4;68;68;megjelent;28;9;15;10;5;1;68;-;-;-;-
2020;1;Szabolcs-Szatmár-Bereg;12;szakgimnázium/szakközépiskola (2016.09.01-től kifutó rendszerben);férfi;nappali;magyar nyelv és irodalom;közép;rendes;Nem;magyar;4;71;71;megjelent;20;9;22;14;4;2;71;-;-;-;-
2020;1;Szabolcs-Szatmár-Bereg;12;szakgimnázium/szakközépiskola (2016.09.01-től kifutó rendszerben);férfi;nappali;magyar nyelv és irodalom;közép;rendes;Nem;magyar;3;57;57;megjelent;27;7;15;8;0;0;57;-;-;-;-
2020;1;Szabolcs-Szatmár-Bereg;12;gimnázium;nő;nappali;magyar nyelv és irodalom;közép;rendes;Nem;magyar;2;25;25;megjelent;17;4;2;2;0;0;25;-;-;-;-
2020;1;Szabolcs-Szatmár-Bereg;12;szakgimnázium/szakközépiskola (2016.09.01-től kifutó rendszerben);férfi;nappali;magyar nyelv és irodalom;közép;rendes;Nem;magyar;4;65;65;megjelent;26;7;15;8;8;1;65;-;-;-;-
2020;1;Szabolcs-Szatmár-Bereg;12;gimnázium;nő;nappali;magyar nyelv és irodalom;közép;rendes;Nem;magyar;2;33;33;megjelent;15;7;4;6;0;1;33;-;-;-;-
2020;1;Szabolcs-Szatmár-Bereg;12;szakgimnázium/szakközépiskola (2016.09.01-től kifutó rendszerben);férfi;nappali;magyar nyelv és irodalom;közép;rendes;Nem;magyar;4;61;61;megjelent;30;6;11;10;2;2;61;-;-;-;-
2020;1;Szabolcs-Szatmár-Bereg;12;szakgimnázium/szakközépiskola (2016.09.01-től kifutó rendszerben);férfi;nappali;magyar nyelv és irodalom;közép;rendes;Nem;magyar;4;65;65;megjelent;24;8;14;10;7;2;65;-;-;-;-
2020;1;Szabolcs-Szatmár-Bereg;12;gimnázium;férfi;nappali;magyar nyelv és irodalom;közép;rendes;Nem;magyar;3;52;52;megjelent;18;7;18;9;0;0;52;-;-;-;-
2020;1;Szabolcs-Szatmár-Bereg;12;szakgimnázium/szakközépiskola (2016.09.01-től kifutó rendszerben);férfi;nappali;magyar nyelv és irodalom;közép;rendes;Nem;magyar;3;56;56;megjelent;26;6;14;9;0;1;56;-;-;-;-
2020;1;Szabolcs-Szatmár-Bereg;12;szakgimnázium/szakközépiskola (2016.09.01-től kifutó rendszerben);nő;nappali;magyar nyelv és irodalom;közép;rendes;Nem;magyar;4;75;75;megjelent;30;8;14;13;8;2;75;-;-;-;-
2020;1;Szabolcs-Szatmár-Bereg;12;gimnázium;nő;nappali;magyar nyelv és irodalom;közép;rendes;Nem;magyar;4;73;73;megjelent;30;9;19;13;1;1;73;-;-;-;-
2020;1;Szabolcs-Szatmár-Bereg;12;szakgimnázium/szakközépiskola (2016.09.01-től kifutó rendszerben);férfi;nappali;magyar nyelv és irodalom;közép;rendes;Nem;magyar;3;51;51;megjelent;25;8;9;7;0;2;51;-;-;-;-
2020;1;Szabolcs-Szatmár-Bereg;12;gimnázium;nő;nappali;magyar nyelv és irodalom;közép;rendes;Nem;magyar;2;28;28;megjelent;14;3;5;5;0;1;28;-;-;-;-
2020;1;Szabolcs-Szatmár-Bereg;12;szakgimnázium/szakközépiskola (2016.09.01-től kifutó rendszerben);nő;nappali;magyar nyelv és irodalom;közép;rendes;Nem;magyar;4;75;75;megjelent;33;10;11;12;7;2;75;-;-;-;-
2020;1;Szabolcs-Szatmár-Bereg;12;szakgimnázium/szakközépiskola (2016.09.01-től kifutó rendszerben);férfi;nappali;magyar nyelv és irodalom;közép;rendes;Nem;magyar;3;58;58;megjelent;28;8;14;8;0;0;58;-;-;-;-
2020;1;Szabolcs-Szatmár-Bereg;12;gimnázium;nő;nappali;magyar nyelv és irodalom;közép;rendes;Nem;magyar;2;33;33;megjelent;18;1;7;6;0;1;33;-;-;-;-
2020;1;Szabolcs-Szatmár-Bereg;12;szakgimnázium/szakközépiskola (2016.09.01-től kifutó rendszerben);nő;nappali;magyar nyelv és irodalom;közép;rendes;Nem;magyar;2;34;34;megjelent;15;0;4;6;7;2;34;-;-;-;-
2020;1;Szabolcs-Szatmár-Bereg;12;szakgimnázium/szakközépiskola (2016.09.01-től kifutó rendszerben);nő;nappali;magyar nyelv és irodalom;közép;rendes;Nem;magyar;4;66;66;megjelent;28;6;12;11;7;2;66;-;-;-;-
2020;1;Szabolcs-Szatmár-Bereg;12;gimnázium;férfi;nappali;magyar nyelv és irodalom;közép;rendes;Nem;magyar;2;27;27;megjelent;9;7;4;5;1;1;27;-;-;-;-
2020;1;Szabolcs-Szatmár-Bereg;12;szakgimnázium/szakközépiskola (2016.09.01-től kifutó rendszerben);nő;nappali;magyar nyelv és irodalom;közép;rendes;Nem;magyar;5;81;81;megjelent;26;10;22;14;7;2;81;-;-;-;-
2020;1;Szabolcs-Szatmár-Bereg;12;gimnázium;nő;nappali;magyar nyelv és irodalom;közép;rendes;Nem;magyar;5;82;82;megjelent;31;9;19;15;7;1;82;-;-;-;-
2020;1;Szabolcs-Szatmár-Bereg;12;szakgimnázium/szakközépiskola (2016.09.01-től kifutó rendszerben);férfi;nappali;magyar nyelv és irodalom;közép;rendes;Igen;magyar;4;60;30;megjelent;-;-;-;-;-;-;-;16;6;8;30
2020;1;Szabolcs-Szatmár-Bereg;12;gimnázium;férfi;nappali;magyar nyelv és irodalom;közép;rendes;Nem;magyar;3;40;40;megjelent;22;5;9;4;0;0;40;-;-;-;-
2020;1;Szabolcs-Szatmár-Bereg;12;szakgimnázium/szakközépiskola (2016.09.01-től kifutó rendszerben);férfi;nappali;magyar nyelv és irodalom;közép;rendes;Nem;magyar;3;47;47;megjelent;24;5;9;8;0;1;47;-;-;-;-
2020;1;Szabolcs-Szatmár-Bereg;12;gimnázium;nő;nappali;magyar nyelv és irodalom;közép;rendes;Nem;magyar;3;51;51;megjelent;16;7;18;9;0;1;51;-;-;-;-
2020;1;Szabolcs-Szatmár-Bereg;12;szakgimnázium/szakközépiskola (2016.09.01-től kifutó rendszerben);férfi;nappali;magyar nyelv és irodalom;közép;rendes;Nem;magyar;4;60;60;megjelent;28;5;15;10;0;2;60;-;-;-;-
2020;1;Szabolcs-Szatmár-Bereg;12;szakgimnázium/szakközépiskola (2016.09.01-től kifutó rendszerben);férfi;nappali;magyar nyelv és irodalom;közép;rendes;Nem;magyar;5;92;92;megjelent;36;10;23;15;6;2;92;-;-;-;-
2020;1;Szabolcs-Szatmár-Bereg;12;szakgimnázium/szakközépiskola (2016.09.01-től kifutó rendszerben);férfi;nappali;magyar nyelv és irodalom;közép;rendes;Nem;magyar;3;49;49;megjelent;20;7;14;8;0;0;49;-;-;-;-
2020;1;Szabolcs-Szatmár-Bereg;12;szakgimnázium/szakközépiskola (2016.09.01-től kifutó rendszerben);nő;nappali;magyar nyelv és irodalom;közép;rendes;Nem;magyar;4;72;72;megjelent;33;6;12;11;8;2;72;-;-;-;-
2020;1;Szabolcs-Szatmár-Bereg;12;szakgimnázium/szakközépiskola (2016.09.01-től kifutó rendszerben);férfi;nappali;magyar nyelv és irodalom;közép;rendes;Nem;magyar;3;56;56;megjelent;30;6;9;9;0;2;56;-;-;-;-
2020;1;Szabolcs-Szatmár-Bereg;12;szakgimnázium/szakközépiskola (2016.09.01-től kifutó rendszerben);férfi;nappali;magyar nyelv és irodalom;közép;rendes;Nem;magyar;3;57;57;megjelent;24;6;15;10;0;2;57;-;-;-;-
2020;1;Szabolcs-Szatmár-Bereg;12;szakgimnázium/szakközépiskola (2016.09.01-től kifutó rendszerben);nő;nappali;magyar nyelv és irodalom;közép;rendes;Nem;magyar;4;70;70;megjelent;28;5;16;13;6;2;70;-;-;-;-
2020;1;Szabolcs-Szatmár-Bereg;12;szakgimnázium/szakközépiskola (2016.09.01-től kifutó rendszerben);nő;nappali;magyar nyelv és irodalom;közép;rendes;Nem;magyar;2;34;34;megjelent;18;0;9;6;0;1;34;-;-;-;-
2020;1;Szabolcs-Szatmár-Bereg;12;szakgimnázium/szakközépiskola (2016.09.01-től kifutó rendszerben);férfi;nappali;magyar nyelv és irodalom;közép;rendes;Nem;magyar;4;69;69;megjelent;28;9;15;9;6;2;69;-;-;-;-
2020;1;Szabolcs-Szatmár-Bereg;12;szakgimnázium/szakközépiskola (2016.09.01-től kifutó rendszerben);férfi;nappali;magyar nyelv és irodalom;közép;rendes;Nem;magyar;4;60;60;megjelent;29;6;10;10;3;2;60;-;-;-;-
2020;1;Szabolcs-Szatmár-Bereg;12;szakgimnázium/szakközépiskola (2016.09.01-től kifutó rendszerben);nő;nappali;magyar nyelv és irodalom;közép;rendes;Nem;magyar;4;74;74;megjelent;33;8;13;13;5;2;74;-;-;-;-
2020;1;Szabolcs-Szatmár-Bereg;12;szakgimnázium/szakközépiskola (2016.09.01-től kifutó rendszerben);nő;nappali;magyar nyelv és irodalom;közép;rendes;Nem;magyar;4;78;78;megjelent;32;6;16;14;8;2;78;-;-;-;-
2020;1;Szabolcs-Szatmár-Bereg;12;szakgimnázium/szakközépiskola (2016.09.01-től kifutó rendszerben);férfi;nappali;magyar nyelv és irodalom;közép;rendes;Igen;magyar;3;42;21;megjelent;-;-;-;-;-;-;-;9;5;7;21
2020;1;Szabolcs-Szatmár-Bereg;12;szakgimnázium/szakközépiskola (2016.09.01-től kifutó rendszerben);férfi;nappali;magyar nyelv és irodalom;közép;rendes;Nem;magyar;4;61;61;megjelent;31;7;15;7;0;1;61;-;-;-;-
2020;1;Szabolcs-Szatmár-Bereg;12;szakgimnázium/szakközépiskola (2016.09.01-től kifutó rendszerben);férfi;nappali;magyar nyelv és irodalom;közép;rendes;Nem;magyar;4;67;67;megjelent;33;5;12;11;4;2;67;-;-;-;-
2020;1;Szabolcs-Szatmár-Bereg;12;szakgimnázium/szakközépiskola (2016.09.01-től kifutó rendszerben);férfi;nappali;magyar nyelv és irodalom;közép;rendes;Nem;magyar;2;28;28;megjelent;17;0;4;4;1;2;28;-;-;-;-
2020;1;Szabolcs-Szatmár-Bereg;12;szakgimnázium/szakközépiskola (2016.09.01-től kifutó rendszerben);férfi;nappali;magyar nyelv és irodalom;közép;rendes;Nem;magyar;4;75;75;megjelent;32;7;15;11;8;2;75;-;-;-;-
2020;1;Szabolcs-Szatmár-Bereg;12;szakgimnázium/szakközépiskola (2016.09.01-től kifutó rendszerben);nő;nappali;magyar nyelv és irodalom;közép;rendes;Nem;magyar;4;69;69;megjelent;27;8;12;12;8;2;69;-;-;-;-
2020;1;Szabolcs-Szatmár-Bereg;12;szakgimnázium/szakközépiskola (2016.09.01-től kifutó rendszerben);nő;nappali;magyar nyelv és irodalom;közép;rendes;Nem;magyar;5;80;80;megjelent;32;8;16;15;7;2;80;-;-;-;-
2020;1;Szabolcs-Szatmár-Bereg;12;szakgimnázium/szakközépiskola (2016.09.01-től kifutó rendszerben);férfi;nappali;magyar nyelv és irodalom;közép;rendes;Nem;magyar;4;73;73;megjelent;37;7;9;10;8;2;73;-;-;-;-
2020;1;Szabolcs-Szatmár-Bereg;12;szakgimnázium/szakközépiskola (2016.09.01-től kifutó rendszerben);nő;nappali;magyar nyelv és irodalom;közép;rendes;Nem;magyar;4;78;78;megjelent;33;6;16;14;7;2;78;-;-;-;-
2020;1;Szabolcs-Szatmár-Bereg;12;szakgimnázium/szakközépiskola (2016.09.01-től kifutó rendszerben);nő;nappali;magyar nyelv és irodalom;közép;rendes;Nem;magyar;4;64;64;megjelent;28;6;11;10;7;2;64;-;-;-;-
2020;1;Szabolcs-Szatmár-Bereg;12;szakgimnázium/szakközépiskola (2016.09.01-től kifutó rendszerben);nő;nappali;magyar nyelv és irodalom;közép;rendes;Nem;magyar;4;70;70;megjelent;30;5;13;12;8;2;70;-;-;-;-
2020;1;Szabolcs-Szatmár-Bereg;12;szakgimnázium/szakközépiskola (2016.09.01-től kifutó rendszerben);nő;nappali;magyar nyelv és irodalom;közép;rendes;Nem;magyar;4;64;64;megjelent;30;5;12;12;3;2;64;-;-;-;-
2020;1;Szabolcs-Szatmár-Bereg;12;szakgimnázium/szakközépiskola (2016.09.01-től kifutó rendszerben);férfi;nappali;magyar nyelv és irodalom;közép;rendes;Nem;magyar;5;80;80;megjelent;32;10;13;15;8;2;80;-;-;-;-
2020;1;Szabolcs-Szatmár-Bereg;12;szakgimnázium/szakközépiskola (2016.09.01-től kifutó rendszerben);nő;nappali;magyar nyelv és irodalom;közép;rendes;Nem;magyar;4;73;73;megjelent;26;8;16;13;8;2;73;-;-;-;-
2020;1;Szabolcs-Szatmár-Bereg;12;szakgimnázium/szakközépiskola (2016.09.01-től kifutó rendszerben);nő;nappali;magyar nyelv és irodalom;közép;rendes;Nem;magyar;4;78;78;megjelent;36;6;15;12;7;2;78;-;-;-;-
2020;1;Szabolcs-Szatmár-Bereg;12;szakgimnázium/szakközépiskola (2016.09.01-től kifutó rendszerben);nő;nappali;magyar nyelv és irodalom;közép;rendes;Nem;magyar;4;73;73;megjelent;34;6;14;10;7;2;73;-;-;-;-
2020;1;Szabolcs-Szatmár-Bereg;12;szakgimnázium/szakközépiskola (2016.09.01-től kifutó rendszerben);nő;nappali;magyar nyelv és irodalom;közép;rendes;Nem;magyar;5;81;81;megjelent;31;9;17;14;8;2;81;-;-;-;-
2020;1;Szabolcs-Szatmár-Bereg;12;szakgimnázium/szakközépiskola (2016.09.01-től kifutó rendszerben);nő;nappali;magyar nyelv és irodalom;közép;rendes;Nem;magyar;5;80;80;megjelent;31;7;18;14;8;2;80;-;-;-;-
2020;1;Szabolcs-Szatmár-Bereg;12;szakgimnázium/szakközépiskola (2016.09.01-től kifutó rendszerben);nő;nappali;magyar nyelv és irodalom;közép;rendes;Nem;magyar;4;62;62;megjelent;25;5;11;11;8;2;62;-;-;-;-
2020;1;Szabolcs-Szatmár-Bereg;12;szakgimnázium/szakközépiskola (2016.09.01-től kifutó rendszerben);férfi;nappali;magyar nyelv és irodalom;közép;rendes;Nem;magyar;4;72;72;megjelent;35;7;11;11;6;2;72;-;-;-;-
2020;1;Szabolcs-Szatmár-Bereg;12;szakgimnázium/szakközépiskola (2016.09.01-től kifutó rendszerben);nő;nappali;magyar nyelv és irodalom;közép;rendes;Nem;magyar;4;68;68;megjelent;30;5;13;12;6;2;68;-;-;-;-
2020;1;Szabolcs-Szatmár-Bereg;12;gimnázium;nő;nappali;magyar nyelv és irodalom;közép;rendes;Nem;magyar;3;55;55;megjelent;24;7;12;10;1;1;55;-;-;-;-
2020;1;Szabolcs-Szatmár-Bereg;12;gimnázium;nő;nappali;magyar nyelv és irodalom;közép;rendes;Nem;magyar;3;52;52;megjelent;21;4;14;11;0;2;52;-;-;-;-
2020;1;Szabolcs-Szatmár-Bereg;12;gimnázium;férfi;nappali;magyar nyelv és irodalom;közép;rendes;Nem;magyar;2;25;25;megjelent;15;3;4;3;0;0;25;-;-;-;-
2020;1;Szabolcs-Szatmár-Bereg;12;gimnázium;nő;nappali;magyar nyelv és irodalom;közép;rendes;Nem;magyar;5;85;85;megjelent;33;8;21;13;8;2;85;-;-;-;-
2020;1;Szabolcs-Szatmár-Bereg;12;gimnázium;férfi;nappali;magyar nyelv és irodalom;közép;rendes;Igen;magyar;3;50;25;megjelent;-;-;-;-;-;-;-;13;4;8;25
2020;1;Szabolcs-Szatmár-Bereg;12;gimnázium;férfi;nappali;magyar nyelv és irodalom;közép;rendes;Nem;magyar;4;60;60;megjelent;27;5;14;11;2;1;60;-;-;-;-
2020;1;Szabolcs-Szatmár-Bereg;12;gimnázium;nő;nappali;magyar nyelv és irodalom;közép;rendes;Nem;magyar;3;52;52;megjelent;21;7;14;9;0;1;52;-;-;-;-
2020;1;Szabolcs-Szatmár-Bereg;12;gimnázium;nő;nappali;magyar nyelv és irodalom;közép;rendes;Nem;magyar;4;60;60;megjelent;21;8;19;11;0;1;60;-;-;-;-
2020;1;Szabolcs-Szatmár-Bereg;12;gimnázium;férfi;nappali;magyar nyelv és irodalom;közép;rendes;Nem;magyar;5;84;84;megjelent;33;10;21;15;4;1;84;-;-;-;-
2020;1;Szabolcs-Szatmár-Bereg;12;gimnázium;férfi;nappali;magyar nyelv és irodalom;közép;rendes;Nem;magyar;3;45;45;megjelent;15;5;16;9;0;0;45;-;-;-;-
2020;1;Szabolcs-Szatmár-Bereg;12;gimnázium;nő;nappali;magyar nyelv és irodalom;közép;rendes;Nem;magyar;3;40;40;megjelent;19;4;9;7;0;1;40;-;-;-;-
2020;1;Szabolcs-Szatmár-Bereg;12;gimnázium;férfi;nappali;magyar nyelv és irodalom;közép;rendes;Nem;magyar;3;55;55;megjelent;26;4;16;9;0;0;55;-;-;-;-
2020;1;Szabolcs-Szatmár-Bereg;12;gimnázium;férfi;nappali;magyar nyelv és irodalom;közép;rendes;Nem;magyar;4;70;70;megjelent;27;9;18;12;4;0;70;-;-;-;-
2020;1;Szabolcs-Szatmár-Bereg;12;gimnázium;férfi;nappali;magyar nyelv és irodalom;közép;rendes;Nem;magyar;3;42;42;megjelent;16;5;15;6;0;0;42;-;-;-;-
2020;1;Szabolcs-Szatmár-Bereg;12;gimnázium;nő;nappali;magyar nyelv és irodalom;közép;rendes;Nem;magyar;5;80;80;megjelent;30;9;19;14;6;2;80;-;-;-;-
2020;1;Szabolcs-Szatmár-Bereg;12;gimnázium;férfi;nappali;magyar nyelv és irodalom;közép;rendes;Nem;magyar;2;25;38;megjelent;11;0;4;4;0;0;19;8;4;7;19
2020;1;Szabolcs-Szatmár-Bereg;12;gimnázium;nő;nappali;magyar nyelv és irodalom;közép;rendes;Nem;magyar;4;60;60;megjelent;24;6;17;11;0;2;60;-;-;-;-
2020;1;Szabolcs-Szatmár-Bereg;12;gimnázium;férfi;nappali;magyar nyelv és irodalom;közép;rendes;Nem;magyar;2;35;35;megjelent;18;3;9;5;0;0;35;-;-;-;-
2020;1;Szabolcs-Szatmár-Bereg;12;gimnázium;férfi;nappali;magyar nyelv és irodalom;közép;rendes;Nem;magyar;3;42;42;megjelent;18;4;13;6;0;1;42;-;-;-;-
2020;1;Szabolcs-Szatmár-Bereg;12;gimnázium;nő;nappali;magyar nyelv és irodalom;közép;rendes;Nem;magyar;3;43;43;megjelent;20;4;10;8;0;1;43;-;-;-;-
2020;1;Szabolcs-Szatmár-Bereg;12;gimnázium;nő;nappali;magyar nyelv és irodalom;közép;rendes;Nem;magyar;4;61;61;megjelent;21;4;20;13;1;2;61;-;-;-;-
2020;1;Szabolcs-Szatmár-Bereg;12;gimnázium;nő;nappali;magyar nyelv és irodalom;közép;rendes;Nem;magyar;3;40;40;megjelent;15;3;10;10;0;2;40;-;-;-;-
2020;1;Szabolcs-Szatmár-Bereg;12;szakgimnázium/szakközépiskola (2016.09.01-től kifutó rendszerben);férfi;nappali;magyar nyelv és irodalom;közép;rendes;Nem;magyar;4;69;69;megjelent;33;10;15;11;0;0;69;-;-;-;-
2020;1;Szabolcs-Szatmár-Bereg;12;gimnázium;férfi;nappali;magyar nyelv és irodalom;közép;rendes;Nem;magyar;5;80;80;megjelent;31;9;18;13;7;2;80;-;-;-;-
2020;1;Szabolcs-Szatmár-Bereg;12;gimnázium;nő;nappali;magyar nyelv és irodalom;közép;rendes;Nem;magyar;4;65;65;megjelent;27;0;18;10;8;2;65;-;-;-;-
2020;1;Szabolcs-Szatmár-Bereg;12;gimnázium;nő;nappali;magyar nyelv és irodalom;közép;rendes;Nem;magyar;3;54;54;megjelent;23;7;11;8;4;1;54;-;-;-;-
2020;1;Szabolcs-Szatmár-Bereg;12;gimnázium;nő;nappali;magyar nyelv és irodalom;közép;rendes;Nem;magyar;3;41;41;megjelent;24;0;9;5;1;2;41;-;-;-;-
2020;1;Szabolcs-Szatmár-Bereg;12;szakgimnázium/szakközépiskola (2016.09.01-től kifutó rendszerben);férfi;nappali;magyar nyelv és irodalom;közép;rendes;Nem;magyar;2;35;35;megjelent;20;0;6;7;0;2;35;-;-;-;-
2020;1;Szabolcs-Szatmár-Bereg;12;gimnázium;nő;nappali;magyar nyelv és irodalom;közép;rendes;Nem;magyar;5;82;82;megjelent;39;7;17;12;7;0;82;-;-;-;-
2020;1;Szabolcs-Szatmár-Bereg;12;gimnázium;nő;nappali;magyar nyelv és irodalom;közép;rendes;Nem;magyar;3;56;56;megjelent;22;6;16;10;0;2;56;-;-;-;-
2020;1;Szabolcs-Szatmár-Bereg;12;gimnázium;férfi;nappali;magyar nyelv és irodalom;közép;rendes;Nem;magyar;3;46;46;megjelent;24;3;7;5;6;1;46;-;-;-;-
2020;1;Szabolcs-Szatmár-Bereg;12;gimnázium;nő;nappali;magyar nyelv és irodalom;közép;rendes;Nem;magyar;3;42;42;megjelent;24;3;8;6;0;1;42;-;-;-;-
2020;1;Szabolcs-Szatmár-Bereg;12;gimnázium;nő;nappali;magyar nyelv és irodalom;közép;rendes;Nem;magyar;3;40;40;megjelent;20;5;7;6;0;2;40;-;-;-;-
2020;1;Szabolcs-Szatmár-Bereg;12;gimnázium;nő;nappali;magyar nyelv és irodalom;közép;rendes;Nem;magyar;3;49;49;megjelent;23;0;9;7;8;2;49;-;-;-;-
2020;1;Szabolcs-Szatmár-Bereg;12;gimnázium;nő;nappali;magyar nyelv és irodalom;közép;rendes;Nem;magyar;2;32;32;megjelent;17;3;5;6;0;1;32;-;-;-;-
2020;1;Szabolcs-Szatmár-Bereg;12;gimnázium;férfi;nappali;magyar nyelv és irodalom;közép;rendes;Nem;magyar;2;27;27;megjelent;20;0;4;3;0;0;27;-;-;-;-
2020;1;Szabolcs-Szatmár-Bereg;12;gimnázium;nő;nappali;magyar nyelv és irodalom;közép;rendes;Nem;magyar;4;66;66;megjelent;24;6;17;10;7;2;66;-;-;-;-
2020;1;Szabolcs-Szatmár-Bereg;12;gimnázium;férfi;nappali;magyar nyelv és irodalom;közép;rendes;Nem;magyar;4;68;68;megjelent;22;3;23;13;5;2;68;-;-;-;-
2020;1;Szabolcs-Szatmár-Bereg;12;gimnázium;nő;nappali;magyar nyelv és irodalom;közép;rendes;Nem;magyar;4;77;77;megjelent;27;8;23;14;3;2;77;-;-;-;-
2020;1;Szabolcs-Szatmár-Bereg;12;gimnázium;nő;nappali;magyar nyelv és irodalom;közép;rendes;Nem;magyar;3;49;49;megjelent;23;4;10;7;3;2;49;-;-;-;-
2020;1;Szabolcs-Szatmár-Bereg;12;gimnázium;férfi;nappali;magyar nyelv és irodalom;közép;rendes;Nem;magyar;3;41;62;megjelent;10;4;3;4;0;0;21;20;9;12;41
2020;1;Szabolcs-Szatmár-Bereg;12;gimnázium;férfi;nappali;magyar nyelv és irodalom;közép;rendes;Nem;magyar;2;28;42;megjelent;12;2;3;5;0;0;22;10;4;6;20
2020;1;Szabolcs-Szatmár-Bereg;12;gimnázium;férfi;nappali;magyar nyelv és irodalom;közép;rendes;Nem;magyar;2;25;38;megjelent;6;3;2;4;0;0;15;10;5;8;23
2020;1;Szabolcs-Szatmár-Bereg;12;gimnázium;nő;nappali;magyar nyelv és irodalom;közép;rendes;Nem;magyar;2;28;42;megjelent;8;3;2;3;0;0;16;11;7;8;26
2020;1;Szabolcs-Szatmár-Bereg;12;gimnázium;nő;nappali;magyar nyelv és irodalom;közép;rendes;Nem;magyar;2;26;39;megjelent;8;3;3;5;0;1;20;8;5;6;19
2020;1;Szabolcs-Szatmár-Bereg;12;gimnázium;férfi;nappali;magyar nyelv és irodalom;közép;előrehozott;Nem;magyar;2;25;38;megjelent;12;0;0;0;6;0;18;10;4;6;20
2020;1;Szabolcs-Szatmár-Bereg;12;szakgimnázium/szakközépiskola (2016.09.01-től kifutó rendszerben);nő;nappali;magyar nyelv és irodalom;közép;rendes;Nem;magyar;4;65;65;megjelent;31;5;17;8;2;2;65;-;-;-;-
2020;1;Szabolcs-Szatmár-Bereg;12;szakgimnázium/szakközépiskola (2016.09.01-től kifutó rendszerben);férfi;nappali;magyar nyelv és irodalom;közép;rendes;Nem;magyar;4;61;61;megjelent;24;7;15;11;2;2;61;-;-;-;-
2020;1;Szabolcs-Szatmár-Bereg;12;szakgimnázium/szakközépiskola (2016.09.01-től kifutó rendszerben);nő;nappali;magyar nyelv és irodalom;közép;rendes;Nem;magyar;1;10;10;megjelent;10;0;0;0;0;0;10;-;-;-;-
2020;1;Szabolcs-Szatmár-Bereg;12;szakgimnázium/szakközépiskola (2016.09.01-től kifutó rendszerben);férfi;nappali;magyar nyelv és irodalom;közép;rendes;Nem;magyar;3;46;46;megjelent;19;4;14;8;0;1;46;-;-;-;-
2020;1;Szabolcs-Szatmár-Bereg;12;szakgimnázium/szakközépiskola (2016.09.01-től kifutó rendszerben);férfi;nappali;magyar nyelv és irodalom;közép;rendes;Nem;magyar;3;42;42;megjelent;20;3;13;4;0;2;42;-;-;-;-
2020;1;Szabolcs-Szatmár-Bereg;12;szakgimnázium/szakközépiskola (2016.09.01-től kifutó rendszerben);férfi;nappali;magyar nyelv és irodalom;közép;rendes;Nem;magyar;2;29;29;megjelent;21;0;5;2;0;1;29;-;-;-;-
2020;1;Szabolcs-Szatmár-Bereg;12;szakgimnázium/szakközépiskola (2016.09.01-től kifutó rendszerben);férfi;nappali;magyar nyelv és irodalom;közép;rendes;Nem;magyar;3;44;44;megjelent;22;6;7;5;3;1;44;-;-;-;-
2020;1;Szabolcs-Szatmár-Bereg;12;szakgimnázium/szakközépiskola (2016.09.01-től kifutó rendszerben);férfi;nappali;magyar nyelv és irodalom;közép;rendes;Nem;magyar;3;48;48;megjelent;23;6;10;6;2;1;48;-;-;-;-
2020;1;Szabolcs-Szatmár-Bereg;12;szakgimnázium/szakközépiskola (2016.09.01-től kifutó rendszerben);nő;nappali;magyar nyelv és irodalom;közép;rendes;Nem;magyar;3;42;42;megjelent;17;7;10;6;0;2;42;-;-;-;-
2020;1;Szabolcs-Szatmár-Bereg;12;szakgimnázium/szakközépiskola (2016.09.01-től kifutó rendszerben);nő;nappali;magyar nyelv és irodalom;közép;rendes;Nem;magyar;2;27;27;megjelent;12;6;4;4;0;1;27;-;-;-;-
2020;1;Szabolcs-Szatmár-Bereg;12;szakgimnázium/szakközépiskola (2016.09.01-től kifutó rendszerben);nő;nappali;magyar nyelv és irodalom;közép;rendes;Nem;magyar;5;80;80;megjelent;33;8;19;11;7;2;80;-;-;-;-
2020;1;Szabolcs-Szatmár-Bereg;12;szakgimnázium/szakközépiskola (2016.09.01-től kifutó rendszerben);férfi;nappali;magyar nyelv és irodalom;közép;rendes;Nem;magyar;3;44;44;megjelent;21;5;10;5;2;1;44;-;-;-;-
2020;1;Szabolcs-Szatmár-Bereg;12;szakgimnázium/szakközépiskola (2016.09.01-től kifutó rendszerben);férfi;nappali;magyar nyelv és irodalom;közép;rendes;Nem;magyar;2;38;38;megjelent;15;6;10;5;0;2;38;-;-;-;-
2020;1;Szabolcs-Szatmár-Bereg;12;szakgimnázium/szakközépiskola (2016.09.01-től kifutó rendszerben);férfi;nappali;magyar nyelv és irodalom;közép;rendes;Nem;magyar;3;52;52;megjelent;24;7;15;6;0;0;52;-;-;-;-
2020;1;Szabolcs-Szatmár-Bereg;12;gimnázium;férfi;nappali;magyar nyelv és irodalom;közép;rendes;Nem;magyar;3;53;53;megjelent;23;4;10;7;8;1;53;-;-;-;-
2020;1;Szabolcs-Szatmár-Bereg;12;gimnázium;nő;nappali;magyar nyelv és irodalom;közép;rendes;Nem;magyar;3;49;49;megjelent;18;3;12;9;6;1;49;-;-;-;-
2020;1;Szabolcs-Szatmár-Bereg;12;szakgimnázium/szakközépiskola (2016.09.01-től kifutó rendszerben);nő;nappali;magyar nyelv és irodalom;közép;rendes;Nem;magyar;4;68;68;megjelent;24;9;15;12;7;1;68;-;-;-;-
2020;1;Szabolcs-Szatmár-Bereg;13;gimnázium;nő;nappali;magyar nyelv és irodalom;közép;rendes;Nem;magyar;5;88;88;megjelent;35;9;25;15;2;2;88;-;-;-;-
2020;1;Szabolcs-Szatmár-Bereg;12;szakgimnázium/szakközépiskola (2016.09.01-től kifutó rendszerben);nő;nappali;magyar nyelv és irodalom;közép;rendes;Nem;magyar;4;68;68;megjelent;30;6;16;8;6;2;68;-;-;-;-
2020;1;Szabolcs-Szatmár-Bereg;12;szakgimnázium/szakközépiskola (2016.09.01-től kifutó rendszerben);férfi;nappali;magyar nyelv és irodalom;közép;rendes;Nem;magyar;3;53;53;megjelent;19;7;10;9;7;1;53;-;-;-;-
2020;1;Szabolcs-Szatmár-Bereg;12;szakgimnázium/szakközépiskola (2016.09.01-től kifutó rendszerben);férfi;nappali;magyar nyelv és irodalom;közép;rendes;Nem;magyar;2;35;35;megjelent;16;5;9;5;0;0;35;-;-;-;-
2020;1;Szabolcs-Szatmár-Bereg;12;gimnázium;nő;nappali;magyar nyelv és irodalom;közép;előrehozott;Nem;magyar;2;33;50;megjelent;10;3;2;5;0;1;21;15;6;8;29
2020;1;Szabolcs-Szatmár-Bereg;12;szakgimnázium/szakközépiskola (2016.09.01-től kifutó rendszerben);nő;nappali;magyar nyelv és irodalom;közép;rendes;Nem;magyar;3;51;51;megjelent;18;6;14;9;2;2;51;-;-;-;-
2020;1;Szabolcs-Szatmár-Bereg;12;gimnázium;nő;nappali;magyar nyelv és irodalom;közép;rendes;Nem;magyar;3;41;41;megjelent;18;2;8;8;4;1;41;-;-;-;-
2020;1;Szabolcs-Szatmár-Bereg;12;gimnázium;nő;nappali;magyar nyelv és irodalom;közép;rendes;Nem;magyar;4;65;65;megjelent;24;8;15;11;6;1;65;-;-;-;-
2020;1;Szabolcs-Szatmár-Bereg;12;gimnázium;nő;nappali;magyar nyelv és irodalom;közép;rendes;Nem;magyar;2;32;32;megjelent;18;5;3;5;0;1;32;-;-;-;-
2020;1;Szabolcs-Szatmár-Bereg;12;szakgimnázium/szakközépiskola (2016.09.01-től kifutó rendszerben);férfi;nappali;magyar nyelv és irodalom;közép;rendes;Nem;magyar;2;33;33;megjelent;17;4;6;5;0;1;33;-;-;-;-
2020;1;Szabolcs-Szatmár-Bereg;12;szakgimnázium/szakközépiskola (2016.09.01-től kifutó rendszerben);nő;nappali;magyar nyelv és irodalom;közép;rendes;Nem;magyar;4;69;69;megjelent;22;7;20;13;6;1;69;-;-;-;-
2020;1;Szabolcs-Szatmár-Bereg;12;szakgimnázium/szakközépiskola (2016.09.01-től kifutó rendszerben);férfi;nappali;magyar nyelv és irodalom;közép;rendes;Nem;magyar;3;47;47;megjelent;23;5;10;8;0;1;47;-;-;-;-
2020;1;Szabolcs-Szatmár-Bereg;12;szakgimnázium/szakközépiskola (2016.09.01-től kifutó rendszerben);férfi;nappali;magyar nyelv és irodalom;közép;rendes;Nem;magyar;3;42;42;megjelent;19;6;8;8;0;1;42;-;-;-;-
2020;1;Szabolcs-Szatmár-Bereg;12;szakgimnázium/szakközépiskola (2016.09.01-től kifutó rendszerben);férfi;nappali;magyar nyelv és irodalom;közép;rendes;Nem;magyar;2;32;32;megjelent;17;5;5;5;0;0;32;-;-;-;-
2020;1;Szabolcs-Szatmár-Bereg;12;szakgimnázium/szakközépiskola (2016.09.01-től kifutó rendszerben);férfi;nappali;magyar nyelv és irodalom;közép;rendes;Nem;magyar;2;31;31;megjelent;13;8;6;4;0;0;31;-;-;-;-
2020;1;Szabolcs-Szatmár-Bereg;12;szakgimnázium/szakközépiskola (2016.09.01-től kifutó rendszerben);nő;nappali;magyar nyelv és irodalom;közép;rendes;Nem;magyar;3;51;51;megjelent;25;8;10;7;0;1;51;-;-;-;-
2020;1;Szabolcs-Szatmár-Bereg;12;szakgimnázium/szakközépiskola (2016.09.01-től kifutó rendszerben);férfi;nappali;magyar nyelv és irodalom;közép;rendes;Nem;magyar;3;45;45;megjelent;22;3;7;5;8;0;45;-;-;-;-
2020;1;Szabolcs-Szatmár-Bereg;12;szakgimnázium/szakközépiskola (2016.09.01-től kifutó rendszerben);férfi;nappali;magyar nyelv és irodalom;közép;rendes;Nem;magyar;2;34;34;megjelent;19;4;5;5;0;1;34;-;-;-;-
2020;1;Szabolcs-Szatmár-Bereg;12;szakgimnázium/szakközépiskola (2016.09.01-től kifutó rendszerben);férfi;nappali;magyar nyelv és irodalom;közép;rendes;Nem;magyar;3;41;41;megjelent;19;5;10;6;0;1;41;-;-;-;-
2020;1;Szabolcs-Szatmár-Bereg;12;szakgimnázium/szakközépiskola (2016.09.01-től kifutó rendszerben);nő;nappali;magyar nyelv és irodalom;közép;rendes;Nem;magyar;3;42;42;megjelent;20;5;9;6;1;1;42;-;-;-;-
2020;1;Szabolcs-Szatmár-Bereg;12;szakgimnázium/szakközépiskola (2016.09.01-től kifutó rendszerben);nő;nappali;magyar nyelv és irodalom;közép;rendes;Nem;magyar;4;65;65;megjelent;29;8;15;11;0;2;65;-;-;-;-
2020;1;Szabolcs-Szatmár-Bereg;12;szakgimnázium/szakközépiskola (2016.09.01-től kifutó rendszerben);nő;nappali;magyar nyelv és irodalom;közép;rendes;Nem;magyar;3;50;50;megjelent;23;6;12;9;0;0;50;-;-;-;-
2020;1;Szabolcs-Szatmár-Bereg;13;gimnázium;nő;nappali;magyar nyelv és irodalom;közép;rendes;Nem;magyar;5;89;89;megjelent;32;10;25;15;5;2;89;-;-;-;-
2020;1;Szabolcs-Szatmár-Bereg;12;gimnázium;nő;nappali;magyar nyelv és irodalom;közép;rendes;Nem;magyar;2;37;37;megjelent;13;3;10;9;0;2;37;-;-;-;-
2020;1;Szabolcs-Szatmár-Bereg;13;gimnázium;férfi;nappali;magyar nyelv és irodalom;közép;rendes;Nem;magyar;5;82;82;megjelent;34;9;21;15;1;2;82;-;-;-;-
2020;1;Szabolcs-Szatmár-Bereg;13;gimnázium;nő;nappali;magyar nyelv és irodalom;közép;rendes;Nem;magyar;4;72;72;megjelent;31;9;15;12;3;2;72;-;-;-;-
2020;1;Szabolcs-Szatmár-Bereg;13;gimnázium;nő;nappali;magyar nyelv és irodalom;közép;rendes;Nem;magyar;5;91;91;megjelent;35;9;24;14;7;2;91;-;-;-;-
2020;1;Szabolcs-Szatmár-Bereg;12;szakgimnázium/szakközépiskola (2016.09.01-től kifutó rendszerben);nő;nappali;magyar nyelv és irodalom;közép;rendes;Igen;magyar;5;80;40;megjelent;-;-;-;-;-;-;-;20;10;10;40
2020;1;Szabolcs-Szatmár-Bereg;12;szakgimnázium/szakközépiskola (2016.09.01-től kifutó rendszerben);nő;nappali;magyar nyelv és irodalom;közép;rendes;Nem;magyar;3;49;49;megjelent;28;7;6;5;2;1;49;-;-;-;-
2020;1;Szabolcs-Szatmár-Bereg;13;gimnázium;nő;nappali;magyar nyelv és irodalom;közép;rendes;Nem;magyar;5;92;92;megjelent;36;9;24;15;6;2;92;-;-;-;-
2020;1;Szabolcs-Szatmár-Bereg;12;szakgimnázium/szakközépiskola (2016.09.01-től kifutó rendszerben);nő;nappali;magyar nyelv és irodalom;közép;rendes;Nem;magyar;4;69;69;megjelent;29;8;14;10;6;2;69;-;-;-;-
2020;1;Szabolcs-Szatmár-Bereg;13;gimnázium;nő;nappali;magyar nyelv és irodalom;közép;rendes;Nem;magyar;5;83;83;megjelent;30;9;21;15;6;2;83;-;-;-;-
2020;1;Szabolcs-Szatmár-Bereg;12;szakgimnázium/szakközépiskola (2016.09.01-től kifutó rendszerben);nő;nappali;magyar nyelv és irodalom;közép;rendes;Nem;magyar;3;50;50;megjelent;20;6;8;8;6;2;50;-;-;-;-
2020;1;Szabolcs-Szatmár-Bereg;12;gimnázium;nő;nappali;magyar nyelv és irodalom;közép;rendes;Nem;magyar;3;57;57;megjelent;21;8;16;10;0;2;57;-;-;-;-
2020;1;Szabolcs-Szatmár-Bereg;12;gimnázium;nő;nappali;magyar nyelv és irodalom;közép;rendes;Nem;magyar;3;44;44;megjelent;16;6;6;8;6;2;44;-;-;-;-
2020;1;Szabolcs-Szatmár-Bereg;12;szakgimnázium/szakközépiskola (2016.09.01-től kifutó rendszerben);férfi;nappali;magyar nyelv és irodalom;közép;rendes;Nem;magyar;3;46;46;megjelent;29;5;6;5;0;1;46;-;-;-;-
2020;1;Szabolcs-Szatmár-Bereg;12;gimnázium;nő;nappali;magyar nyelv és irodalom;közép;rendes;Nem;magyar;4;72;72;megjelent;27;9;20;12;3;1;72;-;-;-;-
2020;1;Szabolcs-Szatmár-Bereg;12;gimnázium;nő;nappali;magyar nyelv és irodalom;közép;rendes;Nem;magyar;2;39;39;megjelent;26;3;4;6;0;0;39;-;-;-;-
2020;1;Szabolcs-Szatmár-Bereg;12;szakgimnázium/szakközépiskola (2016.09.01-től kifutó rendszerben);nő;nappali;magyar nyelv és irodalom;közép;rendes;Nem;magyar;5;86;86;megjelent;37;10;19;14;4;2;86;-;-;-;-
2020;1;Szabolcs-Szatmár-Bereg;12;szakgimnázium/szakközépiskola (2016.09.01-től kifutó rendszerben);férfi;nappali;magyar nyelv és irodalom;közép;rendes;Nem;magyar;5;82;82;megjelent;32;10;18;15;5;2;82;-;-;-;-
2020;1;Szabolcs-Szatmár-Bereg;12;szakgimnázium/szakközépiskola (2016.09.01-től kifutó rendszerben);nő;nappali;magyar nyelv és irodalom;közép;rendes;Nem;magyar;2;33;33;megjelent;20;0;5;6;0;2;33;-;-;-;-
2020;1;Szabolcs-Szatmár-Bereg;12;szakgimnázium/szakközépiskola (2016.09.01-től kifutó rendszerben);nő;nappali;magyar nyelv és irodalom;közép;rendes;Nem;magyar;3;47;47;megjelent;27;3;8;7;0;2;47;-;-;-;-
2020;1;Szabolcs-Szatmár-Bereg;12;szakgimnázium/szakközépiskola (2016.09.01-től kifutó rendszerben);férfi;nappali;magyar nyelv és irodalom;közép;rendes;Nem;magyar;3;44;44;megjelent;22;6;5;7;2;2;44;-;-;-;-
2020;1;Szabolcs-Szatmár-Bereg;12;szakgimnázium/szakközépiskola (2016.09.01-től kifutó rendszerben);férfi;nappali;magyar nyelv és irodalom;közép;rendes;Nem;magyar;3;48;48;megjelent;27;8;5;7;0;1;48;-;-;-;-
2020;1;Szabolcs-Szatmár-Bereg;12;gimnázium;férfi;nappali;magyar nyelv és irodalom;közép;rendes;Igen;magyar;5;86;43;megjelent;-;-;-;-;-;-;-;23;8;12;43
2020;1;Szabolcs-Szatmár-Bereg;12;gimnázium;nő;nappali;magyar nyelv és irodalom;közép;rendes;Nem;magyar;5;97;97;megjelent;37;10;25;15;8;2;97;-;-;-;-
2020;1;Szabolcs-Szatmár-Bereg;12;gimnázium;nő;nappali;magyar nyelv és irodalom;közép;rendes;Nem;magyar;5;92;92;megjelent;35;10;22;15;8;2;92;-;-;-;-
2020;1;Szabolcs-Szatmár-Bereg;12;gimnázium;nő;nappali;magyar nyelv és irodalom;közép;rendes;Nem;magyar;5;97;97;megjelent;37;10;25;15;8;2;97;-;-;-;-
2020;1;Szabolcs-Szatmár-Bereg;12;gimnázium;nő;nappali;magyar nyelv és irodalom;közép;rendes;Nem;magyar;5;88;88;megjelent;36;10;20;13;7;2;88;-;-;-;-
2020;1;Szabolcs-Szatmár-Bereg;12;gimnázium;férfi;nappali;magyar nyelv és irodalom;közép;rendes;Nem;magyar;4;66;66;megjelent;31;9;12;10;2;2;66;-;-;-;-
2020;1;Szabolcs-Szatmár-Bereg;12;gimnázium;férfi;nappali;magyar nyelv és irodalom;közép;rendes;Nem;magyar;4;62;62;megjelent;30;7;14;10;0;1;62;-;-;-;-
2020;1;Szabolcs-Szatmár-Bereg;12;gimnázium;férfi;nappali;magyar nyelv és irodalom;közép;rendes;Nem;magyar;3;51;51;megjelent;30;5;5;10;1;0;51;-;-;-;-
2020;1;Szabolcs-Szatmár-Bereg;12;gimnázium;nő;nappali;magyar nyelv és irodalom;közép;rendes;Nem;magyar;5;97;97;megjelent;38;10;25;15;7;2;97;-;-;-;-
2020;1;Szabolcs-Szatmár-Bereg;12;gimnázium;nő;nappali;magyar nyelv és irodalom;közép;rendes;Nem;magyar;3;52;52;megjelent;21;8;10;8;3;2;52;-;-;-;-
2020;1;Szabolcs-Szatmár-Bereg;12;gimnázium;férfi;nappali;magyar nyelv és irodalom;közép;rendes;Nem;magyar;3;50;50;megjelent;27;8;3;10;0;2;50;-;-;-;-
2020;1;Szabolcs-Szatmár-Bereg;12;gimnázium;nő;nappali;magyar nyelv és irodalom;közép;rendes;Nem;magyar;4;60;60;megjelent;24;5;13;11;5;2;60;-;-;-;-
2020;1;Szabolcs-Szatmár-Bereg;12;gimnázium;férfi;nappali;magyar nyelv és irodalom;közép;rendes;Igen;magyar;3;52;48;megjelent;24;8;6;10;0;0;48;-;-;-;-
2020;1;Szabolcs-Szatmár-Bereg;12;gimnázium;férfi;nappali;magyar nyelv és irodalom;közép;rendes;Nem;magyar;5;92;92;megjelent;35;10;22;15;8;2;92;-;-;-;-
2020;1;Szabolcs-Szatmár-Bereg;12;gimnázium;férfi;nappali;magyar nyelv és irodalom;közép;rendes;Igen;magyar;5;84;76;megjelent;34;10;19;13;0;0;76;-;-;-;-
2020;1;Szabolcs-Szatmár-Bereg;12;gimnázium;férfi;nappali;magyar nyelv és irodalom;közép;rendes;Nem;magyar;4;69;69;megjelent;30;8;18;11;0;2;69;-;-;-;-
2020;1;Szabolcs-Szatmár-Bereg;12;gimnázium;nő;nappali;magyar nyelv és irodalom;közép;rendes;Nem;magyar;5;85;85;megjelent;35;9;24;13;2;2;85;-;-;-;-
2020;1;Szabolcs-Szatmár-Bereg;12;szakgimnázium/szakközépiskola (2016.09.01-től kifutó rendszerben);nő;nappali;magyar nyelv és irodalom;közép;rendes;Nem;magyar;3;51;51;megjelent;17;5;12;9;8;0;51;-;-;-;-
2020;1;Szabolcs-Szatmár-Bereg;12;szakgimnázium/szakközépiskola (2016.09.01-től kifutó rendszerben);nő;nappali;magyar nyelv és irodalom;közép;rendes;Nem;magyar;2;32;32;megjelent;9;4;8;6;3;2;32;-;-;-;-
2020;1;Szabolcs-Szatmár-Bereg;12;gimnázium;férfi;nappali;magyar nyelv és irodalom;közép;rendes;Igen;magyar;4;62;31;megjelent;-;-;-;-;-;-;-;19;2;10;31
2020;1;Szabolcs-Szatmár-Bereg;12;szakgimnázium/szakközépiskola (2016.09.01-től kifutó rendszerben);férfi;nappali;magyar nyelv és irodalom;közép;rendes;Nem;magyar;2;35;35;megjelent;17;5;6;5;0;2;35;-;-;-;-
2020;1;Szabolcs-Szatmár-Bereg;12;gimnázium;nő;nappali;magyar nyelv és irodalom;közép;rendes;Nem;magyar;5;96;96;megjelent;36;10;25;15;8;2;96;-;-;-;-
2020;1;Szabolcs-Szatmár-Bereg;12;gimnázium;nő;nappali;magyar nyelv és irodalom;közép;rendes;Nem;magyar;5;95;95;megjelent;37;10;25;13;8;2;95;-;-;-;-
2020;1;Szabolcs-Szatmár-Bereg;12;szakgimnázium/szakközépiskola (2016.09.01-től kifutó rendszerben);férfi;nappali;magyar nyelv és irodalom;közép;rendes;Nem;magyar;3;52;52;megjelent;19;8;11;10;2;2;52;-;-;-;-
2020;1;Szabolcs-Szatmár-Bereg;12;szakgimnázium/szakközépiskola (2016.09.01-től kifutó rendszerben);férfi;nappali;magyar nyelv és irodalom;közép;előrehozott;Nem;magyar;2;37;37;megjelent;19;5;8;4;0;1;37;-;-;-;-
2020;1;Szabolcs-Szatmár-Bereg;12;szakgimnázium/szakközépiskola (2016.09.01-től kifutó rendszerben);férfi;nappali;magyar nyelv és irodalom;közép;rendes;Nem;magyar;3;49;49;megjelent;21;7;12;8;0;1;49;-;-;-;-
2020;1;Szabolcs-Szatmár-Bereg;13;szakközép;férfi;nappali;magyar nyelv és irodalom;közép;rendes;Nem;magyar;2;25;25;megjelent;19;0;3;3;0;0;25;-;-;-;-
2020;1;Szabolcs-Szatmár-Bereg;12;szakgimnázium/szakközépiskola (2016.09.01-től kifutó rendszerben);férfi;nappali;magyar nyelv és irodalom;közép;rendes;Nem;magyar;3;54;54;megjelent;24;8;10;7;3;2;54;-;-;-;-
2020;1;Szabolcs-Szatmár-Bereg;13;szakközép;férfi;nappali;magyar nyelv és irodalom;közép;rendes;Nem;magyar;2;25;25;megjelent;10;0;8;7;0;0;25;-;-;-;-
2020;1;Szabolcs-Szatmár-Bereg;12;szakgimnázium/szakközépiskola (2016.09.01-től kifutó rendszerben);férfi;nappali;magyar nyelv és irodalom;közép;rendes;Nem;magyar;4;72;72;megjelent;30;9;17;11;3;2;72;-;-;-;-
2020;1;Szabolcs-Szatmár-Bereg;12;gimnázium;nő;nappali;magyar nyelv és irodalom;közép;rendes;Nem;magyar;5;97;97;megjelent;37;10;25;15;8;2;97;-;-;-;-
2020;1;Szabolcs-Szatmár-Bereg;12;szakgimnázium/szakközépiskola (2016.09.01-től kifutó rendszerben);férfi;nappali;magyar nyelv és irodalom;közép;rendes;Nem;magyar;3;44;44;megjelent;22;7;7;6;0;2;44;-;-;-;-
2020;1;Szabolcs-Szatmár-Bereg;12;szakgimnázium/szakközépiskola (2016.09.01-től kifutó rendszerben);férfi;nappali;magyar nyelv és irodalom;közép;rendes;Nem;magyar;3;49;49;megjelent;23;7;10;7;0;2;49;-;-;-;-
2020;1;Szabolcs-Szatmár-Bereg;12;szakgimnázium/szakközépiskola (2016.09.01-től kifutó rendszerben);férfi;nappali;magyar nyelv és irodalom;közép;rendes;Igen;magyar;4;66;33;megjelent;-;-;-;-;-;-;-;15;8;10;33
2020;1;Szabolcs-Szatmár-Bereg;12;szakgimnázium/szakközépiskola (2016.09.01-től kifutó rendszerben);férfi;nappali;magyar nyelv és irodalom;közép;rendes;Igen;magyar;4;66;33;megjelent;-;-;-;-;-;-;-;15;8;10;33
2020;1;Szabolcs-Szatmár-Bereg;12;szakgimnázium/szakközépiskola (2016.09.01-től kifutó rendszerben);férfi;nappali;magyar nyelv és irodalom;közép;rendes;Nem;magyar;2;35;35;megjelent;14;5;8;7;0;1;35;-;-;-;-
2020;1;Szabolcs-Szatmár-Bereg;12;szakgimnázium/szakközépiskola (2016.09.01-től kifutó rendszerben);férfi;nappali;magyar nyelv és irodalom;közép;rendes;Igen;magyar;4;62;31;megjelent;-;-;-;-;-;-;-;14;8;9;31
2020;1;Szabolcs-Szatmár-Bereg;13;gimnázium;férfi;nappali;magyar nyelv és irodalom;közép;rendes;Igen;magyar;5;90;45;megjelent;-;-;-;-;-;-;-;25;9;11;45
2020;1;Szabolcs-Szatmár-Bereg;13;gimnázium;férfi;nappali;magyar nyelv és irodalom;közép;rendes;Igen;magyar;5;90;90;megjelent;33;9;25;13;8;2;90;-;-;-;-
2020;1;Szabolcs-Szatmár-Bereg;13;gimnázium;nő;nappali;magyar nyelv és irodalom;közép;rendes;Igen;magyar;4;66;33;megjelent;-;-;-;-;-;-;-;19;5;9;33
2020;1;Szabolcs-Szatmár-Bereg;12;szakgimnázium/szakközépiskola (2016.09.01-től kifutó rendszerben);nő;nappali;magyar nyelv és irodalom;közép;rendes;Nem;magyar;2;31;47;megjelent;16;3;0;0;0;2;21;12;4;10;26
2020;1;Szabolcs-Szatmár-Bereg;12;szakgimnázium/szakközépiskola (2016.09.01-től kifutó rendszerben);nő;nappali;magyar nyelv és irodalom;közép;rendes;Nem;magyar;4;62;62;megjelent;31;6;14;10;0;1;62;-;-;-;-
2020;1;Szabolcs-Szatmár-Bereg;12;szakgimnázium/szakközépiskola (2016.09.01-től kifutó rendszerben);nő;nappali;magyar nyelv és irodalom;közép;rendes;Nem;magyar;3;51;51;megjelent;24;8;10;7;0;2;51;-;-;-;-
2020;1;Szabolcs-Szatmár-Bereg;12;szakgimnázium/szakközépiskola (2016.09.01-től kifutó rendszerben);férfi;nappali;magyar nyelv és irodalom;közép;rendes;Nem;magyar;2;25;25;megjelent;11;4;6;4;0;0;25;-;-;-;-
2020;1;Szabolcs-Szatmár-Bereg;12;szakgimnázium/szakközépiskola (2016.09.01-től kifutó rendszerben);nő;nappali;magyar nyelv és irodalom;közép;rendes;Nem;magyar;3;43;43;megjelent;20;5;11;7;0;0;43;-;-;-;-
2020;1;Szabolcs-Szatmár-Bereg;12;szakgimnázium/szakközépiskola (2016.09.01-től kifutó rendszerben);férfi;nappali;magyar nyelv és irodalom;közép;rendes;Nem;magyar;2;27;27;megjelent;15;4;5;3;0;0;27;-;-;-;-
2020;1;Szabolcs-Szatmár-Bereg;12;gimnázium;nő;nappali;magyar nyelv és irodalom;közép;rendes;Nem;magyar;5;83;83;megjelent;33;10;23;15;0;2;83;-;-;-;-
2020;1;Szabolcs-Szatmár-Bereg;12;gimnázium;férfi;nappali;magyar nyelv és irodalom;közép;rendes;Nem;magyar;4;61;61;megjelent;33;9;9;8;0;2;61;-;-;-;-
2020;1;Szabolcs-Szatmár-Bereg;12;gimnázium;férfi;nappali;magyar nyelv és irodalom;közép;rendes;Nem;magyar;4;78;78;megjelent;32;9;21;10;4;2;78;-;-;-;-
2020;1;Szabolcs-Szatmár-Bereg;12;gimnázium;nő;nappali;magyar nyelv és irodalom;közép;rendes;Nem;magyar;2;38;38;megjelent;19;7;6;5;0;1;38;-;-;-;-
2020;1;Szabolcs-Szatmár-Bereg;12;gimnázium;nő;nappali;magyar nyelv és irodalom;közép;rendes;Nem;magyar;4;65;65;megjelent;27;8;16;12;0;2;65;-;-;-;-
2020;1;Szabolcs-Szatmár-Bereg;12;gimnázium;nő;nappali;magyar nyelv és irodalom;közép;rendes;Nem;magyar;4;65;65;megjelent;28;8;12;10;5;2;65;-;-;-;-
2020;1;Szabolcs-Szatmár-Bereg;12;gimnázium;nő;nappali;magyar nyelv és irodalom;közép;rendes;Nem;magyar;3;55;55;megjelent;23;6;14;10;1;1;55;-;-;-;-
2020;1;Szabolcs-Szatmár-Bereg;12;szakgimnázium/szakközépiskola (2016.09.01-től kifutó rendszerben);férfi;nappali;magyar nyelv és irodalom;közép;rendes;Igen;magyar;4;66;60;megjelent;27;7;16;10;0;0;60;-;-;-;-
2020;1;Szabolcs-Szatmár-Bereg;13;szakközép;férfi;nappali;magyar nyelv és irodalom;közép;rendes;Nem;magyar;2;38;38;megjelent;32;0;3;3;0;0;38;-;-;-;-
2020;1;Szabolcs-Szatmár-Bereg;13;szakközép;férfi;nappali;magyar nyelv és irodalom;közép;rendes;Nem;magyar;2;38;38;megjelent;27;0;4;7;0;0;38;-;-;-;-
2020;1;Szabolcs-Szatmár-Bereg;13;szakközép;nő;nappali;magyar nyelv és irodalom;közép;rendes;Nem;magyar;2;25;25;megjelent;13;0;8;4;0;0;25;-;-;-;-
2020;1;Szabolcs-Szatmár-Bereg;13;szakközép;férfi;nappali;magyar nyelv és irodalom;közép;rendes;Nem;magyar;4;60;60;megjelent;31;9;10;8;0;2;60;-;-;-;-
2020;1;Szabolcs-Szatmár-Bereg;12;szakgimnázium/szakközépiskola (2016.09.01-től kifutó rendszerben);nő;nappali;magyar nyelv és irodalom;közép;rendes;Nem;magyar;4;60;60;megjelent;27;7;11;7;6;2;60;-;-;-;-
2020;1;Szabolcs-Szatmár-Bereg;12;szakgimnázium/szakközépiskola (2016.09.01-től kifutó rendszerben);nő;nappali;magyar nyelv és irodalom;közép;rendes;Nem;magyar;4;60;60;megjelent;22;9;13;7;7;2;60;-;-;-;-
2020;1;Szabolcs-Szatmár-Bereg;12;szakgimnázium/szakközépiskola (2016.09.01-től kifutó rendszerben);férfi;nappali;magyar nyelv és irodalom;közép;rendes;Nem;magyar;4;69;69;megjelent;31;9;15;10;2;2;69;-;-;-;-
2020;1;Szabolcs-Szatmár-Bereg;12;gimnázium;nő;nappali;magyar nyelv és irodalom;közép;rendes;Igen;magyar;4;64;32;megjelent;-;-;-;-;-;-;-;12;8;12;32
2020;1;Szabolcs-Szatmár-Bereg;12;szakgimnázium/szakközépiskola (2016.09.01-től kifutó rendszerben);nő;nappali;magyar nyelv és irodalom;közép;rendes;Nem;magyar;3;51;51;megjelent;18;7;10;7;7;2;51;-;-;-;-
2020;1;Szabolcs-Szatmár-Bereg;12;szakgimnázium/szakközépiskola (2016.09.01-től kifutó rendszerben);nő;nappali;magyar nyelv és irodalom;közép;rendes;Nem;magyar;3;45;45;megjelent;14;6;9;8;6;2;45;-;-;-;-
2020;1;Szabolcs-Szatmár-Bereg;12;szakgimnázium/szakközépiskola (2016.09.01-től kifutó rendszerben);nő;nappali;magyar nyelv és irodalom;közép;rendes;Nem;magyar;2;25;25;megjelent;13;6;2;2;0;2;25;-;-;-;-
2020;1;Szabolcs-Szatmár-Bereg;12;szakgimnázium/szakközépiskola (2016.09.01-től kifutó rendszerben);nő;nappali;magyar nyelv és irodalom;közép;rendes;Nem;magyar;3;49;49;megjelent;24;6;11;8;0;0;49;-;-;-;-
2020;1;Szabolcs-Szatmár-Bereg;12;szakgimnázium/szakközépiskola (2016.09.01-től kifutó rendszerben);nő;nappali;magyar nyelv és irodalom;közép;rendes;Nem;magyar;3;53;53;megjelent;23;6;13;9;2;0;53;-;-;-;-
2020;1;Szabolcs-Szatmár-Bereg;12;szakgimnázium/szakközépiskola (2016.09.01-től kifutó rendszerben);férfi;nappali;magyar nyelv és irodalom;közép;rendes;Nem;magyar;3;43;43;megjelent;24;0;10;4;5;0;43;-;-;-;-
2020;1;Szabolcs-Szatmár-Bereg;12;szakgimnázium/szakközépiskola (2016.09.01-től kifutó rendszerben);nő;nappali;magyar nyelv és irodalom;közép;rendes;Nem;magyar;4;60;60;megjelent;24;5;18;12;0;1;60;-;-;-;-
2020;1;Szabolcs-Szatmár-Bereg;12;szakgimnázium/szakközépiskola (2016.09.01-től kifutó rendszerben);férfi;nappali;magyar nyelv és irodalom;közép;rendes;Nem;magyar;3;43;43;megjelent;29;5;5;4;0;0;43;-;-;-;-
2020;1;Szabolcs-Szatmár-Bereg;12;szakgimnázium/szakközépiskola (2016.09.01-től kifutó rendszerben);férfi;nappali;magyar nyelv és irodalom;közép;rendes;Nem;magyar;3;45;45;megjelent;24;4;12;5;0;0;45;-;-;-;-
2020;1;Szabolcs-Szatmár-Bereg;12;szakgimnázium/szakközépiskola (2016.09.01-től kifutó rendszerben);férfi;nappali;magyar nyelv és irodalom;közép;rendes;Nem;magyar;3;56;56;megjelent;22;8;17;9;0;0;56;-;-;-;-
2020;1;Szabolcs-Szatmár-Bereg;12;szakgimnázium/szakközépiskola (2016.09.01-től kifutó rendszerben);nő;nappali;magyar nyelv és irodalom;közép;rendes;Nem;magyar;2;31;31;megjelent;16;5;6;4;0;0;31;-;-;-;-
2020;1;Szabolcs-Szatmár-Bereg;12;szakgimnázium/szakközépiskola (2016.09.01-től kifutó rendszerben);férfi;nappali;magyar nyelv és irodalom;közép;rendes;Nem;magyar;3;58;58;megjelent;26;6;16;10;0;0;58;-;-;-;-
2020;1;Szabolcs-Szatmár-Bereg;12;szakgimnázium/szakközépiskola (2016.09.01-től kifutó rendszerben);férfi;nappali;magyar nyelv és irodalom;közép;rendes;Nem;magyar;2;38;38;megjelent;26;4;4;4;0;0;38;-;-;-;-
2020;1;Szabolcs-Szatmár-Bereg;12;szakgimnázium/szakközépiskola (2016.09.01-től kifutó rendszerben);nő;nappali;magyar nyelv és irodalom;közép;rendes;Nem;magyar;4;60;60;megjelent;24;6;18;10;0;2;60;-;-;-;-
2020;1;Szabolcs-Szatmár-Bereg;12;szakgimnázium/szakközépiskola (2016.09.01-től kifutó rendszerben);nő;nappali;magyar nyelv és irodalom;közép;rendes;Nem;magyar;4;62;62;megjelent;28;7;18;9;0;0;62;-;-;-;-
2020;1;Szabolcs-Szatmár-Bereg;12;szakgimnázium/szakközépiskola (2016.09.01-től kifutó rendszerben);férfi;nappali;magyar nyelv és irodalom;közép;rendes;Nem;magyar;3;44;44;megjelent;19;7;10;8;0;0;44;-;-;-;-
2020;1;Szabolcs-Szatmár-Bereg;12;szakgimnázium/szakközépiskola (2016.09.01-től kifutó rendszerben);nő;nappali;magyar nyelv és irodalom;közép;rendes;Nem;magyar;2;26;39;megjelent;8;5;0;0;0;1;14;10;5;10;25
2020;1;Szabolcs-Szatmár-Bereg;12;szakgimnázium/szakközépiskola (2016.09.01-től kifutó rendszerben);nő;nappali;magyar nyelv és irodalom;közép;rendes;Nem;magyar;4;63;63;megjelent;29;6;18;10;0;0;63;-;-;-;-
2020;1;Szabolcs-Szatmár-Bereg;12;szakgimnázium/szakközépiskola (2016.09.01-től kifutó rendszerben);nő;nappali;magyar nyelv és irodalom;közép;rendes;Nem;magyar;4;72;72;megjelent;24;7;19;12;8;2;72;-;-;-;-
2020;1;Szabolcs-Szatmár-Bereg;12;szakgimnázium/szakközépiskola (2016.09.01-től kifutó rendszerben);nő;nappali;magyar nyelv és irodalom;közép;rendes;Nem;magyar;4;69;69;megjelent;25;9;19;14;0;2;69;-;-;-;-
2020;1;Szabolcs-Szatmár-Bereg;12;szakgimnázium/szakközépiskola (2016.09.01-től kifutó rendszerben);nő;nappali;magyar nyelv és irodalom;közép;rendes;Nem;magyar;3;41;41;megjelent;16;7;9;7;0;2;41;-;-;-;-
2020;1;Szabolcs-Szatmár-Bereg;12;szakgimnázium/szakközépiskola (2016.09.01-től kifutó rendszerben);nő;nappali;magyar nyelv és irodalom;közép;rendes;Nem;magyar;2;29;29;megjelent;12;4;8;4;0;1;29;-;-;-;-
2020;1;Szabolcs-Szatmár-Bereg;12;szakgimnázium/szakközépiskola (2016.09.01-től kifutó rendszerben);férfi;nappali;magyar nyelv és irodalom;közép;rendes;Nem;magyar;3;40;40;megjelent;22;3;8;6;1;0;40;-;-;-;-
2020;1;Szabolcs-Szatmár-Bereg;12;szakgimnázium/szakközépiskola (2016.09.01-től kifutó rendszerben);nő;nappali;magyar nyelv és irodalom;közép;rendes;Nem;magyar;4;65;65;megjelent;24;5;17;13;4;2;65;-;-;-;-
2020;1;Szabolcs-Szatmár-Bereg;12;gimnázium;férfi;nappali;magyar nyelv és irodalom;közép;rendes;Nem;magyar;5;82;82;megjelent;33;8;20;11;8;2;82;-;-;-;-
2020;1;Szabolcs-Szatmár-Bereg;12;szakgimnázium/szakközépiskola (2016.09.01-től kifutó rendszerben);nő;nappali;magyar nyelv és irodalom;közép;rendes;Nem;magyar;5;80;80;megjelent;29;10;25;14;0;2;80;-;-;-;-
2020;1;Szabolcs-Szatmár-Bereg;12;szakgimnázium/szakközépiskola (2016.09.01-től kifutó rendszerben);nő;nappali;magyar nyelv és irodalom;közép;rendes;Nem;magyar;2;29;29;megjelent;18;6;1;2;0;2;29;-;-;-;-
2020;1;Szabolcs-Szatmár-Bereg;12;szakgimnázium/szakközépiskola (2016.09.01-től kifutó rendszerben);nő;nappali;magyar nyelv és irodalom;közép;rendes;Nem;magyar;3;40;40;megjelent;15;6;8;6;3;2;40;-;-;-;-
2020;1;Szabolcs-Szatmár-Bereg;12;szakgimnázium/szakközépiskola (2016.09.01-től kifutó rendszerben);nő;nappali;magyar nyelv és irodalom;közép;rendes;Nem;magyar;3;44;44;megjelent;19;6;9;8;0;2;44;-;-;-;-
2020;1;Szabolcs-Szatmár-Bereg;12;szakgimnázium/szakközépiskola (2016.09.01-től kifutó rendszerben);férfi;nappali;magyar nyelv és irodalom;közép;rendes;Nem;magyar;3;42;42;megjelent;24;6;5;7;0;0;42;-;-;-;-
2020;1;Szabolcs-Szatmár-Bereg;12;szakgimnázium/szakközépiskola (2016.09.01-től kifutó rendszerben);nő;nappali;magyar nyelv és irodalom;közép;rendes;Nem;magyar;2;31;31;megjelent;17;6;5;3;0;0;31;-;-;-;-
2020;1;Szabolcs-Szatmár-Bereg;12;szakgimnázium/szakközépiskola (2016.09.01-től kifutó rendszerben);nő;nappali;magyar nyelv és irodalom;közép;rendes;Nem;magyar;4;66;66;megjelent;32;9;15;10;0;0;66;-;-;-;-
2020;1;Szabolcs-Szatmár-Bereg;12;szakgimnázium/szakközépiskola (2016.09.01-től kifutó rendszerben);férfi;nappali;magyar nyelv és irodalom;közép;rendes;Nem;magyar;2;31;31;megjelent;25;0;3;3;0;0;31;-;-;-;-
2020;1;Szabolcs-Szatmár-Bereg;12;szakgimnázium/szakközépiskola (2016.09.01-től kifutó rendszerben);férfi;nappali;magyar nyelv és irodalom;közép;rendes;Nem;magyar;2;37;37;megjelent;22;3;7;5;0;0;37;-;-;-;-
2020;1;Szabolcs-Szatmár-Bereg;12;gimnázium;férfi;nappali;magyar nyelv és irodalom;közép;előrehozott;Nem;magyar;2;26;40;megjelent;7;4;2;3;0;0;16;11;5;8;24
2020;1;Szabolcs-Szatmár-Bereg;13;szakközép;nő;nappali;magyar nyelv és irodalom;közép;rendes;Nem;magyar;2;28;28;megjelent;14;0;8;6;0;0;28;-;-;-;-
2020;1;Szabolcs-Szatmár-Bereg;13;szakközép;nő;nappali;magyar nyelv és irodalom;közép;rendes;Nem;magyar;3;56;56;megjelent;30;10;6;8;0;2;56;-;-;-;-
2020;1;Szabolcs-Szatmár-Bereg;13;szakközép;férfi;nappali;magyar nyelv és irodalom;közép;rendes;Nem;magyar;3;51;51;megjelent;16;10;14;9;0;2;51;-;-;-;-
2020;1;Szabolcs-Szatmár-Bereg;13;szakközép;férfi;nappali;magyar nyelv és irodalom;közép;rendes;Nem;magyar;2;29;29;megjelent;12;4;6;4;1;2;29;-;-;-;-
2020;1;Szabolcs-Szatmár-Bereg;13;szakközép;nő;nappali;magyar nyelv és irodalom;közép;rendes;Nem;magyar;3;41;41;megjelent;20;0;12;9;0;0;41;-;-;-;-
2020;1;Szabolcs-Szatmár-Bereg;13;szakközép;nő;nappali;magyar nyelv és irodalom;közép;rendes;Nem;magyar;3;56;56;megjelent;23;10;12;9;0;2;56;-;-;-;-
2020;1;Szabolcs-Szatmár-Bereg;13;szakközép;férfi;nappali;magyar nyelv és irodalom;közép;rendes;Nem;magyar;5;80;80;megjelent;24;10;21;15;8;2;80;-;-;-;-
2020;1;Szabolcs-Szatmár-Bereg;13;szakközép;nő;nappali;magyar nyelv és irodalom;közép;rendes;Nem;magyar;3;46;46;megjelent;22;4;9;9;0;2;46;-;-;-;-
2020;1;Szabolcs-Szatmár-Bereg;12;gimnázium;nő;nappali;magyar nyelv és irodalom;közép;rendes;Nem;magyar;5;98;98;megjelent;40;10;25;15;6;2;98;-;-;-;-
2020;1;Szabolcs-Szatmár-Bereg;13;szakközép;nő;nappali;magyar nyelv és irodalom;közép;rendes;Igen;magyar;4;64;32;megjelent;-;-;-;-;-;-;-;16;6;10;32
2020;1;Szabolcs-Szatmár-Bereg;12;szakgimnázium/szakközépiskola (2016.09.01-től kifutó rendszerben);férfi;nappali;magyar nyelv és irodalom;közép;rendes;Nem;magyar;2;30;30;megjelent;14;4;6;5;0;1;30;-;-;-;-
2020;1;Szabolcs-Szatmár-Bereg;12;gimnázium;férfi;nappali;magyar nyelv és irodalom;közép;rendes;Nem;magyar;3;52;52;megjelent;29;0;12;9;0;2;52;-;-;-;-
2020;1;Szabolcs-Szatmár-Bereg;12;gimnázium;nő;nappali;magyar nyelv és irodalom;közép;rendes;Nem;magyar;5;85;85;megjelent;33;9;23;14;4;2;85;-;-;-;-
2020;1;Szabolcs-Szatmár-Bereg;12;gimnázium;férfi;nappali;magyar nyelv és irodalom;közép;rendes;Nem;magyar;4;71;71;megjelent;30;6;20;13;0;2;71;-;-;-;-
2020;1;Szabolcs-Szatmár-Bereg;12;gimnázium;férfi;nappali;magyar nyelv és irodalom;közép;rendes;Nem;magyar;5;83;83;megjelent;33;10;19;15;4;2;83;-;-;-;-
2020;1;Szabolcs-Szatmár-Bereg;12;gimnázium;nő;nappali;magyar nyelv és irodalom;közép;rendes;Nem;magyar;5;95;95;megjelent;37;10;23;15;8;2;95;-;-;-;-
2020;1;Szabolcs-Szatmár-Bereg;12;gimnázium;férfi;nappali;magyar nyelv és irodalom;közép;rendes;Nem;magyar;5;80;80;megjelent;36;10;14;11;7;2;80;-;-;-;-
2020;1;Szabolcs-Szatmár-Bereg;12;gimnázium;férfi;nappali;magyar nyelv és irodalom;közép;rendes;Nem;magyar;5;99;99;megjelent;39;10;25;15;8;2;99;-;-;-;-
2020;1;Szabolcs-Szatmár-Bereg;12;gimnázium;férfi;nappali;magyar nyelv és irodalom;közép;rendes;Nem;magyar;5;80;80;megjelent;35;8;14;13;8;2;80;-;-;-;-
2020;1;Szabolcs-Szatmár-Bereg;12;gimnázium;férfi;nappali;magyar nyelv és irodalom;közép;rendes;Nem;magyar;4;77;77;megjelent;34;8;17;11;5;2;77;-;-;-;-
2020;1;Szabolcs-Szatmár-Bereg;12;gimnázium;férfi;nappali;magyar nyelv és irodalom;közép;rendes;Nem;magyar;5;96;96;megjelent;37;10;25;14;8;2;96;-;-;-;-
2020;1;Szabolcs-Szatmár-Bereg;12;gimnázium;férfi;nappali;magyar nyelv és irodalom;közép;rendes;Nem;magyar;5;80;80;megjelent;37;9;19;13;1;1;80;-;-;-;-
2020;1;Szabolcs-Szatmár-Bereg;12;gimnázium;férfi;nappali;magyar nyelv és irodalom;közép;rendes;Nem;magyar;5;81;81;megjelent;33;9;14;15;8;2;81;-;-;-;-
2020;1;Szabolcs-Szatmár-Bereg;12;gimnázium;férfi;nappali;magyar nyelv és irodalom;közép;rendes;Nem;magyar;5;90;90;megjelent;37;9;21;14;7;2;90;-;-;-;-
2020;1;Szabolcs-Szatmár-Bereg;12;gimnázium;férfi;nappali;magyar nyelv és irodalom;közép;rendes;Nem;magyar;5;84;84;megjelent;35;9;20;13;5;2;84;-;-;-;-
2020;1;Szabolcs-Szatmár-Bereg;12;gimnázium;férfi;nappali;magyar nyelv és irodalom;közép;rendes;Nem;magyar;4;60;60;megjelent;30;8;10;10;0;2;60;-;-;-;-
2020;1;Szabolcs-Szatmár-Bereg;12;gimnázium;férfi;nappali;magyar nyelv és irodalom;közép;rendes;Nem;magyar;4;70;70;megjelent;31;9;18;10;0;2;70;-;-;-;-
2020;1;Szabolcs-Szatmár-Bereg;12;gimnázium;nő;nappali;magyar nyelv és irodalom;közép;rendes;Nem;magyar;5;96;96;megjelent;38;9;24;15;8;2;96;-;-;-;-
2020;1;Szabolcs-Szatmár-Bereg;12;gimnázium;nő;nappali;magyar nyelv és irodalom;közép;rendes;Nem;magyar;3;49;49;megjelent;27;7;5;4;4;2;49;-;-;-;-
2020;1;Szabolcs-Szatmár-Bereg;12;gimnázium;férfi;nappali;magyar nyelv és irodalom;közép;rendes;Nem;magyar;5;90;90;megjelent;37;10;25;15;2;1;90;-;-;-;-
2020;1;Szabolcs-Szatmár-Bereg;12;gimnázium;férfi;nappali;magyar nyelv és irodalom;közép;rendes;Nem;magyar;3;56;56;megjelent;28;9;10;8;0;1;56;-;-;-;-
2020;1;Szabolcs-Szatmár-Bereg;12;gimnázium;férfi;nappali;magyar nyelv és irodalom;közép;rendes;Igen;magyar;4;74;37;megjelent;-;-;-;-;-;-;-;17;9;11;37
2020;1;Szabolcs-Szatmár-Bereg;12;szakgimnázium/szakközépiskola (2016.09.01-től kifutó rendszerben);férfi;nappali;magyar nyelv és irodalom;közép;rendes;Nem;magyar;4;64;64;megjelent;29;9;16;10;0;0;64;-;-;-;-
2020;1;Szabolcs-Szatmár-Bereg;12;szakgimnázium/szakközépiskola (2016.09.01-től kifutó rendszerben);férfi;nappali;magyar nyelv és irodalom;közép;rendes;Nem;magyar;4;67;67;megjelent;20;6;21;14;5;1;67;-;-;-;-
2020;1;Szabolcs-Szatmár-Bereg;12;szakgimnázium/szakközépiskola (2016.09.01-től kifutó rendszerben);férfi;nappali;magyar nyelv és irodalom;közép;rendes;Nem;magyar;2;31;31;megjelent;18;5;3;5;0;0;31;-;-;-;-
2020;1;Szabolcs-Szatmár-Bereg;12;szakgimnázium/szakközépiskola (2016.09.01-től kifutó rendszerben);nő;nappali;magyar nyelv és irodalom;közép;rendes;Nem;magyar;2;37;37;megjelent;17;4;8;7;0;1;37;-;-;-;-
2020;1;Szabolcs-Szatmár-Bereg;12;szakgimnázium/szakközépiskola (2016.09.01-től kifutó rendszerben);férfi;nappali;magyar nyelv és irodalom;közép;rendes;Nem;magyar;3;55;55;megjelent;28;5;12;9;0;1;55;-;-;-;-
2020;1;Szabolcs-Szatmár-Bereg;12;szakgimnázium/szakközépiskola (2016.09.01-től kifutó rendszerben);férfi;nappali;magyar nyelv és irodalom;közép;rendes;Nem;magyar;2;29;29;megjelent;19;5;3;2;0;0;29;-;-;-;-
2020;1;Szabolcs-Szatmár-Bereg;12;szakgimnázium/szakközépiskola (2016.09.01-től kifutó rendszerben);férfi;nappali;magyar nyelv és irodalom;közép;rendes;Nem;magyar;3;55;55;megjelent;24;3;10;13;3;2;55;-;-;-;-
2020;1;Szabolcs-Szatmár-Bereg;12;szakgimnázium/szakközépiskola (2016.09.01-től kifutó rendszerben);nő;nappali;magyar nyelv és irodalom;közép;rendes;Nem;magyar;4;60;60;megjelent;26;6;16;10;0;2;60;-;-;-;-
2020;1;Szabolcs-Szatmár-Bereg;12;szakgimnázium/szakközépiskola (2016.09.01-től kifutó rendszerben);férfi;nappali;magyar nyelv és irodalom;közép;rendes;Nem;magyar;3;56;56;megjelent;32;0;14;10;0;0;56;-;-;-;-
2020;1;Szabolcs-Szatmár-Bereg;12;szakgimnázium/szakközépiskola (2016.09.01-től kifutó rendszerben);nő;nappali;magyar nyelv és irodalom;közép;rendes;Nem;magyar;3;41;41;megjelent;22;4;10;4;0;1;41;-;-;-;-
2020;1;Szabolcs-Szatmár-Bereg;12;gimnázium;férfi;nappali;magyar nyelv és irodalom;közép;rendes;Nem;magyar;4;62;62;megjelent;32;7;12;10;0;1;62;-;-;-;-
2020;1;Szabolcs-Szatmár-Bereg;12;gimnázium;férfi;nappali;magyar nyelv és irodalom;közép;rendes;Nem;magyar;3;40;40;megjelent;24;3;6;6;0;1;40;-;-;-;-
2020;1;Szabolcs-Szatmár-Bereg;12;szakgimnázium/szakközépiskola (2016.09.01-től kifutó rendszerben);nő;nappali;magyar nyelv és irodalom;közép;rendes;Nem;magyar;4;63;63;megjelent;29;8;14;10;0;2;63;-;-;-;-
2020;1;Szabolcs-Szatmár-Bereg;12;szakgimnázium/szakközépiskola (2016.09.01-től kifutó rendszerben);férfi;nappali;magyar nyelv és irodalom;közép;rendes;Nem;magyar;3;56;56;megjelent;30;8;9;7;0;2;56;-;-;-;-
2020;1;Szabolcs-Szatmár-Bereg;12;szakgimnázium/szakközépiskola (2016.09.01-től kifutó rendszerben);nő;nappali;magyar nyelv és irodalom;közép;rendes;Nem;magyar;2;35;35;megjelent;24;4;0;0;6;1;35;-;-;-;-
2020;1;Szabolcs-Szatmár-Bereg;12;szakgimnázium/szakközépiskola (2016.09.01-től kifutó rendszerben);nő;nappali;magyar nyelv és irodalom;közép;rendes;Nem;magyar;3;47;47;megjelent;21;5;12;8;0;1;47;-;-;-;-
2020;1;Szabolcs-Szatmár-Bereg;12;gimnázium;nő;nappali;magyar nyelv és irodalom;közép;rendes;Nem;magyar;2;33;33;megjelent;10;4;4;8;5;2;33;-;-;-;-
2020;1;Szabolcs-Szatmár-Bereg;12;gimnázium;nő;nappali;magyar nyelv és irodalom;közép;rendes;Nem;magyar;4;78;78;megjelent;32;8;16;12;8;2;78;-;-;-;-
2020;1;Szabolcs-Szatmár-Bereg;12;gimnázium;férfi;nappali;magyar nyelv és irodalom;közép;rendes;Nem;magyar;4;75;75;megjelent;35;8;16;14;1;1;75;-;-;-;-
2020;1;Szabolcs-Szatmár-Bereg;12;gimnázium;férfi;nappali;magyar nyelv és irodalom;közép;rendes;Igen;magyar;5;84;76;megjelent;35;8;22;11;0;0;76;-;-;-;-
2020;1;Szabolcs-Szatmár-Bereg;12;gimnázium;nő;nappali;magyar nyelv és irodalom;közép;rendes;Nem;magyar;5;86;86;megjelent;34;10;20;15;5;2;86;-;-;-;-
2020;1;Szabolcs-Szatmár-Bereg;12;gimnázium;férfi;nappali;magyar nyelv és irodalom;közép;rendes;Nem;magyar;4;61;61;megjelent;29;7;14;10;0;1;61;-;-;-;-
2020;1;Szabolcs-Szatmár-Bereg;12;gimnázium;férfi;nappali;magyar nyelv és irodalom;közép;rendes;Igen;magyar;5;82;74;megjelent;32;8;22;12;-;-;74;-;-;-;-
2020;1;Szabolcs-Szatmár-Bereg;12;gimnázium;férfi;nappali;magyar nyelv és irodalom;közép;rendes;Nem;magyar;5;80;80;megjelent;36;7;21;15;0;1;80;-;-;-;-
2020;1;Szabolcs-Szatmár-Bereg;12;szakgimnázium/szakközépiskola (2016.09.01-től kifutó rendszerben);nő;nappali;magyar nyelv és irodalom;közép;rendes;Nem;magyar;4;61;61;megjelent;24;6;18;11;0;2;61;-;-;-;-
2020;1;Szabolcs-Szatmár-Bereg;12;szakgimnázium/szakközépiskola (2016.09.01-től kifutó rendszerben);nő;nappali;magyar nyelv és irodalom;közép;rendes;Nem;magyar;3;51;51;megjelent;21;3;17;8;0;2;51;-;-;-;-
2020;1;Szabolcs-Szatmár-Bereg;12;szakgimnázium/szakközépiskola (2016.09.01-től kifutó rendszerben);nő;nappali;magyar nyelv és irodalom;közép;rendes;Nem;magyar;2;37;37;megjelent;17;5;7;7;0;1;37;-;-;-;-
2020;1;Szabolcs-Szatmár-Bereg;12;gimnázium;nő;nappali;magyar nyelv és irodalom;közép;rendes;Nem;magyar;5;88;88;megjelent;33;10;21;15;7;2;88;-;-;-;-
2020;1;Szabolcs-Szatmár-Bereg;12;szakgimnázium/szakközépiskola (2016.09.01-től kifutó rendszerben);nő;nappali;magyar nyelv és irodalom;közép;rendes;Nem;magyar;3;53;53;megjelent;26;5;12;8;0;2;53;-;-;-;-
2020;1;Szabolcs-Szatmár-Bereg;12;szakgimnázium/szakközépiskola (2016.09.01-től kifutó rendszerben);nő;nappali;magyar nyelv és irodalom;közép;rendes;Nem;magyar;3;55;55;megjelent;23;6;12;8;4;2;55;-;-;-;-
2020;1;Szabolcs-Szatmár-Bereg;12;gimnázium;férfi;nappali;magyar nyelv és irodalom;közép;rendes;Igen;magyar;5;87;79;megjelent;33;10;22;14;0;0;79;-;-;-;-
2020;1;Szabolcs-Szatmár-Bereg;12;szakgimnázium/szakközépiskola (2016.09.01-től kifutó rendszerben);nő;nappali;magyar nyelv és irodalom;közép;rendes;Nem;magyar;3;54;54;megjelent;26;4;13;9;0;2;54;-;-;-;-
2020;1;Szabolcs-Szatmár-Bereg;12;szakgimnázium/szakközépiskola (2016.09.01-től kifutó rendszerben);nő;nappali;magyar nyelv és irodalom;közép;rendes;Nem;magyar;3;50;50;megjelent;28;5;10;7;0;0;50;-;-;-;-
2020;1;Szabolcs-Szatmár-Bereg;12;gimnázium;férfi;nappali;magyar nyelv és irodalom;közép;rendes;Nem;magyar;5;82;82;megjelent;36;9;19;14;2;2;82;-;-;-;-
2020;1;Szabolcs-Szatmár-Bereg;12;szakgimnázium/szakközépiskola (2016.09.01-től kifutó rendszerben);nő;nappali;magyar nyelv és irodalom;közép;rendes;Nem;magyar;2;34;34;megjelent;17;5;5;5;0;2;34;-;-;-;-
2020;1;Szabolcs-Szatmár-Bereg;12;szakgimnázium/szakközépiskola (2016.09.01-től kifutó rendszerben);nő;nappali;magyar nyelv és irodalom;közép;rendes;Nem;magyar;3;42;42;megjelent;22;6;6;6;1;1;42;-;-;-;-
2020;1;Szabolcs-Szatmár-Bereg;12;gimnázium;férfi;nappali;magyar nyelv és irodalom;közép;rendes;Igen;magyar;5;92;46;megjelent;-;-;-;-;-;-;-;23;10;13;46
2020;1;Szabolcs-Szatmár-Bereg;12;szakgimnázium/szakközépiskola (2016.09.01-től kifutó rendszerben);nő;nappali;magyar nyelv és irodalom;közép;rendes;Nem;magyar;5;80;80;megjelent;31;8;18;13;8;2;80;-;-;-;-
2020;1;Szabolcs-Szatmár-Bereg;12;gimnázium;nő;nappali;magyar nyelv és irodalom;közép;rendes;Nem;magyar;5;91;91;megjelent;35;10;23;15;6;2;91;-;-;-;-
2020;1;Szabolcs-Szatmár-Bereg;12;gimnázium;nő;nappali;magyar nyelv és irodalom;közép;rendes;Nem;magyar;5;80;80;megjelent;34;9;21;14;0;2;80;-;-;-;-
2020;1;Szabolcs-Szatmár-Bereg;12;gimnázium;férfi;nappali;magyar nyelv és irodalom;közép;rendes;Nem;magyar;5;82;82;megjelent;34;10;16;14;6;2;82;-;-;-;-
2020;1;Szabolcs-Szatmár-Bereg;12;szakgimnázium/szakközépiskola (2016.09.01-től kifutó rendszerben);nő;nappali;magyar nyelv és irodalom;közép;rendes;Nem;magyar;3;47;47;megjelent;19;5;13;8;0;2;47;-;-;-;-
2020;1;Szabolcs-Szatmár-Bereg;12;szakgimnázium/szakközépiskola (2016.09.01-től kifutó rendszerben);nő;nappali;magyar nyelv és irodalom;közép;rendes;Nem;magyar;2;26;26;megjelent;11;5;5;5;0;0;26;-;-;-;-
2020;1;Szabolcs-Szatmár-Bereg;12;gimnázium;férfi;nappali;magyar nyelv és irodalom;közép;rendes;Nem;magyar;4;72;72;megjelent;35;7;18;10;0;2;72;-;-;-;-
2020;1;Szabolcs-Szatmár-Bereg;12;gimnázium;férfi;nappali;magyar nyelv és irodalom;közép;rendes;Nem;magyar;5;91;91;megjelent;35;9;24;15;6;2;91;-;-;-;-
2020;1;Szabolcs-Szatmár-Bereg;12;gimnázium;férfi;nappali;magyar nyelv és irodalom;közép;rendes;Nem;magyar;4;62;62;megjelent;30;6;14;9;1;2;62;-;-;-;-
2020;1;Szabolcs-Szatmár-Bereg;12;gimnázium;nő;nappali;magyar nyelv és irodalom;közép;rendes;Nem;magyar;3;45;45;megjelent;27;3;5;7;1;2;45;-;-;-;-
2020;1;Szabolcs-Szatmár-Bereg;12;gimnázium;férfi;nappali;magyar nyelv és irodalom;közép;rendes;Nem;magyar;4;76;76;megjelent;29;10;19;14;2;2;76;-;-;-;-
2020;1;Szabolcs-Szatmár-Bereg;12;gimnázium;férfi;nappali;magyar nyelv és irodalom;közép;rendes;Nem;magyar;4;77;77;megjelent;34;5;17;15;5;1;77;-;-;-;-
2020;1;Szabolcs-Szatmár-Bereg;12;gimnázium;férfi;nappali;magyar nyelv és irodalom;közép;rendes;Nem;magyar;5;81;81;megjelent;39;8;16;11;5;2;81;-;-;-;-
2020;1;Szabolcs-Szatmár-Bereg;12;gimnázium;nő;nappali;magyar nyelv és irodalom;közép;rendes;Nem;magyar;4;70;70;megjelent;33;5;16;11;3;2;70;-;-;-;-
2020;1;Szabolcs-Szatmár-Bereg;13;szakközép;férfi;nappali;magyar nyelv és irodalom;közép;rendes;Igen;magyar;3;56;28;megjelent;-;-;-;-;-;-;-;14;5;9;28
2020;1;Szabolcs-Szatmár-Bereg;12;gimnázium;nő;nappali;magyar nyelv és irodalom;közép;rendes;Nem;magyar;5;91;91;megjelent;35;10;24;15;5;2;91;-;-;-;-
2020;1;Szabolcs-Szatmár-Bereg;12;gimnázium;férfi;nappali;magyar nyelv és irodalom;közép;rendes;Nem;magyar;5;80;80;megjelent;32;9;22;15;1;1;80;-;-;-;-
2020;1;Szabolcs-Szatmár-Bereg;12;szakgimnázium/szakközépiskola (2016.09.01-től kifutó rendszerben);férfi;nappali;magyar nyelv és irodalom;közép;rendes;Nem;magyar;5;89;89;megjelent;38;10;21;14;5;1;89;-;-;-;-
2020;1;Szabolcs-Szatmár-Bereg;12;gimnázium;férfi;nappali;magyar nyelv és irodalom;közép;rendes;Nem;magyar;4;60;60;megjelent;30;6;13;9;0;2;60;-;-;-;-
2020;1;Szabolcs-Szatmár-Bereg;12;gimnázium;nő;nappali;magyar nyelv és irodalom;közép;rendes;Nem;magyar;5;81;81;megjelent;33;9;18;12;7;2;81;-;-;-;-
2020;1;Szabolcs-Szatmár-Bereg;12;gimnázium;férfi;nappali;magyar nyelv és irodalom;közép;rendes;Nem;magyar;4;68;68;megjelent;31;8;18;9;0;2;68;-;-;-;-
2020;1;Szabolcs-Szatmár-Bereg;12;gimnázium;nő;nappali;magyar nyelv és irodalom;közép;rendes;Nem;magyar;4;71;71;megjelent;34;9;10;10;6;2;71;-;-;-;-
2020;1;Szabolcs-Szatmár-Bereg;12;gimnázium;férfi;nappali;magyar nyelv és irodalom;közép;rendes;Nem;magyar;4;60;60;megjelent;28;6;15;10;0;1;60;-;-;-;-
2020;1;Szabolcs-Szatmár-Bereg;12;gimnázium;nő;nappali;magyar nyelv és irodalom;közép;rendes;Nem;magyar;4;73;73;megjelent;33;9;18;11;0;2;73;-;-;-;-
2020;1;Szabolcs-Szatmár-Bereg;12;gimnázium;férfi;nappali;magyar nyelv és irodalom;közép;rendes;Nem;magyar;3;52;52;megjelent;27;7;10;7;0;1;52;-;-;-;-
2020;1;Szabolcs-Szatmár-Bereg;12;gimnázium;férfi;nappali;magyar nyelv és irodalom;közép;rendes;Nem;magyar;4;62;62;megjelent;29;8;14;9;0;2;62;-;-;-;-
2020;1;Szabolcs-Szatmár-Bereg;12;gimnázium;férfi;nappali;magyar nyelv és irodalom;közép;rendes;Nem;magyar;4;64;64;megjelent;33;5;14;10;0;2;64;-;-;-;-
2020;1;Szabolcs-Szatmár-Bereg;12;gimnázium;férfi;nappali;magyar nyelv és irodalom;közép;rendes;Nem;magyar;3;45;45;megjelent;23;4;9;8;0;1;45;-;-;-;-
2020;1;Szabolcs-Szatmár-Bereg;12;gimnázium;nő;nappali;magyar nyelv és irodalom;közép;rendes;Nem;magyar;5;83;83;megjelent;35;9;20;14;3;2;83;-;-;-;-
2020;1;Szabolcs-Szatmár-Bereg;12;gimnázium;nő;nappali;magyar nyelv és irodalom;közép;rendes;Nem;magyar;5;81;81;megjelent;32;8;19;14;6;2;81;-;-;-;-
2020;1;Szabolcs-Szatmár-Bereg;12;gimnázium;nő;nappali;magyar nyelv és irodalom;közép;rendes;Nem;magyar;5;92;92;megjelent;39;10;23;14;4;2;92;-;-;-;-
2020;1;Szabolcs-Szatmár-Bereg;12;gimnázium;férfi;nappali;magyar nyelv és irodalom;közép;rendes;Nem;magyar;4;67;67;megjelent;31;9;15;10;0;2;67;-;-;-;-
2020;1;Szabolcs-Szatmár-Bereg;12;gimnázium;nő;nappali;magyar nyelv és irodalom;közép;rendes;Nem;magyar;5;83;83;megjelent;33;10;23;14;1;2;83;-;-;-;-
2020;1;Szabolcs-Szatmár-Bereg;12;szakgimnázium/szakközépiskola (2016.09.01-től kifutó rendszerben);férfi;nappali;magyar nyelv és irodalom;közép;rendes;Nem;magyar;2;28;28;megjelent;17;5;3;2;0;1;28;-;-;-;-
2020;1;Szabolcs-Szatmár-Bereg;12;gimnázium;férfi;nappali;magyar nyelv és irodalom;közép;rendes;Nem;magyar;3;57;57;megjelent;30;5;14;7;0;1;57;-;-;-;-
2020;1;Szabolcs-Szatmár-Bereg;12;gimnázium;nő;nappali;magyar nyelv és irodalom;közép;rendes;Nem;magyar;3;55;55;megjelent;33;6;6;8;0;2;55;-;-;-;-
2020;1;Szabolcs-Szatmár-Bereg;12;gimnázium;férfi;nappali;magyar nyelv és irodalom;közép;rendes;Nem;magyar;3;40;40;megjelent;24;4;5;6;0;1;40;-;-;-;-
2020;1;Szabolcs-Szatmár-Bereg;12;gimnázium;férfi;nappali;magyar nyelv és irodalom;közép;rendes;Nem;magyar;3;42;42;megjelent;31;5;2;3;0;1;42;-;-;-;-
2020;1;Szabolcs-Szatmár-Bereg;12;gimnázium;nő;nappali;magyar nyelv és irodalom;közép;rendes;Nem;magyar;4;62;62;megjelent;27;8;12;10;3;2;62;-;-;-;-
2020;1;Szabolcs-Szatmár-Bereg;12;gimnázium;férfi;nappali;magyar nyelv és irodalom;közép;rendes;Nem;magyar;4;70;70;megjelent;34;7;17;10;0;2;70;-;-;-;-
2020;1;Szabolcs-Szatmár-Bereg;12;gimnázium;férfi;nappali;magyar nyelv és irodalom;közép;rendes;Nem;magyar;3;46;46;megjelent;26;6;7;6;0;1;46;-;-;-;-
2020;1;Szabolcs-Szatmár-Bereg;12;gimnázium;férfi;nappali;magyar nyelv és irodalom;közép;rendes;Nem;magyar;3;56;56;megjelent;30;4;12;8;0;2;56;-;-;-;-
2020;1;Szabolcs-Szatmár-Bereg;12;gimnázium;férfi;nappali;magyar nyelv és irodalom;közép;rendes;Nem;magyar;4;65;65;megjelent;29;7;17;11;0;1;65;-;-;-;-
2020;1;Szabolcs-Szatmár-Bereg;12;gimnázium;férfi;nappali;magyar nyelv és irodalom;közép;rendes;Nem;magyar;3;46;46;megjelent;26;0;7;8;3;2;46;-;-;-;-
2020;1;Szabolcs-Szatmár-Bereg;12;gimnázium;nő;nappali;magyar nyelv és irodalom;közép;rendes;Nem;magyar;2;36;36;megjelent;23;0;4;5;2;2;36;-;-;-;-
2020;1;Szabolcs-Szatmár-Bereg;12;gimnázium;férfi;nappali;magyar nyelv és irodalom;közép;rendes;Nem;magyar;3;40;40;megjelent;26;5;4;4;0;1;40;-;-;-;-
2020;1;Szabolcs-Szatmár-Bereg;12;szakgimnázium/szakközépiskola (2016.09.01-től kifutó rendszerben);nő;nappali;magyar nyelv és irodalom;közép;rendes;Nem;magyar;4;63;63;megjelent;27;7;19;9;0;1;63;-;-;-;-
2020;1;Szabolcs-Szatmár-Bereg;12;szakgimnázium/szakközépiskola (2016.09.01-től kifutó rendszerben);nő;nappali;magyar nyelv és irodalom;közép;rendes;Nem;magyar;4;60;60;megjelent;25;8;14;8;3;2;60;-;-;-;-
2020;1;Szabolcs-Szatmár-Bereg;12;szakgimnázium/szakközépiskola (2016.09.01-től kifutó rendszerben);férfi;nappali;magyar nyelv és irodalom;közép;rendes;Nem;magyar;3;40;40;megjelent;22;4;6;4;2;2;40;-;-;-;-
2020;1;Szabolcs-Szatmár-Bereg;12;szakgimnázium/szakközépiskola (2016.09.01-től kifutó rendszerben);nő;nappali;magyar nyelv és irodalom;közép;rendes;Nem;magyar;3;40;40;megjelent;25;0;8;5;0;2;40;-;-;-;-
2020;1;Szabolcs-Szatmár-Bereg;12;szakgimnázium/szakközépiskola (2016.09.01-től kifutó rendszerben);nő;nappali;magyar nyelv és irodalom;közép;rendes;Nem;magyar;5;85;85;megjelent;30;8;25;13;7;2;85;-;-;-;-
2020;1;Szabolcs-Szatmár-Bereg;12;szakgimnázium/szakközépiskola (2016.09.01-től kifutó rendszerben);nő;nappali;magyar nyelv és irodalom;közép;rendes;Nem;magyar;3;57;57;megjelent;26;8;8;6;8;1;57;-;-;-;-
2020;1;Szabolcs-Szatmár-Bereg;12;szakgimnázium/szakközépiskola (2016.09.01-től kifutó rendszerben);nő;nappali;magyar nyelv és irodalom;közép;rendes;Igen;magyar;5;86;43;megjelent;-;-;-;-;-;-;-;23;7;13;43
2020;1;Szabolcs-Szatmár-Bereg;12;szakgimnázium/szakközépiskola (2016.09.01-től kifutó rendszerben);nő;nappali;magyar nyelv és irodalom;közép;rendes;Nem;magyar;2;36;36;megjelent;22;1;8;4;0;1;36;-;-;-;-
2020;1;Szabolcs-Szatmár-Bereg;12;szakgimnázium/szakközépiskola (2016.09.01-től kifutó rendszerben);nő;nappali;magyar nyelv és irodalom;közép;rendes;Igen;magyar;2;34;17;megjelent;-;-;-;-;-;-;-;8;4;5;17
2020;1;Szabolcs-Szatmár-Bereg;12;szakgimnázium/szakközépiskola (2016.09.01-től kifutó rendszerben);nő;nappali;magyar nyelv és irodalom;közép;rendes;Nem;magyar;2;27;27;megjelent;18;0;4;4;0;1;27;-;-;-;-
2020;1;Szabolcs-Szatmár-Bereg;12;szakgimnázium/szakközépiskola (2016.09.01-től kifutó rendszerben);nő;nappali;magyar nyelv és irodalom;közép;rendes;Nem;magyar;2;30;30;megjelent;15;5;5;4;0;1;30;-;-;-;-
2020;1;Szabolcs-Szatmár-Bereg;12;szakgimnázium/szakközépiskola (2016.09.01-től kifutó rendszerben);férfi;nappali;magyar nyelv és irodalom;közép;rendes;Nem;magyar;2;37;37;megjelent;30;0;4;3;0;0;37;-;-;-;-
2020;1;Szabolcs-Szatmár-Bereg;12;gimnázium;nő;nappali;magyar nyelv és irodalom;közép;rendes;Nem;magyar;5;80;80;megjelent;31;10;19;15;3;2;80;-;-;-;-
2020;1;Szabolcs-Szatmár-Bereg;12;szakgimnázium/szakközépiskola (2016.09.01-től kifutó rendszerben);férfi;nappali;magyar nyelv és irodalom;közép;rendes;Nem;magyar;4;68;68;megjelent;32;0;23;13;0;0;68;-;-;-;-
2020;1;Szabolcs-Szatmár-Bereg;12;gimnázium;férfi;nappali;magyar nyelv és irodalom;közép;rendes;Nem;magyar;5;90;90;megjelent;34;10;23;14;7;2;90;-;-;-;-
2020;1;Szabolcs-Szatmár-Bereg;12;szakgimnázium/szakközépiskola (2016.09.01-től kifutó rendszerben);nő;nappali;magyar nyelv és irodalom;közép;rendes;Nem;magyar;3;51;51;megjelent;27;3;9;10;0;2;51;-;-;-;-
2020;1;Szabolcs-Szatmár-Bereg;12;szakgimnázium/szakközépiskola (2016.09.01-től kifutó rendszerben);férfi;nappali;magyar nyelv és irodalom;közép;rendes;Nem;magyar;4;67;67;megjelent;30;7;18;10;0;2;67;-;-;-;-
2020;1;Szabolcs-Szatmár-Bereg;12;szakgimnázium/szakközépiskola (2016.09.01-től kifutó rendszerben);férfi;nappali;magyar nyelv és irodalom;közép;rendes;Nem;magyar;3;40;40;megjelent;23;7;5;5;0;0;40;-;-;-;-
2020;1;Szabolcs-Szatmár-Bereg;12;gimnázium;nő;nappali;magyar nyelv és irodalom;közép;rendes;Nem;magyar;5;82;82;megjelent;32;10;24;14;0;2;82;-;-;-;-
2020;1;Szabolcs-Szatmár-Bereg;12;szakgimnázium/szakközépiskola (2016.09.01-től kifutó rendszerben);nő;nappali;magyar nyelv és irodalom;közép;rendes;Nem;magyar;4;60;60;megjelent;27;9;12;8;2;2;60;-;-;-;-
2020;1;Szabolcs-Szatmár-Bereg;9;szakgimnázium/szakközépiskola (2016.09.01-től kifutó rendszerben);férfi;nappali;magyar nyelv és irodalom;közép;javító;Nem;magyar;2;25;25;megjelent;18;0;4;3;0;0;25;-;-;-;-
2020;1;Szabolcs-Szatmár-Bereg;12;gimnázium;férfi;nappali;magyar nyelv és irodalom;közép;rendes;Igen;magyar;4;62;56;megjelent;23;9;14;10;0;0;56;-;-;-;-
2020;1;Szabolcs-Szatmár-Bereg;12;gimnázium;férfi;nappali;magyar nyelv és irodalom;közép;rendes;Nem;magyar;4;62;62;megjelent;29;8;13;9;2;1;62;-;-;-;-
2020;1;Szabolcs-Szatmár-Bereg;12;szakgimnázium/szakközépiskola (2016.09.01-től kifutó rendszerben);férfi;nappali;magyar nyelv és irodalom;közép;rendes;Nem;magyar;3;56;56;megjelent;28;9;9;9;0;1;56;-;-;-;-
2020;1;Szabolcs-Szatmár-Bereg;12;gimnázium;férfi;nappali;magyar nyelv és irodalom;közép;rendes;Nem;magyar;2;29;29;megjelent;16;6;3;3;0;1;29;-;-;-;-
2020;1;Szabolcs-Szatmár-Bereg;12;szakgimnázium/szakközépiskola (2016.09.01-től kifutó rendszerben);férfi;nappali;magyar nyelv és irodalom;közép;rendes;Nem;magyar;2;30;30;megjelent;23;0;3;4;0;0;30;-;-;-;-
2020;1;Szabolcs-Szatmár-Bereg;13;szakközép;férfi;nappali;magyar nyelv és irodalom;közép;rendes;Nem;magyar;2;25;38;megjelent;10;0;2;1;0;0;13;12;6;7;25
2020;1;Szabolcs-Szatmár-Bereg;13;szakközép;nő;nappali;magyar nyelv és irodalom;közép;rendes;Nem;magyar;2;26;26;megjelent;18;0;4;3;0;1;26;-;-;-;-
2020;1;Szabolcs-Szatmár-Bereg;13;szakközép;nő;nappali;magyar nyelv és irodalom;közép;rendes;Nem;magyar;2;27;27;megjelent;13;0;9;4;0;1;27;-;-;-;-
2020;1;Szabolcs-Szatmár-Bereg;13;szakközép;nő;nappali;magyar nyelv és irodalom;közép;rendes;Nem;magyar;2;28;28;megjelent;19;3;3;2;0;1;28;-;-;-;-
2020;1;Szabolcs-Szatmár-Bereg;13;szakközép;férfi;nappali;magyar nyelv és irodalom;közép;rendes;Igen;magyar;3;56;28;megjelent;-;-;-;-;-;-;-;15;5;8;28
2020;1;Szabolcs-Szatmár-Bereg;13;szakközép;nő;nappali;magyar nyelv és irodalom;közép;rendes;Nem;magyar;2;29;29;megjelent;18;4;3;3;0;1;29;-;-;-;-
2020;1;Szabolcs-Szatmár-Bereg;13;szakközép;nő;nappali;magyar nyelv és irodalom;közép;rendes;Nem;magyar;3;40;40;megjelent;24;3;6;6;0;1;40;-;-;-;-
2020;1;Szabolcs-Szatmár-Bereg;12;gimnázium;férfi;nappali;magyar nyelv és irodalom;közép;rendes;Nem;magyar;4;61;61;megjelent;32;9;11;7;1;1;61;-;-;-;-
